0,1,2,3,4,5,6,7,8,9,10,11,12,13,14,15,16,17,18,19,20,21,22,23,24,25,26,27,28,29,30,31,32,33,34,35,36,37,38,39,40,41,42,43,44,45,46,47,48,49,50,51,52,53,54,55,56,57,58,59,60,61,62,63,64,65,66,67,68,69,70,71,72,73,74,75,76,77,78,79,80,81,82,83,84,85,86,87,88,89,90,91,92,93,94,95,96,97,98,99,100,101,102,103,104,105,106,107,108,109,110,111,112,113,114,115,116,117,118,119,120,121,122,123,124,125,126,127,128,129,130,131,132,133,134,135,136,137,138,139,140,141,142,143,144,145,146,147,148,149,150,151,152,153,154,155,156,157,158,159,160
1,0,3,6,0,5,1,1,0,5,9,9,2,4,8,9,2,0,8,1,0,3,0,2,2,4,5,4,6,2,5,5,2,5,5,4,6,1,1,5,2,2,1,2,7,8,2,2,5,1,3,2,5,9,4,6,9,5,5,4,8,1,3,2,6,1,2,3,2,3,6,1,9,7,4,7,2,8,6,6,7,1,1,1,7,4,2,5,8,5,6,9,1,0,2,5,8,8,7,8,9,4,4,1,1,2,4,4,9,3,9,9,3,8,6,2,6,7,7,3,3,5,6,4,4,7,6,8,0,9,7,6,9,9,1,8,5,2,6,8,8,5,2,6,3,1,7,8,5,1,3,0,7,9,0,8,5,1,6,4,2
2,7,0,7,7,7,9,6,7,2,8,1,1,5,4,1,4,1,1,8,7,4,3,6,7,1,6,8,3,4,7,6,1,3,5,9,1,1,6,4,6,2,6,5,4,2,1,1,3,8,6,2,5,5,3,3,2,7,0,3,8,8,0,1,2,5,7,2,0,4,5,1,8,8,5,5,6,1,6,8,3,8,6,8,5,7,6,8,2,4,7,5,2,3,7,8,2,2,3,7,1,1,8,3,2,5,3,1,0,2,8,3,3,7,4,7,1,1,3,7,9,9,6,1,8,2,8,4,8,4,1,0,3,8,8,4,6,0,5,4,8,8,8,1,6,1,1,5,1,0,7,0,1,2,1,6,9,8,3,0,2
3,2,9,0,1,2,7,7,2,8,8,7,5,6,0,6,4,8,6,8,4,3,7,8,8,9,3,7,0,1,1,5,0,5,4,9,2,0,8,5,7,6,2,9,2,3,2,1,1,9,0,7,0,1,1,0,6,4,1,8,6,2,4,9,9,7,5,4,1,3,7,6,5,4,1,7,8,2,6,8,4,1,4,5,1,5,6,6,6,8,7,9,9,1,2,8,0,1,0,7,3,6,4,4,4,2,1,6,3,8,7,2,5,6,8,3,6,3,4,9,3,5,6,6,5,4,6,8,3,1,4,6,2,2,1,3,8,8,4,4,4,8,3,4,9,2,2,4,1,1,2,6,6,7,4,2,4,7,9,9,7
4,7,2,3,0,1,6,7,6,1,5,4,7,3,1,1,4,2,6,2,3,8,6,8,5,4,2,8,7,7,6,3,4,1,1,0,0,2,1,3,4,4,2,6,5,9,7,8,7,3,7,1,7,4,4,2,1,5,3,7,7,5,3,4,3,5,5,7,2,7,4,3,6,8,1,8,7,5,5,5,6,6,6,3,2,5,1,6,2,1,8,5,3,7,3,5,6,3,3,8,7,6,4,8,0,9,7,7,1,4,9,2,4,0,1,5,1,5,2,3,4,2,8,3,5,2,6,4,7,3,6,1,3,6,1,0,1,4,5,1,5,2,4,4,9,6,5,8,0,5,1,8,2,0,7,6,8,7,1,8,6
5,9,9,6,1,0,5,2,1,5,6,8,5,2,3,9,2,6,8,7,6,8,7,1,7,4,4,7,1,8,3,3,0,3,3,8,2,8,8,1,0,9,8,0,3,5,4,3,6,2,0,2,4,7,6,7,1,2,7,6,8,3,4,6,7,5,0,3,7,5,1,3,3,6,4,1,7,3,6,3,6,8,8,6,3,6,4,4,1,2,8,7,6,1,1,1,3,3,6,3,3,7,4,3,0,2,6,7,7,3,3,4,7,3,4,9,4,8,7,0,2,2,4,8,1,6,6,8,1,4,8,5,1,9,0,6,6,8,8,1,2,6,9,9,7,6,7,5,9,6,9,8,8,7,9,0,5,4,8,8,8
6,4,6,7,0,7,0,7,5,3,4,7,0,8,8,4,3,5,0,7,2,4,3,9,4,6,7,1,5,2,3,1,8,2,6,7,0,8,1,0,5,1,7,2,3,1,3,6,9,0,5,3,2,5,7,1,5,9,5,0,5,4,7,2,2,8,2,1,2,2,1,4,5,5,3,0,4,1,4,5,6,4,5,0,6,4,7,3,3,8,4,3,0,7,9,5,6,7,3,3,5,8,8,4,9,4,7,2,2,6,1,1,2,0,2,0,2,8,0,5,3,5,3,6,1,4,6,9,1,2,8,7,1,6,6,3,8,4,7,9,4,9,4,2,6,1,2,5,3,2,3,8,5,5,5,4,6,2,9,1,4
7,0,3,8,9,1,3,0,7,8,9,6,7,5,1,6,9,7,7,9,4,8,9,6,6,5,2,6,5,9,8,1,6,5,4,6,4,2,5,3,4,5,7,9,8,7,2,8,8,8,6,9,6,8,9,8,3,8,7,7,3,0,8,5,4,1,7,7,4,5,7,3,2,2,2,3,6,1,8,5,2,8,8,3,1,7,7,6,7,1,9,3,5,1,6,9,6,7,4,4,4,0,2,1,4,6,4,1,2,3,5,5,1,5,5,5,2,1,8,9,1,7,5,3,1,0,4,4,3,9,6,6,4,2,1,9,8,5,4,0,2,3,8,5,4,1,2,4,3,2,8,4,0,6,4,3,1,5,8,3,3
8,4,3,2,2,0,1,2,0,0,5,1,5,8,1,3,3,1,6,4,4,7,8,3,5,7,0,3,8,2,7,8,8,1,4,4,6,0,9,9,6,5,4,7,8,4,3,3,8,6,2,7,5,9,9,5,9,7,7,5,6,7,8,4,8,8,2,6,1,1,7,8,3,2,8,1,8,2,1,9,6,6,8,6,5,7,0,1,3,8,7,6,4,6,3,4,3,5,6,2,6,2,1,1,1,8,5,4,6,3,8,8,9,1,2,2,0,1,4,1,2,5,4,4,5,8,7,8,2,6,6,1,4,4,5,0,4,2,4,4,8,6,3,8,7,3,2,2,2,2,1,4,5,7,8,8,0,2,2,5,5
9,1,2,9,2,8,7,6,5,0,5,4,0,2,5,1,3,6,5,6,6,8,5,4,2,5,2,6,7,3,8,8,1,5,1,6,8,4,7,9,2,5,2,7,8,7,1,6,7,8,3,8,9,3,9,5,1,1,2,4,6,5,8,3,0,8,3,6,1,3,1,0,4,7,5,7,2,8,0,6,7,3,8,7,4,8,1,1,2,7,4,1,2,5,2,2,3,6,7,8,3,0,6,1,6,7,4,6,1,2,4,4,8,0,3,7,3,0,5,2,9,6,7,8,5,5,2,4,4,5,8,8,8,8,9,1,5,3,6,6,4,6,3,1,6,2,0,9,8,8,4,5,2,6,3,8,3,1,4,2,9
10,2,1,9,8,3,5,6,7,3,0,6,7,4,2,2,5,4,3,7,7,5,1,7,2,3,9,9,9,7,9,4,3,0,8,8,9,8,3,5,9,3,6,6,2,0,8,9,1,6,4,2,1,1,5,8,3,0,7,3,2,1,2,4,7,1,6,4,3,1,2,8,1,2,0,2,6,4,5,7,5,8,9,7,9,4,5,2,1,4,2,8,8,8,1,2,7,7,4,8,0,3,2,1,2,3,5,8,3,4,7,6,1,5,3,6,8,5,8,4,5,7,6,6,4,0,8,5,7,1,5,3,1,6,2,3,4,6,4,5,1,8,2,7,1,2,6,4,2,8,2,7,5,9,8,8,0,6,8,1,9
11,3,6,3,1,8,3,0,6,4,2,0,1,8,4,3,8,5,4,8,2,5,0,8,2,6,0,3,6,6,5,5,1,1,5,8,7,4,6,6,7,5,2,6,6,4,6,4,4,8,7,4,6,3,6,4,8,1,0,9,6,6,7,0,1,5,8,7,3,3,3,7,4,1,7,2,1,6,9,3,4,7,7,8,6,2,3,3,7,3,5,4,6,7,1,1,4,5,5,3,8,2,5,9,2,6,9,5,8,3,2,2,0,7,4,3,0,6,8,3,7,5,8,4,1,1,7,4,2,8,4,7,1,8,6,3,6,3,1,7,6,7,6,5,2,9,2,0,4,0,2,1,8,5,4,3,8,8,2,8,5
12,1,5,1,1,6,5,4,2,2,7,7,0,4,1,1,2,8,7,8,3,2,7,2,1,1,5,3,6,6,9,4,1,2,6,2,2,1,2,3,0,5,3,4,1,7,1,6,3,4,2,4,9,2,5,8,8,3,4,7,2,6,8,8,5,4,5,2,6,4,5,6,5,2,2,2,3,1,8,2,0,5,2,6,4,5,0,4,8,6,2,4,2,2,2,1,3,5,2,0,6,1,3,0,1,0,7,6,1,2,5,5,1,3,7,3,0,8,4,7,7,9,6,4,2,7,4,5,0,6,1,0,1,6,3,6,4,2,8,4,8,3,8,8,2,5,2,7,2,1,6,6,2,5,3,7,3,3,5,1,8
13,4,8,8,4,1,8,4,1,7,7,4,6,0,5,1,4,8,6,8,2,2,2,3,1,6,9,5,4,4,3,5,6,9,1,0,0,6,8,1,8,5,5,3,4,3,2,6,0,8,5,4,2,1,7,1,6,1,6,9,2,1,1,1,1,3,4,8,1,0,6,9,4,9,6,5,4,9,8,5,2,4,6,7,3,1,4,5,8,3,2,1,7,9,5,2,6,0,4,2,2,7,4,3,2,7,3,0,6,7,7,9,7,1,6,4,1,0,4,8,6,5,9,6,3,5,3,7,2,3,8,6,2,8,6,8,3,4,1,5,2,7,8,0,2,8,1,9,1,6,1,3,2,3,8,1,8,5,7,2,8
14,4,0,4,3,4,0,4,7,5,3,3,5,8,0,7,1,4,7,2,7,0,5,2,5,2,5,5,7,3,3,4,5,8,8,9,7,8,5,0,8,3,6,8,2,3,8,5,3,0,1,4,1,0,6,4,2,9,7,8,3,7,5,4,6,9,1,1,1,2,6,5,4,1,2,2,3,4,3,8,9,6,0,5,5,8,2,1,8,5,0,7,2,5,7,4,3,3,5,7,2,6,4,8,2,2,1,7,2,5,6,1,8,9,4,7,5,6,6,6,6,8,8,1,5,1,5,6,0,7,1,7,9,7,4,8,1,5,1,1,9,1,9,4,2,8,3,1,2,2,5,0,4,7,4,1,1,2,1,6,4
15,6,3,8,8,5,5,0,5,3,8,4,4,1,6,0,1,8,5,2,1,2,9,1,2,5,3,8,0,3,4,8,7,6,3,7,2,9,8,6,3,2,9,7,1,8,8,2,0,5,2,1,8,5,4,6,8,6,7,4,7,3,4,2,4,7,5,9,3,1,9,1,3,6,4,0,0,3,7,9,1,7,0,4,8,6,8,3,2,2,3,9,8,5,8,8,8,7,8,7,8,4,0,0,8,4,5,7,5,0,9,3,3,4,4,6,8,4,7,9,6,5,4,4,7,9,4,5,5,3,8,2,3,1,9,6,0,8,6,9,9,2,4,4,7,1,8,6,3,0,5,3,5,8,3,2,2,4,7,0,8
16,9,3,6,4,7,7,8,1,6,8,4,4,5,5,5,0,6,3,5,2,4,9,4,6,1,6,8,2,6,3,9,2,5,5,3,6,9,5,7,1,5,4,0,1,3,8,7,2,2,4,9,8,6,3,7,2,4,3,2,7,1,2,3,8,2,1,1,5,4,4,7,4,3,4,3,5,3,5,1,2,2,2,3,3,2,1,1,5,3,8,8,7,3,5,7,5,4,0,9,5,9,0,8,9,8,6,9,8,5,8,1,3,9,4,7,3,8,7,8,4,6,5,9,8,0,4,2,2,9,3,2,0,2,7,5,0,8,2,8,8,6,9,1,7,3,6,7,6,6,4,3,1,6,5,0,1,9,6,0,9
17,8,0,3,0,3,5,0,6,1,3,8,4,5,9,1,7,0,2,4,9,6,7,9,8,7,4,9,0,9,6,3,2,6,7,0,7,0,7,8,8,7,9,5,1,1,2,3,7,3,4,2,6,6,6,7,9,1,8,7,2,1,2,6,9,8,2,5,4,5,7,6,9,5,7,6,1,7,6,6,4,9,9,8,6,9,4,9,9,8,1,3,6,4,1,5,2,4,5,1,1,6,1,1,2,6,1,4,3,7,2,6,3,9,0,6,8,4,4,3,2,1,1,7,1,1,2,4,1,3,2,8,3,0,2,4,7,1,6,2,8,9,2,2,5,0,4,5,7,5,7,7,9,2,3,5,9,6,4,8,6
18,2,7,3,7,5,7,9,8,3,6,2,6,5,1,8,4,3,0,7,4,5,7,1,8,3,7,8,1,5,2,2,3,8,9,2,3,3,3,1,9,2,6,3,6,5,3,8,8,6,8,1,7,7,5,6,6,1,4,1,5,4,2,5,8,0,2,5,9,9,5,1,8,6,4,4,5,9,8,6,7,7,8,5,5,7,2,2,2,8,7,4,8,2,1,4,3,2,3,4,1,8,1,1,2,0,6,9,2,5,7,8,3,2,6,0,8,7,6,0,7,8,2,3,8,5,1,5,7,8,1,5,5,6,1,0,3,1,8,8,7,1,7,1,6,4,3,4,4,3,3,3,9,9,4,8,2,4,5,1,8
19,4,9,2,7,4,3,2,4,3,1,3,7,5,8,9,5,3,1,0,4,5,0,8,6,4,2,5,4,3,1,9,7,1,5,2,6,6,3,8,1,2,5,0,3,6,9,6,4,6,3,6,6,8,4,7,7,4,7,5,7,6,2,1,6,5,8,8,7,3,7,6,1,4,1,8,4,5,3,4,9,8,2,6,9,5,1,5,5,2,5,4,3,6,2,0,0,2,5,7,8,8,7,1,4,5,3,5,8,2,1,6,3,6,2,6,3,9,8,9,6,3,7,2,6,4,1,2,3,2,9,1,9,3,0,6,2,6,3,8,6,9,5,3,3,7,5,1,2,8,8,2,1,8,6,2,8,6,5,0,4
20,5,1,3,2,1,9,1,7,2,6,7,5,7,6,9,4,0,3,3,0,8,6,6,2,3,6,3,5,2,1,9,7,7,3,4,7,2,1,8,2,8,5,7,6,8,2,1,2,1,7,2,7,4,3,2,9,7,0,4,5,4,8,2,8,6,7,8,7,4,7,5,3,0,5,1,2,2,4,7,8,1,8,1,2,4,0,0,5,1,5,8,9,7,8,2,2,7,2,7,2,6,8,4,4,8,7,6,4,4,8,8,5,3,5,6,5,6,5,5,2,7,6,1,3,2,4,8,6,8,0,2,6,3,0,2,4,1,8,7,7,6,2,1,5,7,8,1,7,4,7,5,8,4,5,4,2,5,2,6,6
21,2,4,6,7,3,4,1,6,4,1,1,3,8,2,6,5,2,6,2,5,0,5,3,9,2,2,8,6,8,9,0,3,7,6,9,8,6,4,4,6,2,6,3,2,2,9,6,7,3,2,3,2,7,4,4,3,1,2,2,9,6,8,1,2,4,1,4,8,6,1,1,3,1,5,0,3,4,1,1,8,5,4,3,6,7,2,0,9,1,1,6,1,8,8,7,4,1,8,4,8,2,7,1,2,3,1,8,4,2,0,9,4,3,5,0,6,5,8,4,5,4,5,6,2,4,1,7,7,1,7,9,1,2,4,4,3,8,2,2,0,8,0,8,6,6,1,9,3,7,4,2,3,5,5,8,8,5,7,0,4
22,7,5,1,6,7,4,0,9,8,7,1,7,5,6,9,0,1,7,1,2,9,0,5,3,5,2,8,5,8,2,1,4,5,8,9,1,5,3,7,5,7,1,9,6,3,6,8,7,8,1,7,0,6,2,0,5,6,4,8,0,2,5,6,0,1,7,4,2,4,1,1,8,5,8,6,7,6,4,6,8,7,6,6,0,2,9,3,0,2,6,3,3,7,3,6,8,8,0,5,8,9,7,5,9,2,6,1,5,1,9,1,6,7,2,8,6,4,1,8,0,1,1,6,7,2,3,6,3,8,4,3,0,2,9,7,2,6,4,6,2,6,7,4,1,7,2,9,8,5,2,3,3,1,9,1,0,1,8,8,3
23,0,7,7,5,6,7,6,4,6,6,1,5,2,5,1,1,0,9,1,5,9,8,0,2,9,2,8,4,4,9,7,0,6,1,1,0,7,0,8,3,5,5,7,6,3,5,6,8,1,5,6,1,3,1,4,6,1,7,9,4,0,9,1,8,7,7,1,9,1,8,0,3,6,8,9,6,1,5,6,4,6,6,5,6,6,3,8,5,7,8,8,1,6,3,5,8,5,1,0,6,4,2,6,0,8,2,5,3,7,2,5,1,8,8,2,8,3,7,6,4,1,5,1,3,7,1,4,5,6,3,7,1,7,9,4,0,3,7,7,7,5,3,6,1,1,4,6,8,2,4,8,3,8,9,7,2,2,4,6,7
24,3,5,7,7,6,1,7,5,8,4,1,2,6,3,1,8,3,5,3,2,5,1,4,0,0,2,4,8,2,6,8,4,2,8,1,2,7,1,1,5,4,6,5,4,2,6,6,3,7,3,7,7,7,2,1,8,3,3,0,7,2,7,2,5,8,7,7,2,8,8,0,4,7,1,5,7,3,9,6,5,7,3,5,7,5,0,0,6,5,1,4,0,6,1,5,8,3,8,6,5,4,4,6,8,1,8,7,0,7,3,6,7,9,8,6,2,0,3,0,3,3,7,9,0,1,4,2,7,1,6,8,5,5,6,7,2,5,5,9,9,6,2,5,6,4,1,9,3,7,5,5,8,4,2,7,3,2,5,3,6
25,2,7,2,5,7,2,3,6,3,6,4,8,7,8,8,5,6,2,6,6,8,4,7,5,0,7,8,5,7,4,7,1,1,4,0,8,4,4,2,2,8,1,5,6,1,2,1,5,9,3,1,2,8,3,6,0,2,3,6,0,0,7,8,9,1,7,5,2,7,6,1,3,2,4,5,4,1,8,6,2,7,5,8,1,0,1,4,6,6,5,8,0,3,5,4,8,2,7,5,9,8,8,4,6,8,8,7,2,4,5,7,1,3,4,2,1,3,6,9,5,4,5,4,2,6,8,2,7,1,6,1,8,6,9,9,0,2,0,4,5,3,8,4,9,0,8,0,6,7,8,8,8,6,5,8,5,5,5,7,8
26,9,3,2,0,3,0,7,1,4,7,4,6,6,6,9,2,3,5,9,6,2,1,8,4,8,0,4,1,5,0,9,8,7,6,5,4,8,8,4,6,4,1,6,5,1,5,8,9,9,5,2,3,2,6,7,2,5,5,6,7,7,4,8,4,3,1,3,2,9,3,5,1,1,9,1,2,3,9,4,0,2,3,5,8,4,3,4,8,3,7,4,2,2,5,1,5,3,6,5,5,3,3,7,6,3,9,8,1,7,8,1,0,2,0,3,7,7,5,2,2,6,3,7,9,6,8,0,0,5,7,7,5,8,4,3,8,8,6,5,5,6,5,5,5,5,3,3,7,6,5,0,2,6,5,2,7,8,8,7,7
27,0,5,7,3,6,7,2,2,5,3,4,8,4,7,8,1,1,6,3,5,0,4,1,5,4,5,0,8,2,5,6,5,7,3,5,8,5,1,7,4,2,4,5,6,3,3,4,3,9,5,5,6,2,3,5,1,8,6,7,1,1,4,2,2,6,2,6,8,2,2,4,8,3,0,7,2,4,7,5,4,6,1,4,8,1,7,3,3,7,3,0,1,8,2,9,8,9,7,6,3,5,6,1,5,5,7,7,6,6,8,7,3,1,1,1,2,5,4,6,7,5,1,6,7,6,2,5,6,8,7,4,9,8,7,4,1,6,4,6,1,8,3,7,7,4,8,9,6,6,2,2,7,6,7,1,7,8,7,1,9
28,1,9,7,5,4,1,5,4,5,5,6,1,6,4,1,8,8,6,8,7,7,5,9,2,6,7,3,0,0,2,3,2,5,5,8,9,7,2,4,8,4,5,3,7,2,4,7,8,5,2,8,8,6,6,4,0,5,1,4,4,5,8,0,8,8,6,1,4,7,3,5,5,5,8,7,8,8,4,6,5,3,0,8,2,3,7,6,5,5,7,7,3,3,1,1,6,9,8,3,7,2,8,1,0,2,8,4,0,4,6,2,2,5,1,2,3,8,2,1,7,1,5,8,3,5,6,7,1,7,2,1,3,5,8,4,3,9,9,3,5,3,2,0,9,1,7,4,1,9,1,7,5,7,4,8,7,6,3,2,6
29,1,9,3,8,6,7,1,0,5,1,6,5,5,1,4,3,9,1,2,5,3,6,3,4,1,0,7,2,0,0,1,3,3,7,2,3,4,5,2,8,5,8,4,1,7,3,7,7,1,3,3,5,7,0,5,1,6,6,4,6,8,7,7,6,1,1,6,7,1,9,5,4,8,2,7,2,4,6,4,2,9,8,3,5,7,8,7,8,6,1,1,8,1,7,8,7,5,5,8,6,3,1,7,9,7,1,1,0,1,5,6,4,7,8,7,2,3,5,5,5,6,1,8,4,6,6,7,5,6,8,6,9,3,1,6,7,6,7,1,4,1,7,2,7,5,8,7,5,4,8,4,8,6,7,6,6,5,1,4,3
30,5,7,3,5,2,8,1,3,2,6,1,3,3,4,6,9,8,5,2,0,1,5,0,0,9,3,3,2,3,0,5,3,2,2,7,4,6,9,6,6,7,4,0,3,2,5,4,4,4,5,4,5,5,2,8,1,7,8,4,7,3,6,2,1,1,3,1,6,6,8,2,1,8,3,6,3,9,4,2,5,4,2,3,8,8,2,8,4,6,7,0,5,3,7,1,7,7,2,2,8,9,0,8,8,9,2,7,8,6,8,7,7,8,3,4,2,6,6,1,4,5,1,3,8,9,0,4,5,4,4,1,6,6,7,6,5,5,5,4,9,8,9,6,7,1,0,5,9,3,5,4,2,8,5,8,4,8,8,6,2
31,8,8,6,1,6,7,4,4,7,6,3,2,6,5,6,2,7,7,5,9,3,8,8,2,8,3,4,9,7,1,0,1,4,8,6,7,9,7,3,3,9,9,8,6,6,9,3,8,2,6,5,6,5,2,6,3,6,4,4,0,1,3,8,5,2,0,2,3,0,3,2,9,6,8,5,4,1,9,7,7,4,6,2,1,7,0,7,8,8,6,6,9,1,3,8,0,4,6,7,8,8,4,8,4,3,0,9,1,4,3,0,1,1,5,3,8,7,6,7,3,4,8,8,8,3,2,4,4,4,5,6,4,8,7,6,1,7,6,2,4,5,1,6,5,3,7,0,1,5,4,1,3,3,7,1,4,2,0,3,6
32,7,6,8,6,6,3,4,1,6,4,6,5,4,4,4,1,8,7,8,0,3,8,7,2,9,1,8,9,7,2,5,0,1,2,4,7,6,0,1,3,1,3,9,5,9,8,5,8,3,6,8,4,1,6,8,5,4,5,2,6,6,6,8,1,3,4,4,4,1,0,9,4,6,7,9,9,9,9,8,9,8,5,9,3,9,4,3,7,8,5,7,2,9,2,2,2,6,3,8,0,4,4,8,7,7,0,5,5,1,5,6,1,4,3,6,1,8,8,4,6,8,8,9,7,7,2,5,4,0,8,4,4,8,5,2,9,4,7,9,3,3,3,3,8,5,4,4,3,5,2,5,2,7,3,7,6,5,8,2,6
33,5,6,9,3,4,7,4,4,5,4,2,3,1,5,5,8,4,5,3,2,7,5,7,3,5,9,8,5,5,8,1,1,0,1,7,1,7,3,8,5,3,2,9,8,3,2,5,3,9,4,5,3,7,1,8,7,2,8,3,8,1,7,3,1,5,8,7,7,6,4,6,0,9,1,8,3,4,3,4,4,3,2,7,9,2,2,9,3,1,4,1,8,2,7,1,2,3,6,5,2,4,4,1,5,6,7,7,7,6,9,4,9,4,8,4,7,6,1,4,3,1,2,4,4,6,4,9,6,2,1,2,4,6,0,2,7,5,5,0,6,8,2,7,6,3,7,0,7,9,6,2,4,8,9,8,6,7,8,0,1
34,0,8,5,0,7,6,1,1,2,2,0,3,6,7,0,1,2,6,2,4,4,1,6,1,7,4,4,9,8,1,8,8,3,0,5,5,6,2,9,5,7,5,2,1,1,8,1,6,1,9,6,1,7,1,6,2,5,2,5,0,4,5,5,4,6,0,4,8,8,2,5,2,2,1,8,6,5,2,3,8,6,8,9,2,3,0,7,1,3,6,4,6,9,7,6,5,2,8,2,0,3,5,6,7,6,1,6,6,4,9,1,3,0,7,6,3,8,5,0,8,8,4,3,4,8,1,8,4,5,4,1,6,0,5,5,5,4,9,8,1,2,7,3,8,5,6,3,7,7,3,9,1,9,3,7,4,2,6,5,4
35,1,9,4,4,1,9,6,2,3,4,1,6,5,6,2,8,1,4,0,9,8,4,3,5,1,0,5,3,8,8,9,9,1,5,0,8,2,5,5,4,1,8,6,4,1,6,2,3,9,9,8,5,1,6,3,5,7,8,0,3,2,7,5,3,3,9,8,0,5,1,7,5,1,1,4,1,4,4,5,0,7,6,5,0,7,4,2,4,8,0,9,3,1,7,7,4,2,4,2,8,4,8,0,6,5,0,9,5,6,5,8,9,7,5,6,2,7,7,1,8,4,6,9,1,7,5,3,8,8,8,8,1,0,9,6,7,6,3,2,7,5,7,8,8,0,7,1,5,1,3,8,9,0,4,7,7,3,4,0,1
36,6,1,6,5,6,5,8,7,4,3,1,9,7,4,6,8,1,2,3,0,8,1,4,5,3,2,3,5,8,1,2,2,2,6,2,0,7,7,2,6,1,1,0,1,8,1,7,7,3,3,9,2,1,8,4,2,8,1,6,8,5,8,8,0,8,2,3,7,6,1,8,2,7,7,7,3,9,2,7,8,4,4,6,4,3,8,8,9,6,4,1,0,5,9,1,8,7,8,9,8,7,6,1,6,0,8,7,7,5,2,6,8,5,7,6,8,6,6,7,2,3,3,3,7,4,9,3,2,5,5,1,4,9,1,8,6,6,4,4,4,7,7,5,2,0,2,4,6,9,0,4,7,4,5,1,0,1,6,9,8
37,1,8,7,5,1,7,6,8,5,5,2,4,5,4,5,2,3,6,8,6,2,1,4,5,3,3,4,2,2,7,7,2,1,1,6,9,0,5,9,1,5,5,2,6,0,4,4,6,8,3,3,1,8,9,0,5,1,1,0,3,0,5,0,6,6,1,3,5,5,4,7,1,1,5,8,5,6,6,3,7,6,8,8,0,9,5,2,1,3,9,7,5,8,5,8,1,7,9,9,4,9,2,8,7,7,8,7,3,4,4,4,7,5,1,5,4,5,5,5,4,6,8,8,3,0,2,9,8,4,5,6,7,2,5,6,6,5,2,6,5,8,7,2,8,8,8,9,6,1,2,4,0,1,2,1,8,7,3,4,0
38,8,6,7,7,3,7,1,6,2,4,2,4,3,3,3,9,8,7,1,5,3,6,5,5,3,6,9,7,4,4,6,7,2,7,8,4,5,0,7,8,3,5,5,8,0,5,5,2,2,6,8,3,6,6,5,6,2,6,8,4,2,6,6,9,5,2,1,8,5,1,6,2,3,0,3,7,1,3,7,3,8,6,4,0,4,6,5,1,2,2,5,0,1,1,3,8,7,4,2,9,4,5,5,1,9,5,6,0,5,0,2,7,2,4,2,2,5,2,1,7,6,6,6,6,2,7,6,2,1,1,7,6,8,5,5,1,6,5,2,8,5,9,0,6,5,1,3,5,0,3,6,3,3,7,5,1,3,1,6,3
39,7,4,4,3,5,1,3,8,9,8,5,3,3,4,0,9,2,6,4,4,8,8,4,8,2,1,9,4,2,2,8,3,7,2,6,6,2,1,0,6,1,4,7,8,3,3,1,4,7,0,2,0,5,7,8,2,4,1,7,0,0,5,2,5,1,7,3,4,1,4,5,7,3,3,0,8,5,5,8,5,4,4,5,9,9,6,9,1,5,9,5,4,4,5,6,4,3,6,9,5,5,4,9,2,6,4,2,9,4,4,1,0,9,0,3,8,1,2,7,2,7,4,7,7,6,1,6,2,3,8,5,8,1,8,8,0,0,7,8,6,8,5,2,6,8,4,6,5,3,0,4,3,3,1,5,3,4,7,6,8
40,6,2,5,1,3,6,0,1,6,8,7,9,4,4,0,3,4,3,8,7,1,5,2,4,3,9,8,8,2,4,9,6,2,1,2,4,8,0,4,0,3,6,5,0,4,8,3,1,8,3,8,6,5,8,1,8,1,5,4,4,3,1,3,0,1,7,8,8,0,9,3,5,6,4,4,4,9,9,1,7,7,4,3,5,7,9,7,7,5,2,6,2,1,2,3,3,8,6,0,6,8,7,5,2,6,1,4,1,2,5,5,5,1,3,4,2,3,4,6,4,7,4,5,2,7,5,0,6,2,6,5,7,3,5,3,2,2,3,3,3,7,1,1,0,6,6,6,4,8,3,3,6,4,8,2,4,5,0,1,3
41,7,3,1,5,3,1,1,3,6,5,6,6,6,6,4,4,8,7,7,0,1,1,7,6,1,6,7,2,2,8,2,2,4,3,2,4,8,5,5,8,0,2,4,1,4,7,8,6,7,6,5,9,2,9,6,4,7,6,6,6,5,5,4,0,7,9,0,3,1,4,7,7,6,1,6,6,4,0,1,6,1,4,4,6,5,8,6,9,8,4,0,9,8,7,6,8,0,2,3,5,1,4,7,4,1,4,5,2,3,3,2,0,9,9,2,3,2,1,8,1,2,1,6,6,7,5,9,3,0,1,5,1,2,4,7,5,2,6,8,8,8,1,3,5,1,4,9,5,7,4,7,5,5,1,6,8,4,1,2,4
42,3,7,6,1,5,8,5,6,4,8,2,7,7,7,1,4,6,0,7,5,8,1,8,4,2,1,4,2,1,7,7,1,8,1,7,1,4,5,4,1,7,0,3,9,8,9,6,2,0,5,7,0,1,1,2,1,7,5,6,8,7,8,6,5,2,8,5,5,6,3,5,8,8,2,3,9,7,9,7,6,4,8,4,7,0,9,6,4,3,3,2,4,7,3,4,6,4,9,1,5,4,5,1,6,6,4,9,8,4,2,3,9,4,3,8,4,4,4,8,5,2,4,7,3,4,1,4,3,2,2,6,6,7,8,1,9,6,9,5,0,5,4,2,5,9,3,4,1,8,1,6,6,9,8,3,0,1,9,9,7
43,3,1,2,5,4,1,7,4,4,4,0,3,2,1,4,4,5,1,0,3,2,6,3,1,2,8,5,3,0,1,3,8,4,5,9,5,7,9,5,7,3,7,0,0,9,4,3,7,5,9,6,2,3,9,2,2,1,2,4,4,3,6,3,9,5,9,5,5,3,9,4,7,2,1,8,4,7,7,0,6,7,2,6,5,4,0,2,9,3,4,4,5,2,7,6,0,8,6,2,3,8,6,4,8,5,6,5,6,6,5,2,2,5,7,8,3,3,1,8,2,7,6,3,7,0,3,4,8,4,5,5,8,1,2,7,6,8,1,5,2,3,2,2,7,5,8,9,6,1,8,0,5,8,1,8,0,0,6,7,3
44,4,8,9,7,2,7,4,8,2,8,5,1,3,4,2,0,6,7,4,4,0,6,4,6,5,9,2,1,9,1,9,2,9,5,7,9,5,4,4,1,3,6,5,0,3,3,5,1,7,7,8,8,1,4,6,5,7,3,2,4,7,8,2,7,5,7,3,7,3,1,8,4,3,7,1,6,6,2,5,7,7,9,7,2,1,2,1,1,8,5,6,3,5,9,2,1,3,1,7,7,8,5,3,0,1,2,1,9,6,8,6,0,0,8,8,1,3,2,0,6,8,2,9,3,3,3,1,7,7,8,7,1,2,5,9,4,5,2,5,6,8,9,7,3,2,4,7,6,5,3,8,5,8,9,8,1,5,3,1,4
45,1,9,0,7,5,2,6,5,8,6,5,2,2,1,3,8,3,0,7,1,1,8,6,9,5,6,3,3,2,1,5,6,3,5,7,8,8,0,3,6,5,0,6,6,0,8,0,2,9,3,6,1,9,1,8,6,2,1,1,3,4,5,4,1,8,4,5,7,1,5,4,7,3,3,5,3,1,6,1,0,2,4,4,7,4,8,3,1,1,7,4,3,3,7,3,8,4,1,5,7,9,7,4,4,7,4,8,8,6,0,6,5,7,7,8,8,9,3,1,7,3,9,8,3,7,5,8,4,1,4,4,6,2,5,7,4,2,7,5,4,3,8,6,8,1,6,2,7,9,1,6,3,8,9,2,1,2,7,8,1
46,4,4,2,7,4,1,3,0,1,4,2,1,8,4,3,2,0,5,6,5,5,1,3,7,9,0,8,2,1,9,4,0,9,2,6,2,3,6,8,1,5,2,1,9,0,0,7,8,8,2,0,2,4,8,4,3,6,4,5,1,6,5,6,8,2,4,0,1,4,2,6,4,6,2,2,4,6,5,7,3,8,0,5,0,7,6,6,8,3,2,7,1,2,0,2,4,8,7,8,5,2,7,2,6,1,2,9,8,1,7,7,3,5,1,4,6,1,1,5,8,1,3,1,8,8,1,7,7,2,3,0,6,3,1,7,5,0,1,0,1,7,4,2,3,5,1,6,7,2,7,2,5,0,1,8,6,5,8,2,5
47,8,2,5,8,4,6,7,0,3,3,2,5,8,9,1,7,5,7,1,5,8,7,6,7,8,6,4,4,0,7,2,7,3,8,1,4,5,9,4,8,6,0,4,2,7,2,0,9,0,8,1,8,5,8,6,3,2,1,2,5,8,5,5,6,3,6,7,7,3,2,6,7,1,5,1,5,2,1,5,3,1,0,2,2,8,8,1,2,1,6,2,3,5,9,5,6,2,2,7,6,5,4,8,3,3,5,2,4,6,7,6,1,1,8,2,7,9,6,6,1,0,1,6,3,0,2,4,3,3,1,4,2,2,9,8,3,2,4,3,2,2,6,6,6,1,4,4,3,2,7,5,5,2,5,1,1,8,1,6,5
48,1,3,9,0,6,8,2,6,1,6,4,3,7,1,1,7,4,2,8,1,8,7,7,3,2,0,6,6,4,6,8,3,9,5,6,2,3,2,0,6,0,1,4,9,5,3,4,0,8,6,7,2,3,3,4,5,8,6,9,8,6,3,6,8,2,7,8,6,3,6,6,4,7,9,4,7,2,5,2,8,8,6,6,3,1,9,4,7,2,7,8,6,4,1,2,5,6,4,9,3,2,2,0,6,8,7,2,1,0,7,2,6,3,4,3,8,3,6,4,2,1,4,9,7,5,7,7,6,5,7,9,2,6,5,9,5,5,3,8,3,8,3,4,4,2,3,5,8,2,1,2,6,3,9,2,7,2,6,6,5
49,0,4,6,3,4,4,2,6,2,6,5,2,8,6,1,2,3,6,9,1,2,2,1,5,7,3,4,8,4,1,4,8,8,0,3,0,6,7,5,2,1,3,8,7,0,7,9,3,0,0,8,2,3,2,2,2,4,5,7,5,3,3,8,6,6,7,2,7,4,8,6,6,5,8,2,3,8,6,6,7,4,7,3,8,8,6,5,5,7,6,2,1,9,3,7,3,5,3,5,8,7,6,5,2,1,9,2,6,6,4,1,5,4,0,8,4,5,3,2,9,3,5,5,4,2,3,9,3,3,4,6,6,4,6,4,6,3,1,4,8,5,3,1,4,7,2,2,5,5,3,6,2,2,1,9,6,1,1,6,5
50,4,1,3,5,3,2,1,5,8,5,6,5,3,6,6,4,6,3,1,5,3,7,4,1,1,1,3,5,5,1,4,2,8,1,3,1,9,5,6,0,6,7,3,4,2,1,8,8,3,0,2,3,0,4,4,6,9,1,2,2,4,0,7,8,8,3,3,4,8,4,3,4,2,7,1,8,6,8,8,7,4,6,3,5,1,4,5,4,9,7,1,2,8,7,3,5,2,6,5,2,5,6,9,9,7,4,9,4,8,2,2,7,1,6,1,6,1,2,5,3,6,8,3,1,6,6,7,8,3,3,3,2,2,3,5,0,8,2,5,2,4,8,6,3,1,3,4,7,7,5,1,1,2,1,1,6,3,6,4,3
51,8,5,5,3,1,4,1,8,9,1,1,4,8,4,4,4,2,3,3,6,4,2,3,2,4,6,7,8,6,2,3,1,6,1,1,3,6,7,3,4,0,6,5,4,0,3,1,6,1,4,0,9,2,1,0,0,1,8,0,4,4,6,8,8,6,6,8,1,4,2,0,6,3,7,6,8,3,0,2,8,2,4,4,7,2,4,2,3,5,7,2,1,5,5,6,6,7,2,2,1,4,3,4,1,7,5,3,2,1,0,6,1,1,9,6,8,8,1,1,6,4,7,2,3,4,8,2,8,7,1,7,2,1,2,4,2,7,8,1,1,6,7,6,7,3,9,2,4,1,4,4,3,1,6,7,5,1,7,4,1
52,9,5,7,3,7,1,5,1,0,6,1,6,6,6,8,7,3,3,0,1,0,4,6,2,1,8,0,8,7,0,3,3,5,2,5,5,2,0,5,2,7,8,6,5,2,4,4,1,7,8,1,0,1,9,8,4,2,7,4,6,4,5,8,1,2,2,7,5,8,1,3,7,9,3,5,6,4,1,4,7,0,4,1,6,7,5,6,1,3,4,2,6,1,1,4,0,3,5,0,9,5,7,2,8,8,2,3,9,6,3,8,5,4,0,6,3,7,3,5,6,7,0,3,1,6,7,8,1,2,0,4,5,4,9,1,1,0,9,3,1,2,4,7,4,0,5,6,4,6,9,6,7,6,3,5,9,9,5,9,6
53,4,5,1,2,2,8,5,8,5,1,3,1,2,1,1,7,2,8,7,1,1,3,7,5,7,4,5,7,5,4,3,4,5,7,6,3,3,6,5,0,5,6,5,9,6,4,3,5,7,5,1,8,0,2,1,8,3,3,3,1,1,4,5,3,4,0,8,8,1,4,8,3,2,9,3,2,7,4,8,4,6,9,0,3,9,2,2,1,5,8,3,0,3,5,8,8,4,6,4,8,8,4,3,4,2,9,7,9,4,2,5,0,6,0,9,2,7,4,3,6,2,4,1,1,2,4,7,4,4,8,8,3,3,4,5,4,7,6,2,9,1,6,2,9,7,9,0,4,9,5,1,2,5,1,6,5,9,1,3,2
54,0,5,7,1,8,1,3,5,6,7,0,4,0,3,5,0,4,6,9,3,7,2,0,4,0,7,6,1,2,4,8,3,0,8,2,7,1,5,3,8,1,4,7,5,7,3,2,8,7,6,4,7,5,0,9,1,1,3,7,3,1,7,7,4,5,1,7,5,0,1,6,6,6,5,2,8,4,2,8,7,7,0,5,4,8,1,1,2,2,1,8,7,2,6,4,6,9,2,3,8,5,7,7,8,7,0,6,0,2,5,5,5,2,5,2,1,3,0,7,5,7,9,2,6,0,6,2,5,7,7,9,6,7,0,4,7,5,7,3,3,7,3,1,5,1,3,1,3,8,4,3,3,6,4,4,7,2,1,9,9
55,3,7,4,7,4,5,6,4,9,1,3,3,8,8,3,2,2,2,5,4,4,4,5,5,1,8,1,1,3,5,7,6,1,6,5,6,4,3,5,3,7,8,3,1,7,3,0,2,3,2,1,3,8,2,0,1,9,4,6,8,8,0,2,2,7,4,3,8,6,5,2,5,5,4,3,6,4,4,0,5,6,4,3,0,7,0,6,0,7,0,8,3,9,3,8,5,3,7,4,6,7,9,3,4,6,1,6,1,7,1,2,5,1,2,4,2,7,2,3,3,1,3,1,2,9,3,2,7,5,6,4,4,1,4,8,2,5,1,2,6,2,5,8,3,0,2,2,3,6,3,6,9,0,5,8,9,6,8,1,3
56,3,2,0,2,6,2,7,3,1,3,1,1,6,2,2,4,5,2,5,3,8,0,9,2,5,3,5,5,6,5,7,8,2,6,2,7,6,7,5,5,3,5,2,8,7,2,3,8,8,4,4,2,7,5,1,0,7,8,6,3,6,5,4,5,7,7,3,0,7,7,9,3,5,1,4,8,7,1,9,1,8,3,2,4,1,6,5,5,6,0,2,3,3,0,5,2,7,3,4,7,1,0,8,4,2,5,7,3,5,6,7,6,3,7,0,3,4,1,3,4,9,4,1,1,5,0,4,7,2,8,6,4,9,9,0,2,7,5,5,8,1,3,7,6,0,2,1,1,6,3,1,2,8,3,5,3,7,5,2,3
57,5,5,4,1,2,2,5,2,3,6,4,8,0,3,5,1,0,4,5,4,1,5,9,4,4,9,2,4,6,0,1,8,6,6,8,3,3,3,6,1,6,4,8,0,1,8,5,6,9,6,1,2,5,6,4,4,0,4,9,1,5,9,6,1,8,3,2,5,5,6,8,1,5,2,5,9,6,5,6,6,7,4,4,3,0,1,6,3,0,3,8,2,4,7,9,7,6,6,8,7,3,2,7,3,4,2,8,0,8,1,7,7,2,3,6,2,6,8,7,5,6,8,8,1,9,1,4,1,4,9,1,0,2,6,8,7,1,4,6,8,7,8,3,9,9,3,6,2,4,4,7,1,7,2,7,8,1,4,3,7
58,2,1,0,9,5,5,5,0,5,6,6,7,6,3,4,4,8,8,1,1,5,7,7,1,2,2,7,5,4,1,1,1,1,2,3,8,7,2,6,5,8,8,1,8,3,5,8,7,5,6,0,1,1,8,5,6,1,0,6,6,5,6,8,4,8,4,2,7,2,4,7,2,8,2,5,7,4,7,1,4,4,3,3,7,5,2,4,3,5,6,2,5,5,5,2,1,8,7,5,5,6,5,3,0,6,4,4,1,8,6,5,2,5,0,4,8,9,6,5,4,5,0,4,5,6,1,0,6,5,9,9,9,4,1,0,7,5,6,5,3,3,5,6,4,2,8,3,1,1,2,6,1,5,6,8,6,4,4,9,4
59,3,7,6,4,4,8,8,7,6,2,0,5,2,6,9,3,8,8,5,1,5,5,2,5,1,7,9,2,3,3,1,9,1,3,6,5,9,6,7,6,7,6,1,9,0,3,6,6,9,5,2,9,6,2,7,8,9,3,0,8,8,6,5,2,4,2,2,6,0,1,7,9,9,4,7,1,4,5,1,4,5,3,5,2,8,5,0,9,0,8,0,1,2,8,1,4,5,6,4,6,1,7,8,0,4,3,9,8,9,0,3,1,3,1,6,4,7,3,3,2,1,5,4,0,8,0,3,2,4,9,7,7,7,5,0,5,4,6,1,3,1,8,1,5,5,2,5,4,1,6,6,4,5,9,2,9,5,6,5,8
60,8,5,5,2,1,7,2,9,1,8,8,5,1,7,6,9,6,1,7,3,4,5,1,4,3,3,8,4,1,6,8,2,3,1,8,6,8,5,3,7,2,8,9,6,7,5,6,8,3,2,5,3,0,3,3,6,9,2,5,0,3,4,4,5,1,8,1,7,6,4,5,3,1,8,8,3,9,9,8,2,3,7,6,3,1,2,5,2,2,4,7,2,5,3,4,6,4,7,8,5,1,2,4,4,2,5,2,1,0,8,3,1,4,8,8,5,8,0,3,8,6,6,4,9,1,6,4,3,7,8,7,9,2,0,1,3,2,4,1,4,2,5,4,3,3,1,8,4,1,4,5,1,2,7,2,7,3,2,8,7
61,8,7,5,6,5,7,8,1,7,6,7,0,9,2,3,2,2,3,4,3,7,8,6,6,4,7,9,6,4,2,7,8,1,0,8,1,6,3,6,8,2,2,3,1,9,1,8,0,7,0,7,4,5,3,8,6,9,7,4,5,0,5,5,5,5,2,2,5,2,3,5,3,3,4,1,6,1,9,2,2,5,0,2,2,4,9,8,6,9,6,2,5,5,1,3,6,8,7,1,1,6,8,3,5,2,5,5,9,4,6,3,6,8,7,6,7,1,5,8,9,5,7,9,2,6,7,3,1,2,1,7,4,2,8,8,3,3,2,5,0,1,0,7,5,3,5,7,4,0,2,0,1,0,5,4,2,7,2,7,6
62,2,5,9,2,4,9,4,3,6,3,5,6,1,9,8,4,2,0,8,3,3,6,4,3,8,2,2,6,9,1,2,3,1,7,3,1,7,2,8,7,3,3,3,8,7,8,2,5,6,2,0,6,4,3,8,6,1,3,5,3,3,0,3,4,4,5,6,7,4,4,4,2,2,0,7,6,9,6,8,8,6,7,5,6,7,6,8,6,5,8,7,5,8,2,3,2,8,5,3,8,4,3,6,6,7,3,4,7,9,2,7,8,4,4,7,0,6,8,6,8,7,7,3,7,4,5,6,7,1,5,2,8,2,1,7,2,1,9,9,3,5,5,2,9,5,6,2,5,7,5,2,6,4,8,7,3,2,4,3,2
63,8,1,7,4,5,8,0,3,1,8,8,8,2,5,7,4,5,3,7,5,6,2,1,2,6,3,5,3,4,2,7,6,0,8,3,3,3,5,9,3,2,1,8,5,3,8,4,9,5,5,8,5,8,4,5,2,8,2,7,4,7,2,0,3,7,3,4,2,9,1,2,2,0,4,1,7,4,6,9,2,3,6,7,4,6,6,3,4,5,9,8,6,5,1,3,9,2,3,2,5,5,4,9,6,6,7,4,4,7,4,1,4,3,8,7,2,3,3,6,4,2,9,2,1,2,8,2,7,3,5,2,4,1,1,3,1,9,6,7,2,9,8,8,8,7,6,4,5,1,1,1,3,8,4,2,1,5,0,6,0
64,5,8,6,2,9,1,0,7,8,9,0,1,4,6,3,5,3,7,1,7,5,6,3,9,2,4,1,1,4,6,6,7,7,1,1,2,7,1,5,3,8,2,6,5,4,1,7,2,2,1,0,6,7,5,8,2,6,2,4,5,7,5,4,0,4,7,9,8,5,7,3,8,4,4,0,6,8,5,7,1,3,6,0,4,2,6,8,3,3,9,2,0,9,3,0,8,1,8,3,0,6,6,2,4,7,8,3,3,5,6,5,0,7,3,8,6,1,4,0,5,5,5,4,4,3,5,6,2,1,6,7,7,2,6,3,6,0,0,3,1,2,6,3,5,7,1,1,3,8,7,3,7,5,4,6,3,5,1,4,3
65,8,7,8,6,2,8,6,7,5,1,6,8,3,3,1,2,7,1,5,8,7,9,8,8,7,4,8,5,7,9,6,4,6,7,1,7,6,8,6,8,2,9,8,2,4,6,4,9,8,6,6,6,2,2,4,7,4,2,1,7,3,6,3,9,0,1,8,7,4,1,1,4,4,5,7,1,3,0,7,6,1,2,8,8,1,3,5,5,7,0,8,5,8,9,8,3,1,1,8,8,5,2,2,8,2,2,3,7,8,6,6,9,0,8,2,3,2,5,8,3,0,7,8,2,8,4,7,3,4,6,8,8,1,9,0,1,3,8,9,8,8,3,6,5,8,0,2,7,2,3,5,7,8,2,5,2,6,6,5,8
66,9,7,4,2,6,7,9,5,3,3,4,3,5,6,5,5,7,2,6,5,3,1,0,9,9,8,6,8,6,7,5,6,9,4,7,6,6,0,2,2,3,6,3,6,0,9,9,2,5,7,6,3,3,6,6,7,5,2,7,4,4,8,5,5,4,0,3,1,3,8,1,6,7,4,5,6,4,2,1,2,5,5,1,3,8,4,6,2,1,2,9,1,2,6,7,2,8,0,3,3,2,3,6,2,0,6,7,1,6,7,3,6,6,4,6,8,6,8,5,4,7,5,8,7,5,8,3,4,8,3,2,4,6,5,4,2,3,3,2,4,7,2,3,6,7,5,8,7,8,6,1,8,8,5,3,9,4,6,2,9
67,7,5,1,2,3,1,5,7,6,4,6,9,9,0,1,7,9,1,5,6,5,9,3,7,1,2,1,6,2,2,1,6,0,8,0,3,0,5,2,8,3,2,8,3,0,2,6,0,5,6,5,5,9,4,5,3,8,2,5,6,6,1,3,6,8,5,0,5,9,1,5,8,6,5,6,3,9,6,1,5,4,6,4,1,1,2,5,5,7,3,7,0,4,8,3,1,5,1,0,9,5,0,3,9,0,9,7,7,5,2,3,8,4,8,1,7,4,0,6,4,1,3,8,8,5,4,6,8,1,5,8,6,4,6,6,5,7,5,1,7,8,1,5,9,3,7,7,8,2,1,4,2,6,4,5,5,7,0,3,2
68,2,6,9,2,8,9,8,8,4,9,3,8,8,1,7,8,5,1,4,2,6,3,5,2,6,7,2,8,3,5,6,3,6,6,0,4,6,0,2,1,8,9,6,1,4,6,1,7,4,1,8,5,7,5,7,5,9,7,8,7,2,7,8,1,3,8,5,0,6,3,5,7,6,8,1,1,0,6,2,3,6,4,9,5,3,4,7,5,6,1,2,1,1,3,2,4,2,7,6,7,6,7,0,7,6,5,4,1,2,7,9,4,5,7,5,6,9,5,4,6,1,7,3,2,9,5,8,1,0,9,5,8,4,8,3,0,6,8,5,1,8,7,8,5,5,4,2,1,4,1,3,7,9,5,3,6,4,2,5,3
69,4,7,0,6,8,4,6,2,4,8,3,6,9,7,2,5,4,1,1,5,6,6,9,9,4,4,0,2,6,1,4,7,2,2,4,8,3,7,4,8,2,2,2,1,8,9,6,5,4,1,4,9,6,8,3,6,3,5,3,8,7,4,8,9,0,2,1,6,0,4,9,8,3,3,2,9,9,5,3,5,4,7,8,3,5,7,6,0,2,6,8,7,3,3,4,7,4,4,3,3,5,1,6,5,6,4,8,6,8,1,4,2,7,5,2,6,2,1,3,7,2,8,7,6,8,1,3,9,1,5,3,8,4,3,2,7,1,2,6,6,4,6,4,2,5,1,5,3,1,0,1,8,4,6,1,7,2,0,7,4
70,8,1,7,5,7,2,2,6,7,7,4,4,4,5,6,8,2,4,6,7,5,3,1,1,2,8,1,6,8,7,4,1,7,2,5,1,5,2,1,0,0,2,5,2,2,1,1,8,5,1,5,6,2,8,7,4,3,9,5,1,4,2,5,7,4,7,8,5,6,0,5,4,3,2,8,8,1,5,4,0,6,1,6,6,2,7,4,1,4,8,5,8,5,1,1,6,2,8,7,7,5,4,5,3,6,4,6,6,2,7,6,6,3,1,2,4,1,2,1,4,9,4,3,2,6,2,6,0,2,7,2,2,5,5,2,1,1,5,6,4,4,7,2,0,4,7,4,6,6,7,5,2,0,7,8,6,2,2,3,9
71,4,4,5,7,9,4,3,4,1,2,3,9,3,8,8,9,7,1,5,6,7,5,5,8,1,4,1,5,2,3,7,0,3,7,9,2,4,6,6,2,1,3,5,1,1,5,8,5,5,6,4,9,5,9,4,2,5,7,5,7,6,8,6,5,4,6,7,3,3,3,0,6,9,6,8,3,5,6,1,4,6,1,5,5,5,1,9,8,3,6,3,6,1,7,2,8,6,1,8,3,6,4,0,3,2,4,4,7,5,6,8,4,7,8,2,5,3,9,1,7,2,3,0,1,4,4,7,1,5,0,3,5,5,8,2,0,5,8,4,0,4,6,2,4,2,1,8,9,9,4,3,5,1,3,6,6,7,5,6,1
72,7,5,7,9,3,8,2,4,5,3,1,7,0,6,7,5,7,2,2,8,6,5,7,3,3,1,8,5,2,1,2,8,3,1,3,8,8,7,8,9,4,7,5,9,8,6,1,1,4,3,2,3,1,6,6,5,7,6,7,0,3,2,2,0,2,8,8,1,6,8,8,0,5,2,5,5,2,7,2,7,4,7,4,8,8,5,8,4,5,8,5,4,0,8,7,4,6,4,7,8,7,3,4,5,7,7,7,2,7,8,1,8,3,4,5,4,5,2,0,1,7,3,1,8,1,7,7,6,2,3,8,5,8,2,2,4,9,8,7,3,1,8,1,1,7,6,8,4,0,2,8,1,8,6,7,7,3,5,9,3
73,5,6,9,3,1,2,4,3,3,6,9,7,4,3,4,2,3,6,7,4,0,4,2,1,5,4,8,1,2,0,6,3,3,8,7,4,4,7,5,2,7,6,2,7,1,1,2,6,0,1,3,2,1,7,2,2,1,4,4,7,4,8,4,1,5,8,3,4,8,2,5,2,0,7,5,7,6,6,2,5,7,3,1,4,5,2,4,1,3,6,2,8,3,1,8,3,7,5,7,7,7,1,1,6,3,9,0,4,6,6,3,2,0,5,7,3,2,5,6,6,3,1,7,3,6,3,3,2,8,2,6,4,8,4,2,8,6,8,7,3,4,4,9,1,5,4,9,2,7,6,3,3,2,7,1,0,7,8,2,9
74,1,1,4,1,3,8,8,5,2,2,2,4,5,6,6,7,7,5,5,5,5,5,3,7,9,6,0,6,6,6,6,1,5,8,7,1,8,6,2,3,7,7,2,1,1,4,7,4,7,7,8,5,2,1,9,2,8,4,5,1,1,5,7,4,3,1,6,1,7,8,3,8,1,0,2,6,0,5,2,8,3,4,8,0,8,3,5,2,2,9,8,2,7,7,7,7,4,5,4,8,7,2,9,1,1,7,6,9,3,3,2,5,4,9,3,7,4,3,2,5,1,1,7,8,5,8,3,2,2,7,2,0,5,7,1,1,2,1,3,0,8,5,8,4,2,5,3,6,6,8,7,5,2,1,2,4,1,6,0,2
75,9,2,6,2,6,7,5,7,0,7,3,4,9,8,3,9,6,4,1,0,6,2,1,6,9,5,5,2,5,5,3,0,2,6,8,7,5,6,7,5,2,3,5,0,2,5,2,3,4,6,8,8,2,4,5,1,8,6,7,1,2,9,0,1,2,0,5,8,5,6,2,5,5,4,0,6,9,6,3,3,1,9,6,8,2,0,4,9,3,9,3,1,7,6,4,7,8,3,4,5,9,2,6,5,8,8,4,1,8,4,2,5,3,2,8,6,1,2,3,9,9,4,7,7,5,8,1,1,5,5,7,8,6,8,9,8,5,3,6,0,4,0,6,7,2,9,0,2,1,8,6,7,3,5,5,7,2,8,5,3
76,4,7,4,8,1,3,6,2,6,7,8,0,4,5,7,3,6,8,5,7,0,1,3,7,9,4,6,5,9,3,1,2,0,1,5,2,1,8,6,9,3,4,2,5,8,8,8,5,7,7,5,3,4,4,6,8,2,4,1,0,0,4,1,1,6,5,4,4,9,1,0,3,3,3,4,0,3,3,5,8,7,5,4,4,5,7,0,7,3,2,6,7,4,4,4,1,4,9,4,1,1,3,1,4,2,1,0,7,1,7,3,5,0,1,0,0,2,0,7,2,3,6,8,3,9,5,1,9,9,2,4,8,8,6,0,1,1,4,2,7,7,0,8,6,2,2,6,8,3,1,6,4,4,5,2,5,4,5,1,1
77,2,4,6,5,5,6,0,0,2,3,8,3,6,8,6,2,4,3,8,0,3,6,1,3,6,1,5,4,7,3,0,4,2,0,0,1,6,7,7,7,5,1,9,1,9,1,8,9,0,2,8,6,5,7,5,7,6,0,5,0,2,0,6,1,1,6,5,5,0,3,5,6,7,1,4,2,0,2,5,3,9,5,1,4,3,8,1,4,5,4,3,3,1,3,4,1,2,0,6,7,7,5,4,7,6,0,3,4,5,2,7,0,1,2,6,1,8,2,4,1,4,8,2,2,2,3,5,1,7,3,2,5,5,3,3,2,4,2,8,2,3,6,4,1,5,4,7,1,3,3,7,3,0,3,3,1,5,6,3,1
78,1,7,6,5,2,3,3,8,3,4,5,0,4,7,8,2,4,1,4,6,2,0,3,7,3,4,1,4,1,6,4,4,4,0,9,3,7,7,3,8,5,6,8,1,1,6,3,8,1,8,8,0,3,4,3,6,2,6,1,6,9,1,5,5,0,1,8,4,1,4,5,5,2,6,2,7,4,0,3,6,3,1,4,3,4,4,8,5,3,9,7,4,7,6,7,3,1,5,5,4,6,3,4,5,4,3,9,6,7,7,4,0,8,7,6,4,9,3,1,8,0,4,2,8,5,1,5,2,3,1,4,9,2,3,7,7,5,4,5,6,1,3,5,0,6,4,2,7,4,8,6,3,5,4,8,6,8,1,3,7
79,6,6,8,5,5,4,5,8,4,6,8,1,6,9,5,1,1,5,5,6,6,6,2,9,5,7,5,7,2,1,1,4,3,3,8,6,9,2,1,1,1,8,2,8,8,4,8,5,4,3,9,3,2,1,0,9,3,8,5,4,3,3,8,8,8,8,1,1,4,8,5,7,6,5,5,7,8,8,0,5,7,5,2,8,0,8,5,5,8,4,0,5,1,3,2,8,3,6,2,1,5,4,6,1,7,3,7,6,1,6,5,2,8,3,2,9,2,1,3,6,4,2,5,7,8,4,8,6,6,4,7,7,2,1,0,2,4,7,7,8,7,2,2,3,7,1,7,2,4,3,4,8,2,2,1,6,2,8,8,4
80,2,1,9,6,7,1,1,3,6,3,9,3,7,1,6,4,8,2,4,8,3,2,3,3,7,8,4,7,3,6,4,5,4,4,1,5,3,2,5,6,6,3,8,2,0,5,8,1,9,3,7,1,7,8,5,5,2,6,3,3,8,7,4,3,3,3,1,5,5,8,5,8,6,7,4,6,6,9,8,0,8,1,4,1,3,4,1,8,3,4,1,1,2,4,7,6,2,2,8,4,4,4,3,4,4,5,1,5,5,8,7,8,9,2,7,2,7,3,1,4,2,0,8,4,5,1,6,1,6,2,8,1,8,5,3,7,1,1,1,6,9,1,6,1,5,2,6,2,3,8,8,5,7,2,0,7,4,3,9,1
81,6,8,0,6,9,7,4,7,5,4,4,7,8,3,6,5,4,5,4,0,5,8,2,4,0,6,5,9,7,7,5,1,2,2,1,1,8,4,6,5,2,2,9,8,6,3,3,6,6,7,4,1,4,0,1,9,6,7,1,4,4,6,5,5,1,8,6,6,1,5,5,8,1,0,3,7,5,7,2,3,0,8,1,6,3,7,6,3,2,0,7,4,1,0,9,9,3,5,3,8,1,7,1,4,2,4,3,4,6,8,3,2,4,1,3,3,6,6,8,4,2,2,6,9,2,3,7,4,5,6,9,6,8,0,3,9,6,4,0,5,6,1,1,4,2,4,4,5,5,2,4,4,2,8,6,5,8,8,1,7
82,5,3,3,9,6,7,8,5,6,5,1,6,2,5,4,5,3,6,3,5,3,2,4,6,5,8,0,5,0,3,4,9,8,2,6,7,5,1,2,4,2,8,3,8,9,7,1,4,3,0,8,8,8,5,6,3,5,2,6,1,3,7,8,1,1,8,9,5,1,9,4,5,3,3,3,6,8,3,5,6,8,0,2,8,9,4,5,1,3,0,3,5,5,4,3,5,2,2,7,8,8,6,5,6,7,3,8,2,5,6,8,5,6,4,5,2,1,7,7,0,4,2,3,9,7,2,3,6,8,0,3,1,2,3,4,5,4,5,5,2,1,8,8,1,8,4,7,5,9,5,3,8,2,3,1,2,8,5,1,4
83,8,3,7,7,3,6,5,6,4,1,3,3,8,3,3,9,4,2,2,3,2,3,0,1,8,4,0,4,9,6,1,8,2,8,9,2,7,0,7,5,5,3,1,6,1,6,4,7,3,1,5,2,1,0,4,4,0,3,3,9,5,3,3,6,9,0,8,5,8,2,9,1,9,3,6,5,8,6,0,5,1,8,0,2,7,2,2,7,0,3,4,9,6,5,6,7,2,4,7,4,6,6,6,7,2,4,3,9,3,3,7,7,2,3,2,4,4,1,1,1,6,8,3,1,1,3,5,6,7,5,6,2,8,2,4,9,1,3,1,8,6,6,0,9,6,5,6,4,2,2,8,1,3,3,7,3,6,4,2,8
84,3,4,8,4,5,2,2,2,6,4,4,3,4,8,0,0,5,8,4,3,5,3,8,5,6,2,7,3,0,2,7,4,2,3,7,3,6,8,6,3,6,4,7,4,4,1,2,8,2,5,8,8,7,8,6,8,7,7,2,7,1,3,4,1,8,5,8,8,8,5,5,8,7,2,2,6,3,4,7,8,2,4,9,0,2,5,4,6,5,3,1,8,3,7,2,5,4,2,2,2,6,8,5,3,2,4,6,6,2,7,2,7,3,8,1,3,6,4,9,5,6,9,7,1,9,5,6,8,9,7,4,2,0,5,0,7,6,1,1,4,7,9,8,1,2,0,1,4,3,9,4,1,6,8,6,2,8,7,8,6
85,2,5,4,8,1,7,3,1,1,4,5,6,3,0,3,7,0,4,2,3,7,4,1,2,5,5,3,5,0,2,4,3,6,6,0,4,2,2,6,3,6,4,3,1,2,3,7,8,7,6,3,9,5,1,0,2,5,8,4,5,9,9,3,8,1,9,6,8,8,5,7,6,3,0,5,4,3,5,2,8,2,2,1,6,0,7,4,0,1,0,4,6,0,9,3,8,0,4,7,2,8,7,7,3,9,9,7,7,1,6,9,4,1,5,6,5,1,5,6,3,6,3,0,7,1,5,0,8,1,3,0,5,5,1,4,2,7,8,5,7,6,6,5,6,4,3,6,1,5,6,9,3,3,9,8,6,2,6,4,6
86,5,1,0,5,5,1,3,0,1,6,2,3,6,1,3,8,4,0,5,7,3,8,6,1,3,3,7,2,4,4,1,5,0,5,3,7,9,9,5,6,4,2,7,2,6,1,9,1,6,7,2,2,6,0,4,6,2,7,5,9,1,7,9,6,1,7,3,7,8,6,2,8,3,1,8,4,9,8,6,5,5,5,1,6,2,0,3,8,8,5,4,8,8,3,6,7,0,1,7,9,2,4,9,6,5,7,6,8,4,8,2,3,1,0,1,2,9,3,5,0,6,4,3,3,6,5,6,1,7,1,6,5,0,4,7,6,8,5,7,6,3,8,8,4,7,7,0,7,8,6,7,5,2,3,2,1,6,2,6,4
87,7,2,1,4,5,1,2,8,7,6,6,1,2,1,1,6,5,5,6,2,7,4,1,4,5,2,8,3,8,2,3,2,9,3,1,7,1,8,5,7,2,2,1,3,9,7,1,2,0,4,3,5,0,3,5,9,2,3,8,1,3,3,9,2,7,7,1,3,2,3,7,2,6,6,1,7,3,3,0,6,7,7,1,9,4,1,0,6,3,3,0,2,8,2,3,5,2,7,5,8,7,7,7,3,4,3,8,4,1,4,4,1,3,1,8,8,2,3,2,3,8,4,8,0,5,6,6,4,2,5,6,2,8,1,2,0,6,2,3,6,9,3,3,3,5,8,7,5,8,8,2,8,6,1,5,3,7,8,8,4
88,8,2,4,1,7,8,0,8,7,6,7,3,1,1,7,8,6,5,6,1,4,8,2,4,1,5,7,4,2,3,6,2,8,4,2,4,5,7,1,7,7,8,0,1,0,3,1,8,9,6,4,7,4,2,1,1,5,4,1,2,5,2,9,0,8,8,5,3,9,6,9,4,4,4,3,0,0,9,2,7,3,5,7,1,5,3,2,0,5,5,6,1,1,1,5,8,9,0,2,1,0,1,4,3,8,2,6,4,0,6,5,3,5,8,7,2,7,3,0,0,5,1,5,2,6,5,7,0,1,3,1,3,9,5,2,6,6,3,8,0,7,3,8,4,5,9,3,7,8,1,0,2,4,6,6,7,3,5,2,8
89,9,2,3,7,0,6,9,8,1,0,5,7,2,5,6,6,0,8,9,7,5,7,6,1,5,7,6,3,5,3,9,8,1,1,8,4,1,6,2,1,6,5,3,4,4,8,4,3,7,4,3,5,9,0,4,6,3,4,7,6,7,3,5,1,4,2,4,8,4,5,9,8,9,9,6,5,4,5,1,1,2,5,4,6,1,3,6,8,0,4,3,7,4,8,2,4,1,9,8,6,5,8,7,4,8,2,5,4,8,4,0,8,5,3,2,2,7,2,7,7,2,7,5,7,8,1,2,7,0,1,0,6,2,0,1,2,6,0,7,1,3,4,6,1,6,8,1,6,3,1,7,5,1,1,6,6,3,4,5,5
90,2,2,7,0,1,7,2,7,8,5,7,4,1,1,9,5,6,7,9,6,3,1,1,3,5,4,4,1,8,1,6,3,8,2,4,8,8,2,4,8,5,8,2,6,8,8,7,2,8,5,2,7,2,5,8,3,4,7,8,7,5,9,3,2,7,9,3,7,7,4,1,7,0,7,6,3,5,9,4,8,4,7,8,4,6,2,3,8,9,0,7,7,8,8,6,7,5,7,1,1,4,2,2,6,5,4,1,5,4,7,3,1,4,9,4,6,2,0,8,5,0,2,5,4,7,5,9,1,0,4,7,1,1,4,9,8,7,1,0,1,6,5,5,5,5,2,1,8,6,4,2,4,5,6,3,1,2,3,3,7
91,8,8,3,0,3,2,5,3,4,2,4,1,4,8,4,8,1,1,1,3,6,3,2,1,2,6,6,6,1,7,7,2,2,0,4,1,8,0,7,1,3,6,2,7,5,5,1,6,1,4,9,5,6,5,6,8,6,0,0,7,6,4,4,8,7,0,9,9,6,4,3,3,7,2,1,7,1,5,3,4,2,6,7,3,2,7,5,7,9,4,0,1,5,1,1,2,9,1,7,4,3,9,6,4,1,7,8,7,8,4,1,3,3,7,2,6,3,5,6,2,4,6,3,5,8,8,7,0,3,7,8,4,0,3,2,4,3,1,5,8,8,6,4,9,4,9,1,8,7,4,0,3,7,0,1,1,3,8,4,9
92,1,6,1,8,0,3,2,6,8,2,2,8,7,5,3,2,4,6,8,4,4,3,4,5,6,5,2,4,1,3,3,7,8,5,2,1,6,5,1,6,3,3,7,6,7,6,1,7,1,9,5,4,6,5,3,7,2,9,7,6,4,3,6,9,2,1,5,5,8,9,4,8,4,0,7,0,9,5,3,2,9,6,3,2,8,2,8,6,3,7,7,0,6,8,7,9,5,6,2,3,4,1,7,4,3,0,2,2,2,4,6,1,5,5,3,5,5,7,8,1,4,3,7,0,5,4,5,5,3,7,7,5,3,5,7,2,4,1,2,2,5,3,4,8,7,8,5,1,9,4,1,4,6,3,9,7,3,5,8,5
93,7,0,3,6,8,6,9,8,9,5,4,2,1,1,5,6,8,9,4,3,8,6,1,3,3,9,6,5,2,5,9,3,7,4,1,8,3,4,1,3,0,6,1,1,7,7,5,9,5,4,6,3,2,1,4,3,1,4,1,4,2,5,5,1,1,4,5,7,1,3,3,6,0,3,7,1,3,5,6,6,6,7,8,6,3,6,1,6,2,3,0,7,0,6,3,6,3,2,3,0,8,1,4,4,5,6,4,5,7,0,6,3,4,7,3,5,7,7,1,1,8,1,0,3,7,3,8,2,9,6,5,3,4,5,7,3,5,5,6,2,4,4,4,7,1,8,1,5,3,8,8,4,2,5,8,8,7,5,0,0
94,0,6,5,5,2,8,0,2,0,2,0,3,2,6,5,2,8,4,1,7,4,1,2,0,7,0,7,3,6,6,4,1,9,3,1,4,7,2,8,2,7,2,6,9,3,3,1,2,9,5,5,5,3,1,5,9,1,7,3,4,6,1,5,6,6,6,3,3,5,6,5,2,9,1,2,8,0,4,4,4,3,6,8,6,2,5,2,1,6,4,7,2,7,0,7,7,7,9,1,1,2,2,2,1,5,1,8,7,6,6,6,8,3,2,7,9,5,2,6,5,8,1,8,3,2,3,4,3,6,5,7,5,8,6,7,8,7,2,1,4,3,5,4,9,7,7,0,0,3,8,3,1,8,2,9,0,9,4,7,4
95,4,0,2,5,5,8,8,6,7,4,7,1,7,3,3,1,7,4,1,5,5,7,7,7,8,5,8,2,3,5,3,6,7,3,7,4,6,8,2,2,2,7,8,8,0,4,7,2,4,0,7,0,1,8,2,7,4,1,5,3,9,0,4,7,8,0,0,4,6,8,4,3,0,2,7,1,8,1,1,3,6,5,1,7,9,8,9,4,3,4,4,3,9,8,0,9,6,6,5,8,7,4,0,2,5,4,8,6,4,8,4,5,1,4,0,1,0,3,4,8,3,4,5,6,6,2,4,3,7,5,6,4,5,8,7,8,4,3,8,5,6,0,1,4,3,3,9,7,6,6,5,7,2,1,9,2,4,9,8,4
96,2,4,7,5,4,8,3,6,7,0,8,5,6,3,5,3,7,2,1,1,8,0,2,3,3,8,1,5,1,0,1,4,4,3,4,7,7,2,8,6,1,2,8,5,6,7,5,4,1,5,7,7,6,1,3,8,6,8,2,1,5,4,8,4,0,1,6,5,8,3,6,5,8,0,2,8,8,5,1,6,4,2,1,1,6,7,7,2,7,2,6,1,8,8,1,0,7,2,2,8,2,0,0,8,4,9,5,8,2,9,0,6,5,7,3,8,5,2,8,8,8,3,4,3,0,6,7,3,1,1,2,6,5,8,6,1,9,3,7,8,5,4,0,1,0,5,4,8,7,5,2,6,9,2,6,7,0,7,5,1
97,3,9,7,6,3,5,5,5,4,7,9,2,5,8,4,0,1,7,5,5,8,3,4,0,4,1,2,6,6,2,9,5,6,7,2,1,4,0,9,2,8,4,4,3,8,4,5,3,1,4,7,1,8,8,9,4,5,3,1,4,4,7,9,9,3,5,8,2,3,8,5,7,4,6,4,4,6,4,5,1,8,1,7,5,3,9,5,0,0,6,9,9,4,5,8,5,0,8,8,2,5,2,1,1,2,3,9,5,6,6,3,8,4,2,5,0,9,7,8,3,1,4,8,1,8,3,3,8,0,2,3,8,2,2,6,4,2,5,3,6,3,1,7,9,9,6,4,3,7,5,0,3,1,1,8,1,4,6,4,2
98,1,2,2,7,9,7,4,3,6,4,6,6,0,7,4,6,5,9,1,8,4,5,1,6,6,5,6,5,3,8,8,4,7,4,8,5,1,3,5,7,2,2,3,7,8,5,3,0,3,7,8,4,6,1,9,2,5,2,2,6,1,7,8,7,5,2,7,2,3,6,4,7,1,6,2,0,6,3,1,5,6,2,4,3,4,8,6,2,2,0,8,0,7,3,4,9,8,0,7,8,5,3,4,0,1,7,2,2,7,3,5,9,8,8,7,1,2,5,7,7,7,2,6,7,9,3,2,1,4,8,5,8,4,2,0,1,3,7,6,3,8,8,1,2,8,3,4,2,7,2,4,6,7,4,5,3,8,8,3,5
99,2,6,0,2,2,6,9,3,5,9,8,8,2,5,5,6,9,0,2,0,8,1,7,4,5,2,7,5,1,2,4,5,8,9,4,3,5,2,2,2,1,8,2,9,4,0,8,2,2,8,5,1,8,8,4,3,0,6,4,1,5,8,1,8,4,8,1,3,5,4,5,3,3,7,3,6,7,2,5,7,1,1,7,2,8,2,4,3,2,2,7,4,7,5,4,3,7,7,0,2,8,3,7,5,2,7,4,2,9,3,8,2,0,6,0,9,2,5,0,1,6,7,3,6,4,8,0,4,0,8,0,4,0,2,3,4,3,6,5,3,7,1,8,5,1,0,7,8,1,2,7,3,2,1,2,1,7,6,3,8
100,5,4,4,7,3,6,1,9,8,2,3,5,6,3,8,8,7,2,1,4,6,9,2,1,8,2,0,4,6,1,4,6,6,2,8,5,5,5,0,7,2,7,9,6,2,7,1,5,6,9,4,5,8,6,6,0,7,4,8,0,3,2,4,1,6,7,8,8,0,2,7,3,2,8,4,9,8,9,7,8,9,0,1,8,6,8,7,4,8,8,6,7,1,1,7,8,6,1,1,0,4,0,7,6,5,4,2,3,1,7,8,0,3,3,3,1,5,7,8,8,0,6,3,9,5,6,5,5,1,7,1,7,6,7,1,7,7,7,6,3,2,3,1,8,8,6,2,2,1,8,6,3,4,6,4,7,8,3,3,0
101,7,4,0,6,4,4,1,7,4,8,1,7,6,2,1,2,3,3,7,0,9,6,4,7,7,8,8,5,4,2,7,9,5,0,0,6,9,2,7,0,3,5,0,7,2,6,1,6,5,5,1,1,2,0,4,2,1,8,1,3,8,4,6,2,8,4,9,3,8,3,5,7,6,7,0,4,7,1,7,9,6,4,1,2,8,8,1,4,5,7,1,7,1,0,7,1,1,8,1,7,0,2,1,9,5,2,8,8,8,4,5,2,1,3,1,2,6,1,6,2,3,1,4,9,3,7,2,1,6,7,8,7,4,5,6,1,7,5,4,0,8,2,7,2,4,0,6,8,1,2,7,4,5,7,1,1,4,6,4,8
102,5,6,8,8,3,1,9,2,5,5,6,5,2,2,2,5,8,8,6,8,6,1,8,2,3,4,1,8,7,4,3,7,4,2,4,5,5,5,8,5,1,1,3,0,7,4,1,5,0,7,1,6,8,3,5,0,1,2,7,2,7,3,3,5,7,4,8,1,5,6,8,2,1,4,8,5,9,2,4,5,8,5,4,8,9,3,9,7,0,4,5,6,3,3,1,4,6,3,7,3,4,0,7,5,6,3,3,0,5,1,5,8,4,1,6,8,0,2,8,1,2,1,3,4,0,3,5,5,6,4,8,7,5,7,7,2,3,6,1,5,7,2,3,3,6,3,9,2,1,3,9,1,1,7,7,2,1,1,9,7
103,8,3,6,8,4,4,0,3,0,4,1,3,5,6,5,9,2,8,4,4,8,3,9,1,1,3,2,6,8,9,3,9,9,4,8,7,8,1,6,3,2,6,3,8,8,2,1,7,1,6,1,3,2,8,9,6,1,4,1,9,4,3,3,4,8,0,3,3,4,8,9,1,3,9,4,8,2,4,8,8,6,5,3,4,1,1,8,4,5,4,1,4,6,5,5,6,3,8,2,1,6,5,0,7,8,5,1,2,7,7,3,3,5,1,6,7,9,4,7,7,8,3,5,5,3,0,8,4,6,8,6,5,6,2,3,1,7,6,6,5,2,3,8,6,4,4,3,1,8,8,9,8,3,7,9,5,1,4,5,4
104,9,3,7,0,6,7,6,7,2,9,1,9,6,7,4,1,1,0,1,5,2,4,4,1,0,5,3,2,4,5,2,4,4,6,0,6,4,5,7,0,6,4,3,5,5,5,2,3,1,8,6,6,1,8,6,0,9,9,3,3,1,1,2,0,7,4,4,8,9,1,6,8,3,6,1,7,0,2,6,1,6,8,2,0,3,5,3,9,7,4,1,6,3,8,0,5,9,7,6,4,3,8,8,0,9,8,6,8,4,6,6,6,3,4,4,8,1,4,0,1,6,8,8,9,0,0,5,2,2,1,3,6,3,3,3,8,4,9,8,1,2,8,8,8,2,5,2,2,1,0,9,7,1,1,3,7,4,8,9,2
105,2,8,2,6,7,5,9,7,3,1,4,0,7,6,2,0,6,3,2,0,8,9,4,7,4,9,1,2,4,5,6,6,7,1,6,7,7,2,0,9,7,6,6,8,5,5,6,7,9,4,3,3,6,3,8,8,1,5,6,2,2,1,7,9,5,2,2,8,3,5,5,1,4,9,4,1,6,8,2,4,8,8,3,6,1,5,9,3,4,5,5,2,3,8,6,1,2,3,4,4,3,7,6,1,0,4,1,5,4,3,5,2,2,8,3,2,4,5,9,5,4,6,8,1,8,9,2,6,6,7,2,5,6,0,3,5,1,8,9,4,1,7,3,7,3,8,5,4,6,7,2,1,8,7,5,4,5,1,8,1
106,6,6,1,1,1,3,1,3,7,7,9,1,0,2,1,4,2,2,1,7,2,7,8,1,5,6,0,0,3,1,8,1,7,6,9,6,9,2,4,9,8,5,8,6,5,6,0,4,1,8,9,7,2,6,7,7,2,3,7,4,8,3,6,1,5,9,7,8,6,8,3,2,4,0,7,6,2,7,4,1,7,3,8,6,5,4,5,5,7,7,1,0,0,2,5,7,2,1,3,0,9,4,0,7,1,0,0,9,9,4,7,9,5,6,4,9,4,8,6,0,2,8,9,2,1,6,6,3,8,7,7,6,6,3,2,4,3,6,8,4,5,6,6,3,6,2,5,0,7,3,6,4,8,3,4,8,4,4,4,2
107,3,7,5,6,5,8,8,2,3,6,6,1,2,4,3,6,8,2,0,7,8,4,9,4,4,2,0,7,2,6,3,7,2,5,8,1,0,3,4,0,8,8,6,2,8,4,5,7,1,6,6,4,1,3,6,4,3,1,0,8,6,8,6,5,3,1,0,6,7,6,0,6,2,9,3,2,3,0,2,3,8,6,8,2,1,8,2,0,5,3,2,5,1,6,3,3,6,2,8,8,8,3,3,0,0,2,0,4,4,0,3,0,4,4,7,4,3,0,4,8,3,4,1,3,0,6,9,6,4,5,8,4,1,6,8,5,3,6,5,1,4,3,2,1,5,6,1,8,0,1,0,2,4,0,3,7,5,7,8,4
108,6,9,9,7,7,0,1,5,4,5,7,6,2,1,2,8,1,3,7,6,7,9,1,2,7,5,5,0,3,5,4,0,3,9,1,2,3,8,1,7,2,2,2,2,6,6,4,4,1,2,5,0,8,7,2,7,0,6,8,8,7,9,3,1,0,2,9,2,1,1,4,6,3,1,3,3,5,7,3,4,8,8,4,7,2,6,6,7,0,1,6,1,7,9,1,5,7,5,6,1,8,6,4,0,0,5,5,0,0,9,5,5,4,4,4,4,1,1,0,7,7,4,6,8,1,0,4,2,6,7,7,8,0,4,3,2,6,4,9,6,3,2,9,3,1,3,2,6,2,9,7,5,1,3,2,2,4,9,7,4
109,6,4,1,5,1,2,9,6,7,3,2,7,7,8,5,2,5,6,2,7,1,5,6,7,4,4,8,7,7,3,7,1,7,8,7,1,5,6,1,1,3,1,8,5,4,7,3,4,3,1,7,6,3,9,5,9,7,1,8,8,3,8,4,1,3,8,4,4,0,6,6,2,2,8,3,7,1,7,2,0,8,1,1,2,1,2,2,5,2,7,7,3,5,7,6,7,1,9,1,4,1,7,7,4,6,5,2,7,0,3,4,2,5,5,4,2,2,3,4,7,5,1,2,1,3,8,7,4,4,7,8,7,0,3,1,5,7,2,2,5,3,8,6,4,3,1,0,5,7,7,9,5,4,4,7,2,7,4,3,5
110,6,3,7,4,6,4,9,6,6,4,7,6,7,1,3,3,6,6,8,8,6,3,5,6,1,4,5,2,1,7,4,4,8,9,4,8,8,7,6,3,4,2,9,6,0,6,7,6,7,6,7,4,8,4,3,8,3,3,1,0,3,2,8,3,9,3,5,5,1,8,8,8,4,8,5,6,6,3,1,8,8,7,9,1,3,2,2,6,5,6,8,6,8,0,8,2,2,6,2,6,4,3,1,2,5,6,6,2,4,0,5,0,1,1,2,7,8,5,7,2,3,0,2,6,4,6,1,3,9,3,1,5,8,3,4,0,5,6,8,2,1,6,6,7,7,8,3,7,0,0,5,3,4,9,8,2,3,6,7,2
111,3,1,6,7,5,1,5,9,6,7,4,3,5,7,3,5,9,8,1,4,7,4,6,3,3,7,2,8,2,3,7,7,6,5,2,1,3,8,7,5,5,2,9,6,6,0,6,9,2,7,0,1,4,2,9,8,1,7,0,7,0,2,8,8,4,8,4,6,9,1,6,9,3,0,5,7,6,4,6,1,7,6,0,1,4,5,6,2,2,4,5,3,1,9,8,7,8,3,2,7,2,6,6,1,4,5,4,6,2,0,0,2,4,6,4,5,7,4,2,6,3,7,8,8,1,1,2,7,5,8,2,7,5,9,1,6,7,2,3,7,8,3,3,8,3,3,1,4,3,8,2,9,4,5,7,1,0,5,4,0
112,4,1,3,0,1,3,5,1,3,9,7,3,3,5,0,3,6,5,3,0,3,6,1,8,8,3,5,1,7,5,1,5,6,3,1,4,7,6,9,4,3,6,7,4,4,0,6,1,2,7,7,3,2,7,9,8,9,5,2,7,5,8,4,9,1,7,7,3,4,9,3,9,6,5,9,6,3,5,5,4,3,6,7,2,3,2,9,2,7,3,8,3,7,1,2,0,2,2,0,3,4,6,1,8,2,4,1,3,7,4,0,0,0,2,3,9,8,6,8,5,6,6,1,3,6,5,5,1,3,3,2,4,1,6,4,4,0,2,3,2,7,3,6,1,0,5,0,3,2,8,6,4,9,6,7,5,1,6,1,5
113,3,3,7,6,3,7,7,7,3,0,7,1,7,8,2,8,2,6,6,1,8,5,4,9,3,8,5,1,0,2,7,7,2,1,6,9,6,5,9,6,2,5,0,2,4,8,1,3,2,6,5,5,9,3,2,5,8,6,1,8,3,8,0,8,9,5,1,3,1,6,5,7,8,0,3,8,0,0,1,6,9,9,3,2,8,6,8,3,0,2,2,7,6,6,1,5,1,1,5,2,2,3,3,0,6,2,2,6,0,5,2,4,0,2,1,8,7,3,6,6,9,7,3,6,2,2,0,6,2,1,7,9,1,6,1,9,7,6,9,1,2,6,0,5,3,8,1,6,8,0,4,3,5,7,3,4,9,0,8,2
114,7,6,2,2,8,9,0,5,1,2,9,5,2,6,3,9,8,1,2,2,5,1,7,0,8,7,6,1,1,4,6,7,2,9,4,6,4,2,5,1,0,7,8,1,3,1,9,6,6,7,4,8,2,8,7,5,9,4,3,5,7,8,7,1,4,4,7,8,2,6,4,2,6,1,6,0,4,9,7,2,3,3,7,0,4,8,2,8,9,4,6,7,8,3,1,1,8,8,8,6,3,8,8,1,4,7,6,4,5,2,5,4,5,0,1,0,1,5,2,4,0,7,5,3,6,7,0,4,1,4,5,2,8,2,6,6,4,1,4,8,1,0,7,4,3,2,8,3,2,7,3,5,5,7,3,6,6,4,7,9
115,8,9,2,5,2,5,9,4,3,7,2,7,9,3,5,9,7,4,6,4,6,9,8,8,5,0,6,2,6,7,3,5,1,5,7,4,5,1,7,4,2,1,4,5,4,1,7,4,2,0,1,6,9,7,6,5,4,8,1,9,2,6,8,2,1,2,5,3,8,9,3,8,2,6,1,4,4,1,1,7,7,2,3,1,7,8,1,7,6,2,3,1,5,2,2,5,8,7,9,4,3,1,4,0,5,8,5,5,8,8,8,9,2,3,0,3,4,1,8,4,3,3,8,0,6,4,5,0,2,3,6,6,1,8,0,6,8,6,5,1,3,5,8,4,5,8,1,4,8,2,4,7,2,6,8,1,4,4,6,2
116,3,4,5,6,9,7,4,5,5,5,5,3,2,0,6,2,6,1,2,1,4,8,7,2,2,4,2,8,8,8,8,8,1,6,0,2,6,4,5,4,3,2,3,3,1,4,6,5,0,6,1,7,0,2,5,2,3,6,0,4,0,7,2,0,9,6,8,3,1,4,2,7,1,8,1,1,5,9,6,4,6,8,3,2,2,2,3,2,1,4,4,0,0,7,0,4,9,9,7,5,2,0,5,6,0,5,9,4,8,7,6,4,3,7,6,0,5,4,5,1,5,1,9,8,4,1,2,5,6,5,0,8,7,3,3,1,0,6,7,5,1,2,3,1,8,6,1,6,4,6,1,5,9,2,6,0,6,7,7,9
117,2,1,0,1,7,5,6,6,4,7,2,6,7,6,7,8,7,3,4,7,4,8,8,8,4,6,8,1,5,2,1,6,1,2,9,8,8,6,3,7,8,9,6,3,7,6,5,8,1,1,9,5,1,4,1,8,2,6,5,2,0,3,2,1,0,1,5,4,5,8,2,8,2,1,4,3,4,4,5,6,7,8,2,7,3,2,4,5,9,8,4,7,6,1,6,8,4,2,4,6,2,1,7,4,6,1,1,7,3,3,2,2,5,5,0,2,0,2,7,5,1,0,8,5,9,3,7,5,5,1,8,6,1,2,3,8,0,7,7,1,3,2,7,8,8,3,9,0,0,5,4,2,6,5,3,7,0,1,1,6
118,4,6,1,2,0,3,4,7,7,7,6,9,0,2,5,8,0,6,0,5,2,0,5,4,1,7,1,5,1,2,1,7,2,6,1,0,3,7,2,3,2,1,6,6,3,2,1,1,9,6,6,3,3,5,2,1,2,2,4,7,3,1,0,7,8,6,0,3,2,5,3,1,1,6,8,7,4,1,4,1,9,6,6,9,1,0,5,4,5,3,7,2,1,5,2,9,4,5,3,8,1,4,2,6,1,3,2,8,4,1,5,4,2,8,3,7,6,0,4,0,6,4,8,2,4,9,2,5,6,2,8,4,8,5,3,2,7,8,6,2,5,9,6,4,6,5,3,8,2,8,5,2,7,6,0,4,4,9,1,0
119,5,8,6,4,6,1,2,2,1,6,1,6,6,9,8,6,7,3,9,4,0,3,9,8,4,1,5,6,1,4,5,5,1,6,4,9,4,9,1,6,1,4,7,2,4,6,6,9,2,3,3,2,2,3,3,5,8,8,8,8,6,2,7,5,2,5,2,8,5,3,6,9,4,5,0,6,0,4,4,1,9,7,3,5,1,1,4,7,7,6,3,4,0,6,8,6,0,3,7,2,5,3,2,6,7,6,2,3,2,5,5,9,3,1,9,7,1,8,0,6,8,2,8,5,9,2,1,4,7,8,9,8,8,7,2,9,5,5,1,1,0,7,7,6,6,3,3,5,5,6,7,8,6,5,7,5,5,7,8,7
120,7,6,5,1,8,7,5,5,5,1,5,8,6,4,2,1,2,3,3,0,7,6,6,5,8,4,3,3,2,9,6,1,9,4,9,8,4,0,8,2,1,8,7,4,2,8,0,6,7,7,0,1,4,5,9,4,8,6,1,9,1,2,6,1,1,5,4,7,5,7,3,3,2,5,4,9,2,2,4,8,6,4,3,4,7,6,2,5,1,5,8,3,1,2,4,9,5,8,3,5,6,8,9,3,6,3,3,8,8,6,5,2,7,3,6,8,3,3,8,0,2,1,3,9,0,9,8,6,6,4,7,4,5,5,8,8,5,1,1,9,1,1,1,2,4,7,4,7,3,1,8,3,7,1,6,0,3,8,2,8
121,5,1,5,1,7,3,1,8,3,1,2,3,9,6,7,1,7,2,1,5,1,4,9,5,1,5,4,3,1,7,2,5,3,3,5,3,4,1,7,2,7,6,1,2,5,6,8,6,6,9,7,3,4,7,2,7,2,8,6,9,3,4,2,8,8,0,4,1,2,0,2,8,9,8,0,3,1,2,1,6,6,3,5,8,8,3,0,5,5,5,3,5,2,0,8,1,2,9,7,2,3,0,8,6,7,8,8,8,0,6,0,1,2,7,2,0,4,5,1,0,0,3,3,5,5,8,3,7,3,3,3,4,8,1,4,6,4,2,2,7,9,2,5,2,4,2,2,5,3,2,6,1,8,6,7,8,2,6,1,7
122,2,0,5,3,2,1,2,5,5,0,6,7,6,2,4,9,4,8,1,2,3,6,1,3,7,5,2,2,5,6,8,4,8,3,2,6,3,5,1,3,6,4,2,7,5,5,3,8,1,2,5,9,2,1,5,2,3,3,2,2,9,7,6,4,2,1,5,2,7,8,7,3,7,2,5,1,8,9,7,1,2,4,0,4,5,6,7,5,2,8,2,3,4,2,4,8,4,6,7,8,3,3,2,4,3,4,2,6,6,4,1,7,5,5,7,7,7,6,0,2,6,0,2,2,6,8,3,2,7,2,5,3,2,2,2,2,7,7,6,5,8,4,7,3,6,8,8,6,1,2,6,7,3,6,7,3,3,7,1,1
123,1,3,3,9,4,6,1,9,9,8,3,7,5,6,5,8,8,4,2,0,2,8,3,1,2,2,9,1,1,6,7,9,5,7,8,2,6,6,6,5,5,4,7,9,2,9,7,5,1,2,6,5,6,3,7,7,1,3,1,5,4,8,8,0,1,8,8,8,9,4,0,6,8,3,5,1,7,6,3,9,5,1,9,3,9,7,3,5,3,2,6,3,8,1,4,7,5,6,0,3,1,3,8,1,0,3,3,5,5,2,8,4,5,4,4,4,3,3,8,8,2,1,0,6,8,4,8,2,7,2,6,0,5,8,1,4,0,8,2,6,6,2,7,4,7,4,8,6,5,0,8,5,2,7,4,3,0,3,4,6
124,8,6,7,6,4,4,4,5,4,4,3,8,5,1,1,5,2,2,3,7,7,6,1,7,0,2,6,8,2,7,5,9,9,9,1,5,8,4,4,4,6,7,4,4,4,3,3,1,2,1,7,0,1,8,7,3,4,9,8,6,5,3,5,8,8,3,8,3,7,4,2,7,5,5,2,1,5,1,6,9,1,6,1,0,2,4,5,1,4,4,0,1,3,8,0,1,2,6,8,3,8,1,1,4,5,8,6,1,5,1,3,6,5,6,2,5,8,1,4,4,2,3,7,0,8,4,4,2,3,7,4,3,7,3,7,1,0,0,7,9,2,3,3,6,6,9,6,8,0,6,3,2,2,8,6,3,3,3,9,4
125,1,3,2,7,3,1,5,2,7,3,1,3,0,0,6,2,3,3,5,0,5,5,0,0,2,4,2,4,3,1,7,8,8,7,4,1,2,1,1,0,1,3,4,6,4,3,3,5,5,2,6,3,7,2,9,2,3,1,3,5,4,6,3,3,0,0,0,8,5,3,6,6,2,5,5,2,1,4,3,3,6,7,1,2,1,5,2,0,5,1,7,5,1,5,7,0,1,4,0,7,4,7,2,2,7,1,6,4,5,1,9,7,7,8,2,3,8,3,5,8,3,8,7,3,0,2,5,1,0,1,0,7,2,0,9,8,1,6,3,0,7,2,7,3,6,7,7,9,8,3,1,6,6,3,3,2,2,1,0,2
126,8,7,4,2,1,3,5,6,6,2,2,5,8,2,3,2,1,8,3,9,6,3,8,2,5,4,3,1,1,3,4,5,3,6,8,6,2,6,8,3,1,2,8,5,7,4,7,6,3,0,2,5,7,7,8,2,1,1,5,6,7,3,8,6,3,3,3,9,2,9,9,0,3,0,0,0,6,5,6,8,7,3,1,7,6,1,0,7,5,1,3,1,5,6,2,3,7,6,7,9,5,9,3,8,2,8,2,8,0,8,2,8,8,0,2,5,8,6,0,7,7,6,5,6,3,0,4,6,7,8,1,1,5,6,0,9,4,8,4,2,1,8,0,3,2,7,0,5,6,6,1,8,6,3,1,2,5,6,6,8
127,9,7,5,4,2,8,8,9,3,4,8,4,3,8,5,6,2,5,9,1,3,9,0,8,3,7,9,2,6,4,2,8,3,8,3,6,3,5,3,6,4,5,8,4,7,7,2,9,5,6,0,7,1,6,3,4,0,5,2,2,1,9,2,3,3,6,4,5,7,2,1,2,5,7,3,2,6,3,8,7,6,8,3,3,0,4,6,7,1,4,6,0,4,4,0,3,7,4,9,5,3,8,8,3,5,2,9,5,8,3,2,5,8,3,7,8,6,6,2,4,9,7,6,1,3,1,0,3,6,7,0,1,7,2,3,3,6,6,5,1,7,4,1,9,3,3,7,2,2,2,3,2,1,0,7,7,0,6,5,4
128,3,8,8,8,7,6,5,7,6,1,6,5,2,1,7,8,7,7,6,7,1,3,1,7,3,4,8,5,6,7,1,8,9,5,7,5,3,7,1,4,1,4,3,3,8,7,0,5,4,1,8,8,1,4,7,1,1,4,8,7,8,4,4,7,6,2,9,3,0,7,7,8,4,0,3,6,3,3,2,2,8,1,1,2,6,5,8,6,4,5,3,6,4,7,1,1,7,4,7,1,8,2,8,5,0,5,5,5,5,8,5,5,8,5,6,1,7,6,1,8,2,7,4,4,2,3,4,0,3,2,7,9,6,7,5,0,0,1,7,0,6,5,8,8,6,4,7,6,5,6,1,4,0,6,8,1,5,1,2,9
129,8,4,4,5,3,0,4,7,2,7,1,7,0,1,1,8,9,7,7,7,0,9,5,9,1,2,2,8,2,7,2,7,7,9,0,8,2,8,3,7,6,7,6,6,3,9,7,6,6,8,1,3,5,2,6,6,1,6,8,0,2,0,3,4,6,3,7,1,1,2,2,5,2,9,6,7,5,8,9,6,2,1,2,6,1,3,1,8,5,1,1,1,6,8,0,7,5,7,2,1,6,7,6,0,9,3,2,8,9,8,2,6,7,9,7,5,8,2,8,5,3,7,5,3,6,5,1,6,0,5,7,5,1,3,3,7,7,8,7,5,1,8,0,4,5,9,9,6,0,9,6,3,0,2,6,2,4,7,7,5
130,0,1,6,3,4,0,6,8,6,5,0,1,3,4,9,2,5,0,1,0,2,7,9,0,2,4,1,3,0,6,2,7,8,7,8,8,7,7,1,2,9,2,9,2,6,8,4,7,3,0,3,7,3,1,1,5,4,9,5,7,5,1,1,4,8,0,6,5,5,2,6,2,0,8,9,3,4,0,0,5,6,2,4,6,5,2,7,5,7,1,6,9,5,1,6,6,1,3,1,4,9,2,9,1,3,6,2,6,7,7,6,1,4,1,5,6,8,3,2,3,1,3,7,6,7,1,1,2,5,0,9,1,7,6,7,7,7,5,1,6,7,3,1,6,8,6,3,0,7,5,4,6,3,4,7,8,3,0,7,0
131,9,8,4,8,1,3,1,2,6,2,8,0,7,7,1,6,9,4,9,0,8,5,5,6,0,5,6,2,5,1,1,6,2,5,4,2,2,9,3,5,5,6,5,2,6,5,0,5,8,8,3,7,7,7,7,7,7,8,0,3,4,8,8,2,3,1,7,0,6,8,7,6,1,3,1,3,1,5,4,2,5,7,3,4,3,3,9,4,8,1,6,6,8,3,5,4,5,7,4,2,9,6,5,6,8,1,0,6,1,8,4,4,5,4,8,7,1,5,7,5,2,4,9,8,4,4,0,7,2,3,0,2,2,5,8,2,2,5,1,2,8,1,8,7,8,5,1,6,2,7,1,8,4,7,8,0,0,1,3,2
132,5,2,6,4,8,3,3,3,2,0,8,0,2,4,7,1,2,1,6,3,2,9,4,3,5,4,7,0,4,4,9,3,8,4,1,9,2,6,2,7,4,3,9,2,5,3,2,6,3,3,2,7,2,4,3,3,4,1,5,1,7,2,0,3,9,4,6,7,7,1,1,3,0,8,8,7,6,2,9,5,4,2,3,3,5,2,6,3,8,7,7,9,6,8,1,1,6,0,6,2,2,8,2,8,6,3,8,4,5,2,0,5,2,0,7,6,9,3,4,5,2,5,1,2,7,7,7,2,7,6,3,0,0,8,7,5,1,6,4,2,1,6,3,5,5,7,2,4,7,1,5,8,5,2,7,7,2,2,1,8
133,5,5,3,8,6,0,4,7,3,7,0,3,3,4,3,4,2,7,0,4,4,1,1,7,5,9,8,9,5,8,8,2,7,5,6,5,4,6,5,9,1,4,2,9,6,9,9,7,3,3,3,2,6,7,0,2,4,1,8,0,3,5,6,6,2,4,7,1,6,3,7,4,6,2,6,3,8,8,6,6,1,2,0,6,1,7,2,2,3,4,1,9,1,5,6,1,3,2,2,5,3,9,1,7,5,6,9,2,5,4,6,5,3,3,7,7,8,8,9,5,5,3,1,4,3,0,0,3,5,4,4,4,0,1,8,3,1,2,6,3,0,4,8,5,7,0,0,3,9,5,6,7,5,1,8,0,4,7,7,7
134,7,6,8,2,1,4,7,4,7,8,1,7,9,7,6,3,7,2,9,3,5,3,5,0,8,9,2,6,7,8,2,0,1,8,6,8,7,1,1,2,0,9,2,6,2,7,9,4,3,1,9,9,8,8,8,8,3,2,4,3,9,6,3,0,4,5,6,1,3,5,4,4,7,2,2,8,6,2,5,8,6,7,8,4,8,1,0,4,2,6,5,5,3,2,2,3,1,1,7,6,1,0,5,2,7,2,1,5,5,7,6,7,2,5,1,9,7,8,7,3,8,4,5,3,6,1,4,7,1,7,1,2,8,0,2,7,3,3,4,0,5,6,5,7,6,2,6,3,7,6,4,9,1,6,1,2,5,5,9,2
135,4,8,6,1,5,4,8,6,6,2,6,7,0,9,7,4,0,0,4,8,1,3,8,3,5,3,0,6,6,1,7,9,2,4,5,8,8,7,8,6,1,6,1,9,7,0,1,8,4,5,2,0,4,6,7,9,2,7,2,2,4,3,9,5,2,1,8,2,3,5,8,3,7,0,1,3,1,6,6,1,2,0,8,3,2,3,5,7,7,1,5,4,6,2,2,3,1,6,5,8,3,1,1,8,0,7,6,7,2,3,5,3,0,0,6,8,0,3,4,5,6,7,8,2,0,5,1,4,8,5,0,4,2,7,0,3,7,6,5,6,7,2,5,9,6,8,6,4,3,7,0,5,8,2,4,2,6,6,3,2
136,0,7,4,8,8,0,0,2,4,7,8,2,5,5,1,4,0,4,8,1,2,8,9,8,5,3,8,8,2,6,6,8,9,1,7,2,7,5,7,6,2,6,4,5,2,8,5,6,8,9,6,1,4,7,8,7,4,9,5,3,5,4,0,5,7,7,3,8,9,1,2,7,6,6,4,2,4,5,6,0,9,9,7,8,0,5,2,2,1,2,4,3,2,7,3,8,5,0,2,3,1,9,4,6,6,2,8,3,1,7,1,8,5,1,3,3,4,5,2,5,3,0,3,6,4,4,7,2,3,3,5,9,6,8,0,0,6,8,6,3,9,7,5,5,7,4,2,1,9,5,3,4,8,7,1,0,7,2,7,4
137,7,8,3,6,0,3,3,5,8,3,8,1,7,0,4,1,2,3,5,1,1,3,9,6,7,1,3,5,0,3,6,2,3,1,2,4,2,8,2,8,4,7,0,5,8,1,5,1,4,3,9,5,1,2,7,8,8,3,7,0,4,7,4,3,6,7,5,5,8,1,9,7,5,5,5,6,3,4,2,3,2,8,6,4,9,1,4,8,5,1,2,9,7,8,5,0,3,2,6,4,8,2,1,4,1,6,6,1,1,6,6,2,5,1,9,6,1,5,2,4,7,7,0,8,7,0,8,3,5,6,0,4,1,6,6,7,0,2,3,2,2,7,1,8,6,9,8,5,9,2,8,2,1,5,2,4,5,0,7,7
138,5,2,6,6,6,6,0,8,7,7,8,2,8,5,3,1,7,9,0,1,0,8,7,4,4,2,1,1,7,2,6,6,8,1,9,2,7,7,3,5,3,7,2,7,4,7,7,2,7,5,3,6,7,4,3,1,7,3,8,4,8,0,3,2,8,7,4,5,8,6,7,8,7,2,5,7,2,1,1,8,6,6,1,8,7,8,4,6,0,8,3,9,1,3,2,5,1,8,0,3,8,5,8,3,5,6,3,1,5,6,4,6,3,7,8,2,1,9,8,3,2,5,8,2,9,4,3,7,2,6,3,0,7,8,8,2,7,0,7,5,2,0,7,5,1,6,4,6,1,2,3,0,6,2,1,4,3,1,3,2
139,8,9,1,1,1,3,7,1,4,8,4,9,8,6,8,4,4,1,7,8,6,7,4,8,1,8,1,1,4,2,8,8,3,4,7,6,8,7,8,7,4,8,8,1,3,3,1,6,2,1,8,1,7,1,2,4,1,5,3,9,5,3,2,9,3,6,8,3,7,9,5,8,8,9,2,9,5,1,4,5,6,9,7,8,0,3,8,7,5,0,6,7,8,8,2,6,8,7,2,7,6,6,1,3,4,4,4,4,8,4,0,2,4,6,0,1,1,2,1,3,6,9,6,9,0,8,8,4,1,6,1,1,5,3,5,2,6,8,0,1,1,2,6,3,6,7,6,0,2,4,1,6,6,2,8,5,9,5,8,2
140,3,8,3,1,4,1,5,2,5,3,8,4,8,5,0,4,6,7,3,8,2,5,4,4,8,1,1,2,2,9,6,6,8,1,6,4,8,4,2,7,3,4,2,5,5,6,9,1,2,8,1,3,8,6,8,3,9,4,1,3,5,6,1,5,7,2,8,8,9,2,8,5,0,3,5,1,3,3,0,1,4,7,3,1,6,3,7,0,0,6,7,9,8,8,6,2,1,1,3,9,7,1,8,9,2,1,5,6,2,6,7,9,4,1,8,3,7,9,6,2,7,8,4,6,8,7,7,2,1,8,8,5,3,4,7,3,8,1,7,0,7,7,2,2,9,3,5,0,1,7,0,9,4,3,6,3,7,7,2,9
141,8,2,2,8,8,9,3,7,2,0,6,5,6,6,6,5,1,5,4,4,4,6,3,3,5,6,6,1,6,2,6,4,4,0,9,7,4,7,8,6,2,6,6,3,4,5,1,0,0,6,3,8,5,6,1,3,4,2,4,2,6,1,9,5,8,2,6,2,6,2,6,1,5,1,7,3,7,3,5,4,7,2,7,1,8,6,1,1,6,6,9,5,7,1,6,8,3,1,7,7,9,3,4,1,1,0,8,7,0,4,4,6,5,9,4,5,8,3,5,2,8,6,4,3,6,5,6,7,1,3,7,8,7,8,8,4,5,7,0,4,0,7,5,3,7,5,3,9,3,0,6,5,8,4,8,3,6,5,6,7
142,6,1,7,8,4,8,2,7,1,1,1,5,8,4,4,3,8,6,7,1,7,4,3,2,0,9,5,0,1,2,3,4,2,7,4,7,4,3,9,2,1,5,2,9,0,7,3,1,9,8,2,7,4,8,5,3,7,3,9,6,6,6,2,3,8,1,1,7,3,9,8,3,9,9,7,9,5,2,2,2,8,0,4,6,1,7,8,7,6,8,3,4,8,7,2,8,7,3,6,6,3,0,2,7,4,6,1,7,5,5,8,6,4,6,4,4,5,6,5,1,2,2,6,6,5,3,5,8,1,5,0,1,7,7,6,5,9,8,9,6,8,0,7,2,2,2,3,7,0,4,0,6,6,7,5,1,7,0,8,8
143,6,0,9,6,2,3,6,3,1,9,1,4,6,5,2,7,8,9,8,6,9,5,5,3,3,6,1,6,0,8,2,4,7,2,6,4,0,1,0,4,8,1,4,3,6,5,2,2,9,5,2,1,1,6,3,8,7,7,9,2,6,3,3,7,5,0,5,4,8,4,5,6,7,2,2,4,4,4,4,5,5,2,4,8,8,0,3,4,8,6,2,5,8,3,0,8,2,8,4,2,8,2,4,7,5,4,7,6,8,4,1,7,8,8,1,6,9,6,8,9,8,6,9,9,2,3,9,8,8,4,8,1,2,6,6,9,1,8,1,1,8,6,0,8,5,1,2,6,2,5,7,4,7,6,3,5,6,6,2,2
144,2,9,1,2,4,3,4,2,2,5,6,7,1,4,7,2,6,0,5,1,5,0,7,0,1,6,7,6,4,8,8,3,5,7,4,0,8,3,2,5,3,9,8,0,7,6,8,7,4,4,1,2,3,5,8,6,0,0,6,9,4,5,7,7,7,2,3,1,4,7,4,4,1,4,1,6,9,6,5,4,1,8,7,3,5,5,8,5,1,4,8,7,9,4,0,2,3,5,2,3,5,2,6,6,7,8,4,7,7,5,7,0,1,0,7,7,6,2,4,5,3,6,3,6,5,6,1,5,8,8,5,5,4,9,1,2,3,8,6,6,7,5,1,0,1,1,5,8,8,9,8,5,1,1,7,9,8,5,1,6
145,8,9,9,2,1,6,9,9,1,1,6,6,3,7,9,3,1,5,3,7,1,2,6,9,7,8,3,2,2,2,2,2,9,8,1,4,2,2,3,3,3,5,1,8,8,7,8,1,6,6,6,7,1,3,4,8,2,7,2,3,2,5,2,7,6,7,4,5,4,9,4,1,7,8,1,4,8,7,0,3,7,4,0,6,1,2,4,7,8,1,7,3,2,8,6,5,7,7,9,2,5,5,9,5,4,3,4,2,1,8,0,2,8,0,5,8,4,6,1,8,4,2,3,5,7,1,5,2,9,2,9,9,3,5,8,8,2,6,8,6,5,5,7,8,0,1,2,5,8,8,4,6,2,3,8,0,9,3,7,7
146,3,3,3,5,9,4,9,1,9,4,1,2,7,8,8,8,1,5,9,4,0,5,3,9,1,7,4,6,4,8,7,9,5,1,9,4,4,4,3,0,6,9,2,1,2,9,4,1,3,2,0,5,4,8,1,3,8,1,3,4,5,6,7,1,1,6,2,8,7,3,6,9,2,2,7,3,1,7,5,1,6,1,1,7,9,6,1,5,2,7,1,8,1,5,6,7,8,9,5,2,1,9,4,8,1,3,6,4,9,5,1,1,7,8,3,2,4,7,6,1,7,6,7,2,9,0,8,4,2,2,5,5,4,1,5,6,3,1,4,0,4,5,2,6,9,0,1,6,5,8,9,5,3,8,8,0,2,5,5,1
147,3,4,5,3,1,6,1,6,2,6,6,2,2,4,3,5,3,8,8,1,6,2,4,8,5,3,5,1,0,4,1,7,1,1,8,9,1,6,8,2,4,3,0,2,2,5,5,7,8,6,6,0,5,7,2,7,3,4,5,6,0,6,5,5,3,0,1,6,8,3,7,8,7,1,8,5,1,2,9,4,1,3,4,1,2,8,5,7,2,1,2,3,6,4,0,4,5,7,5,7,4,1,4,8,9,4,8,7,3,0,3,6,7,7,3,7,7,6,2,3,3,7,6,1,6,6,1,3,2,3,8,5,4,7,8,8,2,6,3,5,2,8,6,8,6,8,0,8,0,8,1,4,7,0,6,4,3,7,5,1
148,8,7,9,4,7,7,6,5,1,1,0,2,6,4,0,7,0,2,4,1,2,5,1,1,5,1,5,2,5,0,7,3,4,5,2,2,3,6,2,2,2,0,8,5,0,8,4,6,4,5,2,3,7,5,5,2,4,1,1,1,6,2,6,1,3,6,8,5,3,7,9,1,6,6,8,4,8,6,4,8,1,1,3,8,1,2,6,5,3,3,8,7,2,0,0,4,4,5,0,4,5,5,4,4,8,0,7,6,7,2,6,2,6,8,3,7,1,8,8,8,6,8,5,5,8,5,0,7,4,1,7,8,9,8,2,7,0,3,4,2,0,5,9,1,4,9,6,0,4,9,7,7,4,8,3,5,7,2,6,7
149,8,1,4,4,3,8,1,1,2,8,5,9,6,4,1,0,7,4,0,3,7,4,4,3,8,8,0,4,5,4,6,5,8,1,8,7,5,7,1,3,2,2,2,9,8,2,5,2,6,0,1,3,1,2,8,6,3,6,8,6,2,9,1,6,2,9,5,4,5,9,5,4,3,7,3,9,2,7,9,5,1,6,6,6,0,0,9,2,6,1,1,1,0,4,1,7,8,0,2,7,7,8,1,2,6,6,3,1,1,8,7,7,3,3,6,6,1,7,8,5,8,8,7,3,8,8,1,4,6,7,8,1,6,2,7,1,6,9,4,9,2,4,7,0,3,3,1,1,0,1,7,7,0,8,3,7,4,7,2,6
150,8,0,5,5,4,3,4,2,1,1,2,1,8,4,3,1,8,4,6,6,0,8,6,1,9,2,5,3,3,7,6,6,5,0,8,2,8,8,3,3,2,1,5,9,6,5,5,9,1,8,3,5,3,9,2,2,0,0,3,1,5,3,2,1,3,4,1,6,2,9,4,5,2,6,9,5,7,5,4,1,9,1,6,7,8,7,4,8,2,6,7,9,7,6,1,0,4,4,4,7,3,5,5,1,8,7,3,8,3,6,9,9,5,5,8,2,3,1,2,6,3,4,1,6,4,7,2,6,5,5,6,7,6,4,6,5,2,8,7,2,7,0,5,9,9,5,6,4,5,0,4,1,5,0,3,3,3,5,8,1
151,1,2,0,0,8,7,2,8,1,2,3,6,2,2,5,4,9,1,2,1,7,7,4,1,2,8,6,6,3,6,3,6,8,4,6,7,5,9,7,7,5,3,7,9,5,7,5,5,5,1,4,2,5,6,8,2,1,6,6,8,2,2,3,7,3,2,1,8,7,5,8,1,8,5,2,2,4,7,7,4,8,4,3,5,1,1,9,5,4,7,5,1,9,8,4,5,2,2,3,6,7,6,5,4,9,0,2,4,5,8,5,5,7,7,3,5,1,6,4,3,5,6,8,6,5,6,4,7,1,7,4,8,8,1,2,0,2,6,3,5,2,7,0,4,7,5,0,4,2,4,0,4,2,5,6,0,5,5,1,6
152,2,0,4,7,8,1,6,1,4,6,9,8,6,1,3,5,8,7,4,5,4,1,6,1,9,8,6,8,8,4,9,1,4,9,4,8,2,4,2,1,8,4,9,6,0,1,3,2,6,2,1,6,2,4,4,8,0,7,6,9,2,4,1,4,7,8,8,6,5,5,3,6,9,9,3,6,3,7,3,2,7,8,0,6,0,5,4,7,4,7,2,4,1,4,5,3,9,6,3,1,2,8,9,5,5,1,3,2,2,5,2,2,2,8,2,1,3,4,7,2,6,6,3,7,8,4,7,3,7,6,5,7,8,5,6,6,3,5,2,7,2,3,6,3,4,4,5,4,5,4,3,0,3,6,5,3,7,8,3,0
153,6,6,3,5,7,3,1,2,3,4,1,8,2,2,2,5,4,2,9,9,2,6,1,4,3,0,5,6,1,9,9,5,4,0,8,2,7,1,7,3,7,0,4,4,8,2,0,4,0,1,9,5,2,1,5,9,4,2,2,7,2,1,1,3,5,6,7,8,9,0,7,3,4,2,8,2,6,2,2,3,3,4,4,2,0,3,7,7,2,1,7,6,8,4,1,6,4,3,5,1,1,4,5,8,1,5,0,2,0,5,6,2,5,7,9,7,4,5,4,7,4,9,4,8,3,7,0,3,5,4,7,7,6,8,4,4,4,7,8,3,1,7,4,5,7,4,3,7,1,1,0,5,0,5,8,7,2,6,3,6
154,2,1,4,6,6,8,1,3,4,3,4,4,1,6,5,3,4,7,8,4,4,2,4,0,1,4,2,3,5,6,4,2,7,7,4,6,3,8,4,5,2,1,4,7,7,7,5,1,1,3,6,6,9,5,2,8,1,6,9,4,5,5,2,0,1,7,9,9,6,4,0,8,1,0,5,5,3,0,6,4,5,6,7,3,4,3,7,5,8,0,3,9,7,4,3,5,2,4,5,5,7,2,4,2,1,2,7,4,4,7,6,5,9,7,9,2,1,3,1,4,5,6,4,8,3,8,5,4,5,3,2,7,8,8,9,7,6,9,4,6,1,8,6,7,3,8,4,3,7,5,6,3,7,0,5,2,7,2,3,8
155,3,7,3,8,3,5,3,7,7,4,1,8,4,9,7,5,0,2,2,2,7,7,2,1,8,5,3,7,3,7,5,8,0,8,1,5,5,5,1,4,6,5,2,1,2,1,4,8,6,1,9,5,1,4,1,6,0,9,7,9,8,1,0,1,4,8,9,9,4,8,5,3,2,8,8,2,4,1,8,9,0,8,1,7,6,4,4,2,3,4,9,5,5,1,9,7,7,2,3,9,5,1,8,2,2,1,3,0,4,6,9,9,2,1,4,3,0,4,6,0,3,6,3,9,8,8,5,3,7,2,8,1,8,5,0,4,2,5,7,7,3,9,1,1,3,6,2,4,6,5,2,3,1,7,0,0,5,6,6,4
156,4,1,5,5,6,1,0,3,4,6,8,0,2,7,6,5,5,3,6,1,4,5,7,5,6,6,8,7,4,4,5,1,2,6,1,6,2,2,0,0,5,0,7,0,5,6,7,2,8,1,9,1,1,2,4,9,1,4,4,0,6,1,9,6,0,4,8,6,8,5,7,2,2,4,4,1,3,5,2,6,0,6,4,0,3,2,2,4,2,3,7,6,7,3,7,4,7,8,7,7,2,6,1,6,3,6,4,7,1,7,9,2,7,7,3,6,5,2,1,7,3,4,3,7,5,4,6,2,1,7,3,7,8,8,5,3,9,5,4,8,5,2,5,6,1,6,7,4,6,2,2,5,5,6,5,0,3,3,4,5
157,3,3,1,1,3,9,2,3,1,2,9,1,7,4,6,4,7,1,2,1,6,0,3,6,3,2,4,3,6,4,1,4,2,4,5,7,0,5,2,6,4,4,2,9,3,2,3,8,7,6,5,2,7,4,0,1,4,6,1,2,7,7,3,7,4,6,8,2,8,8,7,5,6,3,2,8,5,7,3,3,2,0,5,6,8,9,8,1,1,6,7,9,3,5,2,4,2,7,8,8,3,2,6,3,1,8,7,0,4,1,9,2,3,3,0,5,1,1,8,1,6,5,1,5,4,8,5,6,6,3,7,4,4,5,1,4,7,5,0,7,4,8,6,4,8,7,2,4,9,1,5,2,4,8,2,5,0,8,3,7
158,6,6,6,7,2,3,1,8,4,8,3,1,1,5,6,0,7,4,2,9,2,5,2,2,7,2,7,3,8,2,6,9,2,3,6,7,5,2,3,4,4,4,6,0,1,2,9,3,7,7,7,6,9,2,2,1,1,2,0,3,3,5,2,3,1,5,5,7,3,8,3,8,8,8,7,2,8,5,4,8,3,8,4,1,2,0,3,7,7,8,7,5,1,4,3,1,9,6,5,3,8,4,8,4,5,3,7,6,7,3,6,1,1,7,0,0,6,6,7,8,3,5,6,3,5,1,7,1,0,8,1,2,3,4,7,6,6,7,9,9,7,2,8,1,8,7,8,9,9,2,6,1,8,7,7,1,8,0,9,2
159,3,1,1,1,4,7,6,8,8,5,5,2,4,2,9,6,7,1,4,8,4,5,3,1,2,1,2,4,7,5,9,1,0,8,5,6,0,3,3,9,7,9,3,7,2,2,0,4,3,5,4,9,1,7,8,5,8,5,4,6,8,1,0,5,7,1,8,7,7,4,2,1,6,5,1,3,2,2,2,4,5,0,2,2,6,1,5,3,2,2,5,6,3,5,7,0,2,5,9,1,1,7,6,8,0,2,6,5,1,2,4,2,6,4,3,4,6,8,4,8,9,7,3,9,6,8,1,8,1,1,7,4,5,2,7,6,4,4,1,5,2,7,4,3,6,9,2,0,8,0,8,0,3,6,7,4,2,1,0,8
160,3,1,4,3,5,4,4,0,4,1,5,4,8,2,7,9,0,3,3,2,3,7,6,9,7,2,8,0,6,1,6,4,6,6,2,8,8,4,1,1,4,1,9,2,1,1,9,8,6,1,9,8,4,3,4,4,2,8,1,8,0,1,8,3,4,1,3,6,3,8,4,5,9,5,0,2,4,6,7,9,7,8,7,3,3,6,6,5,8,5,8,2,8,6,7,2,1,6,2,2,4,5,6,8,9,4,6,4,4,8,1,2,6,5,8,6,4,6,2,8,7,6,5,1,1,8,7,3,6,2,7,1,5,2,7,6,7,1,7,5,7,1,4,7,5,9,6,3,4,3,2,7,3,2,5,6,5,2,8,0

