0,1,2,3,4,5,6,7,8,9,10,11,12,13,14,15,16,17,18,19,20,21,22,23,24,25,26,27,28,29,30,31,32,33,34,35,36,37,38,39,40,41,42,43,44,45,46,47,48,49,50,51,52,53,54,55,56,57,58,59,60,61,62,63,64,65,66,67,68,69,70,71,72,73,74,75,76,77,78,79,80,81,82,83,84,85,86,87,88,89,90,91,92,93,94,95,96,97,98,99,100,101,102,103,104,105,106,107,108,109,110,111,112,113,114,115,116,117,118,119,120,121,122,123,124,125,126,127,128,129,130,131,132,133,134,135,136,137,138,139,140,141,142,143,144,145,146,147,148,149,150,151,152,153,154,155,156,157,158,159,160,161,162,163,164,165,166,167,168,169,170,171,172,173,174,175,176,177,178,179,180,181,182,183,184,185,186,187,188,189,190,191,192,193,194,195,196,197,198,199,200
1,0,5,8,9,3,1,6,4,2,1,8,7,5,6,2,5,3,5,1,2,7,0,0,4,2,2,1,3,4,1,2,6,0,7,3,2,1,9,2,5,1,7,4,0,8,3,4,8,6,3,8,1,9,6,1,7,4,1,9,3,7,3,6,3,6,1,7,8,8,1,4,5,7,5,7,7,8,3,5,6,6,6,4,5,2,4,1,0,5,5,7,2,2,1,1,4,6,1,8,3,0,8,4,5,2,1,9,3,3,3,8,9,4,2,1,1,6,1,3,1,7,0,8,1,2,5,2,3,3,0,8,5,3,2,3,4,3,5,9,6,2,0,3,7,4,9,9,9,5,5,8,8,5,5,1,7,4,6,2,9,1,7,3,9,2,4,7,2,8,4,5,3,3,6,5,5,2,6,7,6,5,9,4,6,5,5,5,4,0,6,0,3,5,3,2,9,9,2,7,6
2,5,0,1,2,6,3,5,3,7,2,5,2,2,9,4,5,4,2,2,1,3,5,6,6,6,7,1,8,6,2,0,2,3,3,4,9,1,4,2,2,3,6,9,5,7,1,2,4,9,8,3,5,6,5,8,1,2,3,4,2,7,2,2,2,1,6,0,8,2,1,9,1,8,5,7,9,8,5,7,9,3,8,6,8,3,5,6,3,1,7,8,6,6,7,3,4,4,4,1,1,8,2,6,6,9,5,7,2,7,4,7,6,1,8,5,1,3,5,0,2,8,5,8,3,6,5,6,6,6,4,3,6,4,2,4,5,8,5,0,1,2,0,4,7,7,6,4,1,5,6,7,6,3,8,6,8,6,0,7,6,7,8,9,6,1,2,8,7,2,3,6,8,8,7,1,5,1,5,5,7,7,2,7,3,2,8,1,8,2,3,7,2,6,3,2,1,8,2,1,5
3,0,1,0,6,8,2,6,4,8,6,8,3,5,5,2,9,6,4,3,3,2,4,5,4,6,8,4,1,0,5,2,2,4,2,0,2,5,2,7,7,3,1,8,9,9,2,2,8,9,1,2,6,7,7,8,8,0,4,6,2,7,2,2,1,1,5,3,7,2,3,5,7,7,1,3,7,6,8,4,1,3,5,6,9,6,6,6,8,4,7,2,1,3,8,4,2,6,7,9,9,5,6,3,2,3,4,9,1,7,9,6,1,2,6,7,1,3,5,8,2,2,8,1,8,3,8,3,5,5,2,0,8,1,4,0,8,5,9,2,8,5,1,4,3,6,5,7,2,8,4,4,6,3,4,0,6,3,8,4,2,4,8,1,4,2,0,6,3,3,4,1,6,7,7,5,0,8,2,2,7,7,6,8,1,0,8,6,8,8,5,4,1,7,7,5,4,3,8,1,2
4,7,7,6,0,1,2,3,3,5,8,6,4,0,3,6,3,6,3,0,1,3,4,7,5,6,4,4,6,2,0,8,2,2,7,8,8,3,1,3,1,0,1,3,7,4,8,6,6,3,7,8,0,6,6,9,6,5,5,5,9,1,7,3,6,3,3,2,2,4,0,7,3,1,4,1,1,5,4,9,1,8,6,7,2,1,8,2,7,4,7,3,6,6,6,1,5,1,5,3,6,7,5,0,3,3,3,8,8,1,3,4,4,9,8,7,3,9,8,5,1,3,1,3,7,8,3,2,2,5,3,5,7,0,7,4,1,7,7,0,2,1,7,2,4,2,3,1,6,1,5,5,1,2,1,4,9,4,8,4,2,4,5,3,7,0,6,2,4,6,5,3,1,5,3,6,6,6,5,2,3,1,2,7,8,8,5,9,7,8,5,8,3,2,1,4,4,7,3,8,6
5,3,1,8,7,0,9,0,2,1,0,7,7,1,6,9,1,8,8,2,2,2,6,6,8,2,6,4,6,3,5,6,6,0,8,0,5,3,6,3,2,5,8,2,7,1,8,2,3,1,0,6,7,4,1,8,7,2,4,1,8,3,6,5,6,7,8,8,1,1,9,5,4,1,6,7,1,7,8,7,3,3,5,9,5,0,5,6,7,1,8,0,4,4,2,1,7,5,3,1,6,1,7,1,5,9,9,1,6,4,8,7,2,3,2,8,4,5,3,7,5,2,3,8,7,8,5,3,0,7,3,5,2,1,6,8,1,6,9,0,7,0,8,6,3,1,8,5,1,8,1,9,7,2,7,3,2,1,8,9,2,5,6,6,6,6,3,7,9,8,7,2,6,0,8,6,4,1,4,1,3,3,4,6,7,6,4,1,6,9,1,3,8,1,2,8,6,0,3,6,7
6,7,9,8,3,3,0,1,9,4,3,1,3,2,7,8,0,2,2,0,3,4,7,2,8,6,6,2,4,4,9,2,1,7,3,7,3,1,5,7,7,9,3,2,3,3,1,2,4,7,6,6,8,4,8,1,7,4,5,9,4,9,2,4,8,6,2,0,5,3,3,2,3,2,4,0,2,6,9,8,3,5,1,2,3,0,3,6,2,7,4,7,4,4,6,5,7,4,3,3,5,5,5,8,4,3,4,3,5,7,4,4,1,9,1,7,6,1,3,6,8,8,3,8,3,2,5,6,8,7,5,6,8,9,1,0,1,2,2,2,1,1,3,1,3,5,1,1,7,3,5,2,7,2,4,8,4,4,2,8,6,8,4,0,1,5,7,9,5,3,4,7,5,0,4,6,4,7,7,8,6,1,2,1,3,9,9,3,7,1,1,1,9,8,4,4,6,1,4,8,2
7,3,3,3,8,7,2,0,6,6,5,3,4,8,7,6,8,9,1,6,7,7,8,4,7,2,7,5,7,4,4,5,5,3,9,6,2,0,6,6,7,7,9,4,0,1,4,5,5,5,7,3,8,7,8,8,3,1,8,3,3,2,5,8,1,6,9,5,3,6,7,9,3,2,8,3,4,4,3,8,5,4,5,3,7,6,1,4,1,2,0,4,8,2,3,1,4,8,0,3,5,8,2,6,8,6,7,3,7,4,8,3,3,5,9,2,7,5,3,6,5,3,6,5,4,6,0,8,5,1,6,5,0,9,4,7,7,8,4,5,1,2,9,5,2,2,7,6,4,3,0,2,0,2,3,4,2,5,4,4,3,4,5,1,1,4,8,1,1,5,8,2,1,9,3,6,6,5,3,0,6,5,4,5,1,4,4,3,5,8,1,2,4,7,6,0,2,1,3,7,0
8,5,3,4,2,5,3,5,0,8,1,5,3,3,2,5,7,8,6,1,5,8,7,5,5,1,7,1,7,4,3,5,5,8,5,3,6,3,3,0,2,4,6,7,8,4,3,3,8,8,1,1,5,8,2,8,6,6,4,3,5,4,3,2,1,6,5,4,7,5,6,6,7,8,2,7,9,3,8,6,3,5,6,8,7,2,2,9,6,4,4,5,8,4,5,7,4,8,3,0,0,9,2,1,4,4,0,7,2,5,3,3,4,5,7,3,4,2,0,4,8,0,6,7,6,8,1,1,2,5,6,4,0,2,6,6,7,7,0,7,3,4,2,2,9,5,2,3,2,8,6,8,0,1,7,9,3,4,6,9,8,7,4,3,4,7,6,4,9,4,5,1,4,8,8,3,6,5,3,1,3,1,7,3,5,8,6,6,2,3,2,6,8,7,8,9,8,5,4,3,1
9,0,2,3,2,6,9,5,1,0,8,7,9,2,4,5,0,2,4,1,1,2,4,4,2,5,2,8,8,9,3,4,5,9,9,1,3,6,3,7,8,9,1,2,0,1,4,7,2,2,7,7,4,7,8,8,5,2,1,3,6,2,1,6,8,8,6,8,7,8,7,0,7,8,4,1,1,6,8,8,2,3,0,6,2,2,3,5,1,3,2,8,9,4,3,2,4,6,4,0,2,7,8,1,1,7,3,1,2,9,0,7,1,3,2,2,2,0,8,7,1,5,2,4,1,9,2,8,6,9,2,3,2,5,7,7,3,4,1,3,7,3,4,7,7,5,0,6,3,2,9,6,2,5,1,2,8,3,7,1,0,4,8,3,3,7,9,1,6,8,0,3,9,1,2,3,3,5,4,3,0,1,0,2,2,8,8,8,2,6,2,2,0,5,3,4,3,7,8,5,5
10,8,2,4,7,8,7,4,0,5,0,8,2,3,7,7,1,5,2,3,4,5,4,7,9,5,7,7,6,2,5,4,6,1,8,4,1,7,3,4,2,2,0,2,6,8,2,0,2,7,8,2,0,3,0,6,3,7,5,0,1,5,3,1,6,6,4,7,5,0,4,1,7,6,1,7,1,3,7,7,4,7,7,0,6,2,3,6,0,4,3,4,5,1,2,6,7,2,4,5,0,4,6,6,3,8,7,2,4,4,8,0,0,1,9,2,4,0,1,7,7,2,8,8,8,6,4,8,3,2,2,0,4,6,6,9,5,9,6,6,3,4,8,2,2,4,4,0,3,5,8,5,6,5,6,7,7,5,2,3,4,2,0,4,0,3,3,4,4,3,4,1,5,3,9,7,7,2,7,7,2,8,7,2,6,7,4,4,3,9,9,9,6,1,4,6,5,7,6,3,4
11,8,7,4,8,7,5,4,8,2,5,0,1,9,6,5,5,0,5,1,2,0,4,1,7,4,4,8,1,3,2,7,0,0,1,8,4,5,5,9,1,4,1,2,2,5,4,2,1,3,1,1,9,7,2,8,1,1,2,2,8,3,4,9,2,0,3,3,4,0,4,4,5,6,4,7,2,3,7,1,3,8,3,4,8,8,1,6,0,1,8,4,1,6,2,5,3,2,4,6,6,2,4,9,5,6,3,7,2,1,2,5,2,1,7,1,2,7,6,2,4,8,6,7,7,8,1,6,1,6,7,3,1,5,5,3,0,7,1,6,5,5,8,5,6,3,0,7,5,9,9,7,1,3,3,6,5,9,7,6,0,8,6,6,2,9,8,0,3,1,1,2,3,5,4,4,3,8,1,6,0,9,2,8,4,4,8,1,7,2,1,0,5,4,9,3,3,2,3,5,7
12,6,6,7,4,3,5,8,4,4,1,0,0,6,7,5,4,9,3,5,1,0,5,9,6,5,3,8,6,1,4,3,6,3,7,4,8,3,2,4,3,6,4,8,7,9,5,4,1,4,1,8,2,1,7,8,5,8,4,7,5,6,7,5,3,3,4,9,5,8,9,7,0,5,5,5,1,4,4,0,7,3,8,2,4,5,7,3,2,6,1,6,0,0,6,3,1,8,8,0,8,7,7,3,4,1,2,2,2,6,5,1,5,5,2,7,9,3,1,6,3,1,9,8,3,3,9,1,8,5,6,1,7,3,3,8,4,3,5,1,6,0,3,8,5,1,9,6,3,5,9,4,2,3,5,6,5,5,4,4,2,1,4,1,2,7,1,7,8,8,3,0,3,2,5,4,2,1,8,6,7,2,0,8,4,3,6,2,4,7,2,5,0,8,5,8,6,3,0,5,7
13,8,6,2,6,0,8,2,5,7,0,7,8,0,5,5,5,3,1,8,4,8,5,1,1,6,3,6,7,6,7,8,9,2,3,0,1,2,9,1,6,7,8,3,2,9,7,9,7,4,7,7,1,8,3,1,7,5,4,8,1,2,8,5,5,7,0,1,4,7,2,0,1,6,9,7,4,9,7,1,8,4,4,6,2,0,2,7,7,7,3,0,2,4,2,2,6,4,7,1,2,5,0,4,5,4,8,7,7,9,7,2,2,1,5,4,4,5,5,5,6,1,6,6,8,8,9,2,2,5,6,7,5,4,2,7,1,1,3,7,4,4,8,2,0,2,1,6,4,5,7,4,5,5,4,4,2,5,3,1,1,3,4,5,3,2,5,2,7,1,6,1,8,0,5,5,5,2,3,9,4,7,5,4,8,4,2,8,8,9,7,5,9,4,4,7,7,6,8,2,7
14,2,3,8,3,3,4,4,8,6,4,0,8,5,0,4,8,5,8,1,0,6,7,8,4,1,6,4,7,1,9,0,4,0,5,6,6,1,4,3,8,4,8,5,5,2,6,7,0,0,3,4,6,7,1,9,5,6,6,6,8,3,3,2,8,6,7,3,6,7,1,1,7,3,4,4,3,1,2,5,4,2,3,6,2,6,3,3,6,8,5,7,0,8,7,3,7,8,2,6,7,7,7,3,2,9,2,7,5,7,2,6,0,2,3,5,6,2,7,3,2,4,9,8,0,4,5,2,4,4,4,0,4,1,4,4,6,8,8,1,3,2,2,5,2,6,2,8,7,3,2,6,8,7,3,6,0,3,8,3,2,6,0,2,8,4,2,8,7,5,0,3,5,3,5,7,6,1,6,4,4,6,6,3,9,7,1,8,6,1,2,3,8,3,2,0,2,1,2,2,2
15,9,3,2,8,8,8,8,3,3,2,5,1,8,4,0,7,7,5,7,8,0,1,9,3,6,3,2,4,2,4,6,6,9,3,4,5,7,8,7,8,1,1,6,2,8,0,1,7,3,2,8,7,5,5,4,2,5,9,4,4,2,8,4,7,0,8,1,6,9,3,1,5,4,8,5,6,8,3,4,6,3,7,8,6,2,6,0,5,3,1,1,5,1,2,9,6,1,2,4,1,2,9,1,8,4,8,3,9,7,5,7,6,2,4,2,0,6,8,1,3,1,0,5,6,3,8,3,6,6,0,3,3,6,4,6,3,6,2,8,4,4,4,4,6,1,5,6,4,1,3,2,4,8,5,6,5,6,4,1,7,1,4,3,6,6,8,8,6,5,3,3,0,3,7,5,7,2,2,5,5,4,5,3,4,3,7,6,7,2,2,9,4,6,0,3,2,7,3,3,3
16,8,3,5,8,1,7,4,2,0,6,2,4,1,6,7,0,0,4,4,8,4,1,4,1,4,5,5,2,8,0,3,9,1,1,0,0,7,6,5,4,1,2,6,1,8,2,2,6,5,4,0,1,6,2,9,1,3,7,5,1,0,1,2,8,6,2,1,3,0,7,8,3,5,5,1,4,3,1,9,1,3,3,5,8,4,6,1,5,8,8,4,8,2,3,3,7,0,3,6,4,6,6,6,6,3,7,9,0,0,9,3,5,6,3,0,3,2,7,1,8,3,1,1,6,1,6,8,2,1,6,5,7,8,6,8,8,3,3,2,6,7,2,6,2,7,8,6,3,2,1,9,9,5,4,0,6,2,2,3,1,0,5,7,3,6,7,2,1,6,1,1,7,1,1,6,5,3,1,2,8,4,4,2,0,2,6,6,2,1,1,7,3,0,2,2,2,7,5,7,8
17,8,7,3,0,3,6,9,6,1,9,6,0,9,8,3,3,0,1,2,0,6,3,1,3,1,9,0,5,1,0,1,4,5,7,0,5,8,7,1,0,4,4,9,1,2,3,3,5,8,8,2,3,7,8,1,2,3,5,5,7,2,4,4,6,2,4,9,5,2,9,4,5,5,4,1,1,3,7,7,2,3,7,5,6,6,1,3,4,7,8,2,2,2,5,6,7,9,4,2,5,7,7,8,7,4,3,3,4,8,7,7,6,6,7,5,3,7,0,1,0,2,8,1,9,4,7,7,2,6,5,3,4,1,8,7,9,5,6,6,8,2,1,6,5,5,1,4,1,1,5,6,3,1,7,1,3,3,4,7,7,5,7,0,4,4,1,0,8,0,9,1,5,3,6,7,6,7,7,8,6,9,1,0,8,3,6,6,4,9,2,6,0,2,6,2,8,8,0,1,8
18,4,2,8,0,7,5,5,7,0,0,3,7,2,4,1,9,3,0,8,9,6,3,5,6,6,8,5,4,4,3,3,2,2,4,7,6,2,5,9,4,2,2,9,0,0,1,2,8,5,3,6,4,0,4,3,7,5,7,7,5,3,4,5,4,4,1,6,8,1,1,3,9,6,4,1,8,5,1,8,4,2,7,7,6,4,6,8,9,3,3,2,7,3,5,8,3,6,5,5,6,3,7,9,5,6,8,2,3,7,6,8,5,5,7,0,8,7,0,4,5,8,5,5,1,6,9,8,1,8,8,4,8,1,8,5,8,5,4,5,5,3,1,5,3,6,6,8,5,6,8,0,7,2,3,2,1,0,0,1,4,9,5,8,5,4,2,9,5,5,7,9,1,3,7,5,8,3,0,1,1,1,7,4,4,0,6,4,6,5,0,0,6,0,8,9,7,3,5,5,4
19,7,3,9,0,4,2,8,8,0,9,5,0,7,6,2,8,8,6,0,4,8,0,8,7,1,5,6,9,3,4,1,4,7,4,2,8,8,6,4,5,7,2,5,5,6,5,7,2,1,8,7,3,7,2,5,2,5,6,7,3,4,7,2,4,3,0,2,3,2,2,8,6,5,1,0,0,0,2,5,9,1,5,4,6,2,3,4,5,5,1,9,4,8,3,8,8,7,3,1,8,7,7,3,5,0,6,7,7,3,2,9,5,0,3,8,8,2,3,4,5,6,3,6,3,5,8,1,5,2,8,3,4,3,4,9,5,2,6,0,6,4,7,8,8,1,3,2,4,5,6,3,3,9,2,2,6,6,8,7,3,9,2,6,6,2,1,5,1,9,3,1,8,5,2,7,7,4,8,1,3,6,2,8,8,1,2,8,7,3,7,8,9,1,9,3,2,8,7,3,3
20,3,3,3,6,5,4,3,5,3,0,6,6,9,9,9,4,9,1,4,0,4,5,7,3,8,1,3,3,8,3,5,7,3,6,4,6,8,8,1,8,2,7,3,7,3,6,3,3,4,6,4,6,2,4,4,9,3,7,4,3,4,2,7,1,9,8,2,4,2,8,0,6,3,1,5,1,2,8,6,8,4,9,6,9,4,0,6,9,2,6,3,7,2,3,1,7,6,3,6,4,1,5,5,3,2,3,8,2,1,9,3,0,1,6,8,8,6,3,5,8,0,3,3,7,7,6,3,7,3,7,5,1,1,4,0,1,2,4,1,2,2,4,1,6,8,4,9,3,0,3,1,1,9,2,4,4,8,1,2,3,3,7,9,2,4,0,6,3,8,6,6,5,1,7,6,2,9,9,2,0,7,1,1,3,0,5,6,6,8,2,3,3,7,5,4,3,3,7,3,6
21,0,0,8,8,7,7,6,1,1,7,4,6,1,4,1,3,4,9,3,5,0,0,4,3,8,4,1,3,4,9,4,6,3,5,2,6,8,3,8,9,3,8,9,3,1,2,6,7,2,2,7,3,1,3,2,2,0,5,4,3,6,2,9,3,8,2,4,7,6,8,5,1,4,6,8,3,2,7,2,6,2,2,2,6,0,0,5,5,5,2,5,1,6,4,2,6,5,5,4,4,6,2,4,1,1,3,6,8,2,5,6,3,3,5,3,6,3,5,7,8,3,1,0,2,0,4,3,5,5,6,9,8,5,4,3,5,6,4,8,5,8,3,6,1,6,3,8,6,3,5,5,3,4,2,8,0,7,7,5,1,3,4,2,6,1,5,3,7,3,2,1,8,4,6,8,3,8,6,3,1,3,0,4,4,2,8,4,7,1,3,0,2,8,1,2,1,6,5,2,9
22,4,3,4,7,9,9,8,9,6,2,4,7,8,4,4,3,5,2,8,7,7,0,7,1,2,0,3,5,4,1,7,2,6,4,0,3,6,6,9,5,4,6,7,2,7,3,1,4,2,3,1,5,0,4,6,6,3,2,5,3,4,8,7,0,1,9,1,1,3,0,9,4,1,7,7,1,1,9,9,2,7,2,0,6,5,3,7,5,1,6,3,8,8,4,9,4,6,4,8,5,3,7,8,3,3,4,5,8,1,4,4,8,8,4,4,8,9,2,2,6,7,5,8,6,1,6,8,5,9,6,3,1,8,4,7,8,5,2,3,4,5,3,2,4,6,4,6,0,8,5,5,2,7,2,3,7,8,3,4,8,8,8,5,2,5,5,3,2,1,6,4,6,3,2,4,6,1,3,2,3,7,6,5,1,6,4,3,2,1,7,6,9,7,3,0,8,7,7,5,0
23,2,0,2,5,3,7,5,0,0,6,4,7,2,0,3,2,8,5,7,3,8,2,0,6,6,2,3,4,4,3,3,0,1,7,3,8,4,1,1,8,5,8,0,8,4,6,6,3,7,1,2,3,0,8,3,3,8,8,7,3,1,0,9,3,5,6,5,2,6,5,6,4,7,9,8,3,6,9,9,6,0,5,5,2,5,5,4,3,4,6,6,2,2,0,8,6,2,7,3,6,3,7,7,2,6,8,9,5,7,2,4,5,8,1,7,3,1,3,5,4,3,4,7,1,8,8,1,2,8,9,4,3,6,5,2,2,3,3,9,7,1,6,7,2,6,2,1,5,9,3,3,2,5,4,8,8,7,4,3,0,6,2,7,6,0,9,7,2,5,4,5,1,1,9,6,9,2,1,5,1,7,6,5,1,5,5,5,2,3,4,1,1,7,1,1,0,3,6,5,3
24,5,1,7,8,4,5,1,1,8,2,7,2,3,1,8,8,3,0,9,4,6,8,7,0,2,2,8,4,5,9,3,5,1,6,4,5,7,3,4,6,4,8,4,7,0,5,1,8,1,6,3,2,0,7,3,8,6,5,6,6,4,2,8,6,4,9,8,3,0,5,8,0,7,7,3,3,9,3,8,3,2,8,5,1,4,3,7,8,4,4,5,6,5,1,7,7,0,4,6,8,4,9,6,4,9,1,7,6,4,6,6,6,2,4,4,4,5,2,4,4,7,1,8,8,7,5,2,2,4,6,9,3,6,2,8,3,7,1,1,2,7,4,2,4,8,8,4,7,3,7,2,2,9,3,9,1,1,0,0,3,3,5,5,4,2,7,1,3,7,7,5,1,7,2,7,8,1,4,0,6,4,1,5,1,8,5,1,7,3,6,8,8,5,4,3,5,1,1,8,6
25,4,8,6,3,7,5,4,5,2,4,4,6,7,5,7,6,5,6,4,0,6,2,1,8,0,2,4,8,1,2,7,4,3,7,1,7,4,2,3,3,1,8,0,2,8,8,3,1,0,9,2,2,3,7,9,3,6,6,7,0,1,7,4,0,4,5,3,3,2,5,8,6,5,1,5,2,1,1,6,3,2,7,3,5,1,1,7,6,9,5,9,9,3,5,1,4,0,9,2,7,5,2,5,5,7,1,0,7,2,1,8,7,3,8,4,3,4,7,2,0,2,5,8,4,1,5,0,6,7,1,2,6,6,4,6,8,5,4,8,1,2,5,9,1,5,0,0,5,8,3,6,2,8,7,6,7,4,3,7,8,0,1,7,2,1,8,8,7,3,2,0,1,7,8,2,4,6,7,0,8,3,3,1,4,6,9,9,4,2,3,3,4,7,5,7,3,3,6,6,9
26,1,0,4,8,8,5,3,4,0,3,9,1,1,1,9,1,0,1,3,1,4,6,6,1,1,0,1,2,2,0,3,6,4,1,5,5,3,4,0,5,3,3,4,4,9,4,6,4,4,7,0,5,3,4,0,7,5,5,2,7,8,5,7,5,0,7,7,0,5,4,4,7,5,1,5,3,7,9,9,6,4,1,6,4,3,1,2,2,3,5,9,7,2,1,1,8,6,0,6,7,3,5,6,3,3,1,7,3,8,8,2,3,6,8,7,7,6,6,2,8,0,1,2,2,6,6,9,9,2,1,7,2,7,3,1,2,1,8,2,5,5,4,8,7,2,9,7,8,6,8,1,4,4,7,9,5,5,9,3,3,4,0,3,8,3,2,2,4,7,7,5,7,3,1,9,7,9,8,5,8,2,2,2,3,1,8,6,0,4,0,7,5,0,4,9,9,6,3,6,2
27,1,3,3,3,3,5,6,5,2,6,8,7,5,6,0,1,6,7,1,6,6,3,4,0,2,8,0,5,2,6,7,3,1,7,8,5,1,1,2,0,8,4,8,3,7,1,1,6,7,3,5,9,7,5,4,4,4,8,8,6,6,4,3,8,6,4,5,6,6,8,4,8,2,5,3,1,5,4,4,4,2,5,6,5,7,4,6,3,0,1,0,4,2,3,5,7,8,2,9,2,8,5,4,7,3,6,1,3,6,9,4,5,5,7,5,8,5,2,2,2,1,4,4,1,8,2,0,6,5,5,2,1,5,5,4,4,3,1,4,8,9,9,7,3,8,2,3,6,4,1,8,0,8,3,8,1,1,3,8,3,1,2,2,8,7,4,3,7,6,7,6,0,8,1,2,8,6,1,3,7,8,7,6,1,1,4,9,0,1,1,5,7,3,8,1,1,5,4,7,9
28,5,2,5,2,4,2,5,8,3,7,0,1,8,5,1,0,3,1,2,1,4,2,4,3,9,7,5,0,6,6,2,8,1,3,3,1,1,1,8,7,5,5,5,5,5,2,8,8,1,1,2,5,5,2,2,0,6,5,1,1,2,2,3,5,7,0,3,9,6,4,1,9,5,7,8,5,1,7,9,7,4,6,3,5,7,8,7,6,4,6,9,1,1,2,8,4,8,2,5,3,5,5,7,7,1,8,6,5,2,5,1,1,7,6,0,6,7,6,8,2,1,2,0,2,2,8,1,6,1,5,4,5,3,1,1,2,5,3,9,2,1,2,1,4,7,8,0,7,7,8,0,2,4,3,8,6,5,7,4,2,1,8,0,1,7,8,7,7,7,3,3,3,3,4,6,1,5,4,6,5,6,4,7,8,2,2,8,6,1,0,2,2,4,8,7,9,8,2,6,5
29,7,4,0,5,7,4,4,3,4,8,8,7,1,9,4,5,4,8,4,5,3,3,4,7,3,3,5,5,0,1,1,2,8,5,8,3,1,2,7,6,5,2,7,4,1,3,8,5,9,4,4,2,0,6,2,3,0,7,4,2,7,5,1,5,6,7,2,5,4,4,3,3,6,7,0,3,8,0,6,6,2,3,1,2,7,6,5,6,1,0,8,2,3,7,9,9,0,1,6,3,8,8,6,3,8,2,2,1,3,2,7,5,4,1,2,8,5,5,3,1,4,2,1,3,1,8,6,8,5,5,5,0,7,2,4,7,2,3,5,8,3,6,8,9,8,1,7,6,4,4,4,8,9,4,1,1,3,1,2,9,6,7,6,5,7,7,1,2,5,7,6,4,6,0,7,4,8,6,8,8,7,4,4,6,4,1,4,5,3,9,7,7,5,2,7,6,1,4,3,7
30,0,9,4,7,6,9,5,4,7,7,3,2,2,6,6,1,8,1,7,6,0,5,5,2,6,2,8,9,1,0,2,1,7,8,6,7,9,3,8,7,6,0,6,7,5,5,9,2,6,4,3,3,8,0,9,6,2,4,8,9,8,4,5,9,1,6,7,2,8,5,4,7,8,2,4,1,0,6,8,1,3,6,4,6,5,3,1,9,9,5,8,6,7,6,3,1,5,6,7,0,4,3,3,5,0,7,3,4,6,7,7,4,7,7,4,3,0,4,8,1,7,4,6,5,6,2,7,4,0,3,3,6,4,0,3,8,2,7,6,5,5,2,4,0,3,6,6,3,6,5,6,7,8,3,7,2,4,8,4,1,5,3,9,9,2,4,7,1,4,7,1,2,7,4,5,8,9,2,1,6,9,8,5,7,3,8,2,1,6,4,7,9,2,5,7,0,3,6,0,7
31,2,2,1,6,8,5,3,0,1,4,8,3,6,0,2,7,8,8,9,2,5,8,3,5,1,4,1,8,3,6,0,2,6,6,1,1,2,7,7,7,3,5,2,6,7,2,8,3,7,5,2,7,2,8,6,5,3,6,6,3,6,2,4,7,4,7,9,6,4,8,0,9,8,8,3,5,3,4,2,4,8,5,8,8,7,9,7,2,8,7,2,3,5,6,8,5,8,2,6,7,4,5,3,3,3,2,0,6,8,7,8,7,3,8,5,4,9,1,3,5,3,4,1,5,3,3,7,1,1,3,8,3,5,9,2,0,7,8,7,6,2,6,7,1,1,4,1,6,3,3,6,5,5,1,6,6,1,4,3,7,0,1,4,4,8,3,7,8,2,6,2,7,0,3,3,8,2,3,6,1,3,0,8,3,2,7,5,3,2,3,1,4,5,1,0,7,8,8,7,1
32,7,4,3,4,5,6,2,8,4,5,5,1,5,2,1,8,8,1,8,1,0,8,5,1,0,2,8,3,5,7,4,0,8,3,3,0,5,5,6,9,4,4,6,5,5,2,4,1,4,8,4,3,7,8,5,3,7,9,9,9,2,6,6,7,7,2,1,7,5,9,2,5,8,8,2,9,5,9,3,7,1,9,7,0,4,4,3,1,4,5,7,4,7,4,0,4,1,0,7,4,3,3,4,4,8,1,4,7,7,4,3,4,5,2,9,2,2,6,6,2,7,1,5,8,7,7,5,0,2,8,5,2,7,3,5,5,4,8,5,8,5,2,5,1,9,1,0,3,9,9,5,4,9,1,0,3,1,4,4,6,8,8,6,8,5,0,5,4,6,3,8,4,5,4,7,0,3,8,0,8,0,9,7,1,6,7,9,5,2,2,0,2,4,8,1,5,6,5,2,2
33,5,4,5,1,6,8,3,4,4,8,6,3,4,1,7,3,4,8,8,7,8,5,5,4,5,7,3,3,4,3,6,6,0,2,5,1,5,6,3,1,5,2,2,3,0,9,8,5,6,2,5,5,0,1,1,6,8,0,6,3,2,3,2,3,8,4,3,4,8,3,4,8,2,3,3,8,2,8,3,8,7,6,2,4,6,5,3,4,5,5,1,8,9,0,9,4,1,3,4,5,5,6,7,3,6,7,1,5,1,5,2,8,6,3,7,6,8,4,6,9,2,1,1,2,3,6,8,1,1,5,6,1,0,4,3,3,6,7,7,5,2,3,5,5,1,0,1,1,2,6,6,6,7,0,4,2,3,8,5,3,6,3,8,5,5,1,5,2,7,1,0,0,4,4,2,7,6,4,1,9,1,5,2,3,0,2,6,8,7,9,1,1,5,5,2,2,8,9,5,7
34,3,4,1,8,2,1,3,8,3,8,5,4,2,3,2,8,7,1,4,2,5,5,4,1,1,8,3,1,8,0,2,3,5,0,1,6,4,6,2,3,4,2,0,2,7,4,2,2,4,3,5,6,5,4,4,9,4,6,3,7,9,2,4,8,2,9,2,3,4,3,7,4,6,9,7,0,4,1,7,4,5,9,2,5,0,3,8,0,0,7,2,6,4,1,8,8,8,3,6,3,6,7,8,1,4,8,7,2,4,0,7,4,5,8,4,1,8,8,7,5,0,4,3,7,7,1,9,8,2,6,5,4,5,1,4,1,1,3,3,5,4,2,7,6,5,5,3,8,2,8,8,4,3,5,1,1,8,3,4,7,3,6,7,5,2,2,2,5,1,1,5,2,1,5,0,1,8,7,8,3,4,9,2,3,6,6,2,5,7,1,0,8,7,7,4,7,6,8,5,6
35,6,8,0,3,1,0,4,0,5,9,8,1,1,6,8,4,0,5,9,5,4,5,2,1,7,4,1,6,1,2,6,2,0,9,0,6,4,8,7,7,6,8,3,0,3,6,2,0,0,8,7,3,2,6,4,3,4,2,2,0,6,3,8,2,1,7,8,9,7,2,7,4,1,7,4,7,6,5,7,3,6,4,7,5,7,7,6,9,3,1,7,5,8,6,9,9,0,8,4,8,3,5,7,1,4,2,3,5,8,0,7,6,2,7,1,1,9,3,6,5,2,3,1,3,3,8,3,5,1,6,1,4,3,8,6,4,5,6,0,7,8,5,8,5,5,2,2,2,1,8,3,5,6,1,0,7,9,2,4,3,4,3,8,1,1,6,3,7,4,4,4,5,4,5,2,2,7,5,7,3,2,3,4,5,3,7,3,4,6,4,2,7,4,1,5,3,4,5,1,7
36,8,6,6,2,2,6,6,1,4,7,7,6,8,7,6,7,3,6,0,6,1,6,7,7,3,7,9,5,2,5,5,5,2,3,7,0,8,9,1,5,5,8,8,0,5,1,9,1,8,3,2,3,9,9,3,7,3,6,3,6,3,9,1,7,0,3,6,7,5,8,4,7,2,3,8,4,8,9,2,2,5,1,2,3,4,3,1,9,7,6,8,1,4,5,6,2,3,9,4,7,3,8,1,3,1,7,0,7,5,3,5,5,2,6,4,3,4,7,1,8,1,5,6,5,3,1,1,1,0,1,9,3,5,6,4,4,8,3,7,8,2,6,4,5,7,9,3,3,3,3,7,8,0,5,5,2,3,5,9,4,6,8,8,8,1,8,7,1,4,2,2,7,8,7,4,4,0,9,4,3,4,1,2,2,6,7,9,0,3,7,9,6,0,9,7,6,7,8,7,7
37,1,3,6,9,1,6,1,3,8,8,2,2,4,7,5,4,3,2,1,0,4,3,5,7,2,5,0,5,7,5,3,6,3,4,3,6,0,4,5,3,5,1,3,5,3,4,4,5,6,2,8,2,6,7,8,6,3,2,4,4,4,7,3,5,4,7,6,2,4,0,7,9,3,3,1,3,1,2,0,1,7,5,4,8,2,5,8,2,0,2,4,5,5,2,0,1,7,2,1,2,2,5,2,6,5,6,8,4,7,1,1,3,3,0,4,7,1,8,6,8,3,7,4,0,1,2,8,6,5,2,3,3,4,8,3,4,8,4,2,7,4,8,4,1,2,7,3,9,4,3,5,5,2,5,9,7,1,7,9,6,4,7,7,0,9,0,8,3,8,7,0,3,3,2,8,3,5,8,7,9,1,4,2,9,3,4,4,1,8,7,2,1,6,3,8,5,2,4,9,1
38,8,2,1,8,2,1,6,7,4,9,5,6,7,5,8,8,8,8,9,1,2,8,7,1,5,6,2,1,5,0,6,8,6,2,2,5,9,0,8,0,5,4,6,5,5,3,8,2,3,0,8,5,4,3,9,7,4,6,7,5,3,5,5,7,2,1,1,4,8,5,6,5,1,2,8,3,8,0,2,7,2,8,6,8,0,3,2,9,2,8,1,3,8,8,2,8,8,4,1,3,4,6,1,5,6,4,7,4,6,0,2,1,8,1,7,6,3,3,8,8,3,3,0,3,7,5,8,6,8,1,1,5,2,6,4,8,5,8,8,9,6,7,7,6,8,9,5,3,2,1,6,8,7,8,3,1,2,0,3,3,3,7,7,2,9,3,1,3,8,9,5,3,9,2,1,6,4,2,8,6,6,2,6,5,7,2,5,8,4,2,2,5,7,7,4,3,8,8,2,1
39,2,5,5,2,1,4,7,7,8,7,5,4,3,6,2,3,1,9,6,3,5,0,3,5,4,0,7,4,5,4,1,5,4,0,7,3,2,8,0,7,1,6,1,9,5,1,9,0,1,5,3,9,6,4,1,6,4,2,5,3,3,5,6,9,2,3,7,5,4,5,8,2,4,6,9,6,7,9,1,4,3,2,6,7,6,4,8,2,9,9,8,0,9,4,5,5,4,2,6,6,7,4,1,5,8,2,8,8,4,5,4,8,2,1,6,7,2,4,7,9,6,8,5,6,5,8,5,2,2,8,2,7,4,4,1,6,4,1,4,6,3,3,5,3,7,5,2,3,2,5,3,2,1,6,3,6,9,3,5,9,7,4,1,4,8,1,3,6,1,1,1,2,6,1,2,0,2,2,8,7,5,4,1,7,6,6,3,2,3,6,2,0,3,9,1,0,8,6,8,4
40,2,9,5,8,4,6,8,9,4,0,7,8,1,7,1,3,7,2,1,2,8,3,6,3,1,6,1,1,2,9,6,8,2,7,3,0,6,3,8,0,7,0,2,5,1,8,2,3,8,7,0,5,9,6,8,3,2,6,7,7,9,9,4,6,3,8,5,6,8,3,6,9,2,2,4,1,2,5,0,2,1,1,4,9,4,5,5,8,5,5,6,4,5,5,3,4,3,5,3,4,7,6,2,7,5,1,4,3,8,6,4,8,6,1,3,3,4,2,2,5,8,1,1,3,1,1,7,3,6,0,3,7,8,2,3,4,6,1,9,3,6,3,0,6,6,4,2,3,6,5,0,5,2,2,1,5,3,1,4,6,0,8,3,0,0,7,8,6,2,1,0,7,4,4,7,3,3,6,6,4,3,6,8,9,3,3,8,6,8,8,8,3,2,2,4,3,8,1,0,5
41,2,0,7,3,1,0,6,8,6,2,7,2,6,9,8,7,3,1,3,6,8,8,1,8,6,1,6,9,0,1,6,3,6,4,3,9,0,6,1,5,0,1,4,5,4,3,7,9,7,6,8,1,6,1,6,8,6,6,1,6,0,6,6,3,4,7,2,4,5,1,9,9,5,4,9,7,4,3,4,2,4,1,8,6,2,8,3,0,6,8,4,3,5,6,3,9,7,3,5,8,5,1,6,2,9,1,9,4,0,5,7,8,6,0,8,6,0,2,0,8,1,0,7,7,6,6,7,0,8,7,3,1,5,7,8,3,3,6,6,9,4,7,3,3,8,0,8,8,3,1,5,4,8,5,7,3,9,7,3,6,2,4,0,9,3,5,7,2,2,1,9,4,3,6,4,5,3,6,4,4,2,8,6,9,4,8,9,5,2,3,8,2,1,7,6,8,6,2,3,8
42,7,7,8,5,4,9,1,4,2,7,7,7,8,5,7,9,5,0,8,9,5,2,6,7,3,3,9,3,9,9,7,2,6,9,8,3,7,7,1,3,4,0,4,2,9,6,4,4,4,1,7,3,9,5,5,6,7,8,0,6,7,2,3,2,8,1,0,6,7,8,6,6,4,2,2,3,8,4,8,4,8,8,8,4,8,7,4,6,8,7,7,1,5,3,2,8,3,5,2,6,8,8,7,5,8,3,4,4,7,6,3,0,6,6,2,9,5,3,4,6,8,7,1,5,6,2,4,7,1,5,4,3,2,3,6,2,1,6,0,4,6,6,0,0,1,5,5,3,1,8,8,1,5,8,7,9,1,7,2,7,4,4,6,8,8,2,3,7,6,7,4,6,1,0,9,9,7,6,2,7,6,1,0,0,1,9,2,1,1,6,2,0,2,3,5,6,3,8,7,2
43,8,6,4,6,1,8,8,2,0,6,8,4,6,3,9,8,5,1,8,2,4,5,8,8,6,2,1,7,8,5,1,0,6,1,7,1,6,6,1,1,5,4,0,7,1,5,3,5,4,5,5,9,1,3,2,3,3,3,3,3,3,4,2,2,5,6,7,4,4,4,5,3,6,0,9,5,2,2,1,7,7,2,3,7,6,4,2,2,2,9,6,7,2,1,3,8,2,4,7,0,7,8,7,9,8,7,4,8,7,3,5,1,5,6,1,3,8,5,6,7,2,4,9,9,2,0,4,6,9,7,1,5,6,5,6,7,3,7,5,8,8,9,6,2,2,6,2,2,8,5,2,1,8,3,9,0,0,8,0,8,8,3,5,2,4,6,0,2,7,8,9,6,7,7,2,7,5,3,1,7,5,9,9,8,2,1,7,2,4,5,5,1,2,2,8,8,2,6,8,1
44,6,5,3,5,2,6,9,8,0,1,3,2,3,6,2,6,5,8,8,6,3,5,1,7,8,7,1,1,7,4,4,1,4,9,9,7,8,7,8,3,8,2,4,0,2,6,8,0,3,1,8,7,8,2,3,7,9,2,6,0,1,4,4,6,4,0,1,5,4,1,7,7,2,8,6,1,2,1,8,6,3,4,6,6,6,6,2,2,4,4,3,4,5,1,6,0,8,2,7,8,5,2,9,6,3,7,1,9,5,5,6,6,1,6,2,8,2,1,2,3,3,8,3,5,2,0,4,8,3,6,9,7,6,4,3,6,3,4,2,4,6,5,8,8,0,7,3,7,6,6,4,2,8,6,6,0,2,2,6,3,5,4,6,1,7,2,8,1,6,1,9,7,5,1,7,5,2,4,7,0,7,7,5,8,9,9,8,7,2,7,5,5,6,8,1,8,6,5,1,9
45,2,6,3,3,8,1,2,9,5,4,4,0,8,3,3,0,4,4,5,8,2,7,9,4,2,8,3,8,3,2,1,5,6,5,3,6,9,2,2,1,9,3,1,2,0,1,7,6,4,2,5,1,5,5,0,3,2,9,7,2,1,2,5,9,8,6,5,8,4,4,4,1,6,8,9,9,4,6,9,6,6,2,2,8,5,3,3,8,7,7,6,5,4,6,3,7,4,2,8,1,4,2,4,1,3,4,4,9,4,3,3,9,6,8,8,8,2,0,4,9,3,6,3,3,5,5,1,6,5,4,5,6,8,6,5,4,0,1,7,4,2,6,4,3,9,4,0,4,7,2,5,7,3,5,4,4,3,3,6,5,4,9,8,2,7,4,1,3,6,2,6,5,8,0,7,0,5,4,4,3,9,7,3,9,2,1,6,8,6,7,5,4,1,9,4,5,2,7,7,2
46,7,7,4,3,4,7,2,3,8,0,6,8,2,8,4,2,5,2,3,3,2,3,2,3,6,9,4,7,9,3,0,9,4,3,6,3,0,6,1,3,1,0,0,5,0,0,6,2,5,7,4,5,0,1,8,1,0,2,0,2,6,2,1,5,0,0,3,7,8,6,0,4,1,3,4,8,1,3,2,8,3,4,8,7,6,0,3,7,6,0,2,0,0,5,7,3,3,4,1,1,2,1,7,7,7,8,2,3,4,9,3,4,6,6,1,8,6,4,3,8,8,2,6,4,3,7,6,2,6,4,3,6,0,1,2,6,6,6,3,4,1,4,7,1,0,6,1,8,0,1,1,6,1,8,5,2,1,4,6,2,1,5,6,5,1,6,1,7,3,2,7,9,8,1,4,4,6,3,6,8,9,3,3,8,3,6,5,5,2,9,1,1,5,8,7,4,2,6,4,6
47,1,4,7,1,1,1,1,8,2,1,5,5,8,5,3,8,7,7,7,8,6,5,2,6,7,6,2,9,4,6,7,3,5,0,7,2,4,5,1,6,5,2,9,8,8,2,0,8,5,7,2,4,8,1,7,8,1,6,5,5,7,1,6,3,0,0,3,6,8,1,3,2,8,3,4,0,5,8,5,4,1,0,6,8,0,6,6,9,3,2,2,8,2,3,5,7,8,4,1,8,4,6,4,5,6,9,2,1,6,0,6,5,5,8,2,5,8,5,8,4,4,5,1,3,3,5,7,5,0,3,0,5,4,7,2,0,2,1,4,9,6,5,7,3,0,3,5,2,6,5,8,4,2,3,1,6,5,7,6,0,8,4,8,5,8,7,9,6,1,2,7,6,3,3,2,7,3,2,2,3,6,1,6,7,6,1,5,3,4,7,5,8,5,5,7,8,1,7,6,3
48,9,2,4,7,7,1,8,3,6,1,9,5,1,1,8,9,6,1,1,1,9,1,8,8,3,4,6,6,4,9,6,2,1,5,2,1,4,8,3,0,5,6,7,1,1,2,3,0,8,8,8,6,1,0,3,1,3,3,7,8,4,4,8,3,6,4,2,4,3,2,9,8,2,5,4,0,1,8,7,8,0,7,5,2,7,9,5,2,1,7,8,4,0,3,4,8,2,1,5,8,4,2,7,2,5,3,1,9,4,5,4,3,7,1,2,3,6,4,4,2,2,2,1,1,9,2,4,4,3,6,6,1,6,1,5,5,5,4,4,1,4,6,6,4,1,3,3,2,3,8,2,8,8,2,8,5,5,4,5,7,5,2,7,7,9,2,6,1,9,2,0,3,6,1,4,7,2,2,0,4,0,9,8,9,8,7,2,4,8,8,4,7,4,0,2,3,6,8,5,2
49,6,4,6,7,8,8,1,0,2,6,8,1,2,7,3,1,5,7,4,5,8,9,2,8,7,4,2,4,8,6,5,1,8,8,7,7,4,2,1,3,7,7,4,2,6,0,2,1,0,3,2,8,5,2,6,9,2,4,2,4,2,5,1,6,7,3,1,8,7,5,0,9,2,8,9,2,3,1,9,8,1,6,3,6,7,1,9,5,4,7,9,6,0,8,3,5,4,1,2,2,4,0,9,4,4,4,8,3,8,2,6,8,1,6,6,7,5,4,5,4,5,3,1,8,6,5,5,9,3,7,5,6,6,2,7,7,7,0,9,7,7,6,9,3,4,5,7,6,5,3,1,9,5,9,4,8,5,3,8,5,1,4,0,6,8,2,1,4,7,4,5,6,4,1,2,3,3,2,4,1,1,1,2,8,6,7,4,2,0,4,8,8,4,8,2,0,2,8,5,1
50,0,1,2,6,2,7,8,6,0,3,6,3,0,6,7,6,6,8,8,3,2,4,6,6,2,2,1,3,8,1,8,9,1,2,2,4,3,4,2,0,3,7,2,9,1,4,6,1,3,0,9,3,0,1,8,6,3,2,7,4,6,9,1,4,2,8,9,6,1,1,8,2,6,7,9,2,1,7,9,4,4,2,7,6,4,7,3,4,4,9,5,7,6,9,5,5,7,9,2,6,1,2,2,1,0,3,3,8,4,1,8,3,9,2,7,3,8,3,9,9,0,2,7,1,9,7,2,7,6,3,3,2,8,5,1,7,7,7,5,3,5,9,6,4,4,6,0,4,4,7,3,7,2,4,7,0,7,5,2,8,1,7,8,7,6,0,8,6,2,0,5,6,5,3,5,2,4,4,1,2,5,6,5,5,8,1,4,2,5,3,4,4,7,7,2,6,7,2,5,9
51,6,3,2,9,4,6,6,5,3,6,5,4,5,1,2,2,3,1,6,4,2,5,3,4,8,1,3,6,6,2,0,3,2,8,1,7,3,6,4,5,3,1,6,6,4,6,2,0,8,8,0,1,7,7,7,1,6,3,6,3,4,7,7,8,8,5,9,2,1,2,3,4,3,1,8,2,8,6,7,6,8,8,7,3,4,6,5,1,5,0,9,2,4,4,4,4,4,8,7,6,7,8,2,8,3,1,6,7,4,7,2,8,2,7,9,4,4,2,8,8,8,5,1,4,2,3,1,3,6,4,2,1,1,7,3,6,4,0,6,4,5,4,0,2,1,7,7,8,1,2,8,5,9,7,2,6,2,3,3,5,1,4,4,5,8,7,6,1,8,2,6,4,4,6,4,8,1,8,0,4,4,1,6,1,9,2,4,9,8,6,5,4,1,7,4,7,2,0,4,3
52,6,3,1,1,6,8,5,3,3,2,8,4,0,5,1,6,6,3,4,6,7,3,3,3,6,5,5,1,4,1,3,8,1,6,1,3,4,5,1,2,0,4,5,2,3,0,6,4,3,6,3,0,4,3,3,8,5,8,8,0,3,6,8,4,6,5,8,2,2,1,2,5,4,2,9,1,8,0,8,5,5,3,2,5,8,2,7,3,1,3,4,1,8,6,2,9,5,4,1,6,7,8,5,6,7,1,5,2,2,2,7,7,0,2,7,2,0,6,4,8,1,2,4,0,4,6,2,7,6,1,6,6,1,1,6,1,4,3,1,2,2,7,6,6,8,8,4,3,6,0,0,0,7,8,7,1,7,7,3,2,2,2,4,8,4,8,8,4,5,4,8,7,6,3,6,3,3,6,4,6,6,8,2,2,2,4,1,2,1,6,5,3,2,8,2,4,4,8,7,5
53,5,5,3,2,3,9,7,7,9,9,7,5,2,3,1,8,6,0,2,2,8,7,6,0,2,5,5,1,4,2,8,7,8,3,5,4,3,1,3,4,6,7,2,8,5,5,5,7,8,8,9,9,0,4,2,1,6,7,3,6,6,8,0,8,1,2,5,4,8,5,5,7,1,2,8,7,4,6,6,0,6,4,5,5,4,1,4,5,3,0,8,6,8,7,9,2,2,2,4,4,4,5,9,0,2,1,5,0,1,5,5,5,3,0,2,9,5,5,9,6,8,6,8,1,7,4,1,6,6,4,5,1,8,7,2,1,7,6,4,0,4,6,8,4,9,3,3,4,1,4,2,8,5,3,6,6,6,0,9,1,8,2,8,2,2,7,8,1,1,2,5,1,5,6,2,7,6,2,1,8,5,9,4,9,4,4,3,6,8,4,1,7,6,2,7,0,9,6,1,3
54,2,0,5,4,5,4,9,8,5,3,2,2,6,3,3,8,2,7,2,3,1,1,5,1,4,0,7,2,4,0,1,3,4,4,7,2,1,5,3,2,2,5,6,8,4,7,5,4,0,6,2,6,1,0,7,4,2,3,8,5,2,6,6,1,3,1,1,8,8,9,5,7,0,3,3,5,3,8,5,4,4,7,7,8,8,2,7,0,3,4,1,5,4,7,9,1,7,5,7,4,9,7,5,3,7,4,8,2,2,1,0,3,6,7,5,0,2,6,4,4,1,5,5,1,7,1,7,6,1,6,8,1,5,3,4,8,0,7,2,5,9,5,7,5,6,6,4,4,3,2,3,7,6,8,4,1,2,3,6,8,5,4,8,2,4,8,9,5,2,8,3,2,5,3,7,7,7,7,8,4,2,5,4,9,4,2,1,5,4,5,6,6,7,3,8,5,5,9,5,7
55,1,7,2,2,2,7,2,9,8,2,5,0,7,6,4,5,1,2,6,2,1,8,1,1,4,8,8,2,7,7,1,7,8,8,1,5,6,3,5,0,7,6,6,9,0,3,2,6,4,3,6,2,6,1,0,1,3,4,6,6,7,6,7,7,1,1,3,1,8,5,2,7,2,2,3,4,3,4,5,2,3,4,5,2,7,7,6,4,4,3,4,5,7,5,4,2,8,4,6,4,6,1,6,5,6,3,4,2,1,4,7,7,7,8,9,0,3,2,2,6,4,6,1,0,8,2,9,3,9,6,7,1,8,8,2,9,3,0,2,0,4,1,6,8,7,0,2,8,1,8,6,4,1,3,2,3,2,2,4,9,7,5,6,1,7,1,5,1,9,5,0,9,6,8,3,8,5,7,3,0,0,1,2,8,4,8,1,2,6,7,5,7,7,6,0,6,3,8,7,4
56,5,3,6,8,1,4,9,6,6,0,9,5,4,2,1,0,3,6,7,7,6,5,8,2,0,0,8,6,9,0,3,2,3,8,5,2,1,5,1,6,3,1,8,1,2,4,8,5,2,1,8,1,5,7,5,0,1,8,6,5,4,3,5,7,8,9,2,3,7,0,6,5,6,8,8,9,9,4,8,7,2,5,5,1,1,2,6,8,6,0,5,1,8,4,2,5,2,5,1,7,7,5,7,1,3,9,7,5,8,6,6,6,4,5,6,6,0,5,8,2,0,5,4,5,9,8,0,1,5,8,2,8,6,5,1,6,5,1,4,3,2,5,6,4,7,2,4,3,8,3,5,3,1,0,4,8,8,1,3,8,4,9,8,1,1,2,5,6,2,1,0,3,0,4,8,4,5,5,0,2,6,1,7,4,6,1,3,1,9,5,3,3,7,5,0,0,3,3,4,4
57,7,4,4,1,3,7,6,1,0,6,9,5,8,6,2,3,5,8,4,7,5,4,3,9,5,5,5,0,7,2,7,1,2,2,2,8,1,7,8,4,3,8,4,6,6,1,1,9,5,1,3,3,0,8,2,7,0,7,7,6,3,1,5,7,1,9,6,4,5,7,9,2,4,0,1,3,4,3,2,6,2,5,3,4,9,0,4,9,1,2,8,5,1,8,7,5,2,2,7,6,5,0,3,0,8,1,4,1,8,4,4,3,2,3,1,3,2,2,0,8,7,5,7,7,5,8,5,0,4,1,9,6,4,6,7,2,7,9,5,1,6,4,8,5,3,8,5,2,1,2,1,5,9,4,1,5,5,7,1,2,1,8,9,9,5,2,3,9,1,1,7,6,3,4,0,9,7,8,1,7,8,1,6,7,1,8,6,8,0,6,9,1,4,4,1,5,6,4,3,7
58,2,8,0,7,8,9,8,9,1,0,7,4,1,5,3,2,7,8,3,4,2,7,7,9,6,1,6,3,1,3,2,2,6,1,1,6,8,7,6,0,4,5,6,4,8,2,7,4,3,1,6,4,5,7,1,4,6,0,5,2,7,1,5,9,1,5,9,5,7,8,0,7,5,7,6,3,6,2,6,2,7,9,2,5,4,1,1,6,9,6,9,2,6,3,3,6,4,1,7,1,6,6,1,7,3,1,3,1,8,7,2,0,6,5,1,4,2,6,4,4,2,2,4,4,8,1,6,8,1,6,4,3,6,6,9,4,4,4,2,4,8,6,7,9,6,1,3,3,6,9,6,9,5,5,6,9,1,2,0,6,8,4,5,4,7,6,5,4,2,2,1,4,2,8,2,6,8,6,7,6,6,4,7,9,6,5,7,1,5,1,5,1,4,5,2,6,3,1,3,9
59,2,4,5,6,1,5,7,1,5,2,6,6,9,8,6,5,3,1,5,8,4,9,3,4,5,2,8,7,4,3,3,5,3,0,2,2,3,6,4,4,3,3,5,7,5,1,3,2,6,1,3,5,5,7,5,4,9,6,0,7,7,7,9,7,1,8,2,1,9,8,8,8,8,6,5,5,1,7,5,7,0,1,3,7,6,1,1,9,1,5,6,7,7,4,2,6,2,4,8,2,8,1,0,1,6,3,4,6,3,8,3,2,7,6,5,8,5,3,4,0,0,1,5,2,6,3,3,1,8,8,8,4,7,1,4,5,6,5,5,3,7,3,7,8,1,7,3,6,4,1,1,9,4,3,7,1,3,3,9,2,7,7,3,3,1,2,6,8,6,7,5,4,5,1,1,4,8,3,4,1,3,6,0,8,9,6,2,3,1,3,1,4,3,2,7,5,6,3,3,6
60,0,9,2,1,0,1,9,8,3,6,5,1,2,8,8,1,2,1,2,2,9,4,6,1,1,3,2,2,3,8,5,4,5,0,6,1,8,6,6,6,6,4,1,5,6,8,3,1,8,7,6,5,0,1,0,7,2,5,9,0,7,8,8,4,4,8,6,5,3,8,1,3,1,9,8,3,5,5,8,6,8,8,5,7,1,4,8,3,2,4,1,8,7,4,6,1,5,6,1,9,0,0,1,9,1,4,9,7,1,1,4,6,8,4,1,3,8,7,2,3,0,5,5,4,6,9,4,7,3,0,6,3,2,8,8,2,8,5,8,7,1,3,7,5,7,2,5,4,5,0,7,6,8,8,9,9,4,1,4,4,8,2,5,5,1,5,2,4,0,9,8,4,4,4,4,5,8,4,9,9,2,2,7,9,1,7,8,8,1,3,5,1,7,6,3,5,3,2,8,5
61,2,0,4,5,5,5,9,8,9,2,6,8,4,2,2,8,1,1,6,8,6,3,2,1,6,6,8,2,7,7,4,7,2,7,6,9,4,5,3,1,7,1,3,2,9,8,4,3,6,4,2,8,4,2,3,3,6,8,7,2,0,8,9,2,5,3,5,4,3,4,4,4,7,1,9,8,2,7,1,3,4,2,9,6,0,8,1,8,6,3,1,7,1,6,1,5,2,4,2,5,0,3,3,1,0,0,5,2,0,7,0,2,8,8,5,1,5,4,5,1,4,4,6,3,8,8,8,7,1,8,1,1,5,4,5,0,3,7,9,1,7,8,1,5,5,6,2,9,0,4,5,8,6,7,5,5,5,3,5,5,1,2,0,2,9,9,5,5,6,3,2,1,1,1,3,1,6,5,7,8,2,7,2,8,1,5,6,8,3,5,2,9,1,2,2,8,5,7,4,8
62,3,8,0,3,6,2,8,1,2,3,8,2,2,7,5,2,4,4,2,3,3,0,4,9,5,6,4,9,0,7,6,8,2,5,7,1,2,4,0,1,6,3,5,1,5,7,4,4,4,1,1,7,7,9,6,8,7,5,6,6,5,0,2,2,2,2,6,0,6,1,1,1,7,4,0,5,8,1,2,1,5,4,4,8,9,7,1,7,5,4,3,2,4,3,3,5,8,5,0,1,5,8,0,9,8,8,8,3,3,2,3,3,1,2,7,6,5,5,4,8,4,8,6,1,4,6,7,5,6,8,7,7,1,8,7,6,4,9,1,2,7,5,2,5,1,5,4,7,5,2,1,3,1,9,3,2,8,8,4,7,6,7,3,6,4,2,6,6,6,4,8,9,5,2,5,4,1,8,5,4,8,2,4,2,9,6,3,8,1,5,8,4,9,4,8,5,1,1,3,2
63,6,3,4,1,7,5,2,7,9,7,3,5,6,1,2,6,7,3,7,1,4,2,4,9,2,5,0,8,8,8,1,2,7,8,8,6,3,1,7,8,2,2,4,5,6,8,5,5,8,6,8,3,6,4,0,8,6,7,3,5,3,6,0,0,2,6,5,4,2,1,0,8,2,2,1,4,1,7,5,5,2,5,4,8,1,3,1,4,7,4,6,7,6,2,1,2,5,5,6,0,5,5,6,3,1,4,8,9,5,8,6,6,5,0,2,7,3,1,6,8,8,2,0,2,8,6,8,1,2,5,3,1,9,6,9,6,7,5,2,1,2,7,6,9,3,8,8,4,5,6,8,2,5,2,4,5,1,5,0,4,0,4,8,5,2,7,4,4,6,6,2,7,9,0,3,3,0,3,7,2,1,9,0,5,3,8,1,7,2,8,0,8,4,9,4,0,2,3,3,2
64,7,5,5,1,1,6,8,6,1,6,5,9,7,0,7,3,1,1,5,4,5,8,6,0,7,4,9,7,1,1,3,3,5,3,7,2,5,3,2,3,1,3,8,4,0,5,3,3,7,2,3,1,7,0,7,1,6,4,3,4,4,6,0,0,6,2,4,8,3,9,0,6,8,7,3,4,2,5,4,9,4,8,6,1,8,7,5,9,6,4,0,8,3,4,5,4,4,7,9,2,8,0,1,8,3,3,3,7,6,8,4,9,1,2,5,5,6,8,6,4,4,1,1,7,4,0,8,8,7,9,7,8,8,2,3,3,7,3,9,7,6,5,9,7,8,7,4,6,9,4,6,2,2,7,1,6,7,9,2,6,1,4,7,1,7,6,5,5,1,9,6,8,1,7,5,1,6,2,1,1,7,7,4,1,8,3,5,4,7,7,2,7,6,4,3,6,6,7,2,2
65,5,6,8,8,6,9,1,6,9,6,5,9,4,2,2,0,2,0,6,5,5,1,4,6,3,3,6,9,4,1,8,9,5,4,2,3,2,7,5,9,1,5,2,8,7,4,1,7,6,2,9,0,3,5,2,4,7,2,9,1,6,6,0,1,0,7,7,5,7,9,9,0,4,2,7,0,6,0,3,6,2,8,7,1,4,1,9,3,6,7,7,1,2,3,0,9,1,6,8,9,2,7,2,4,7,1,6,5,2,3,3,4,7,5,5,4,4,1,7,9,5,2,4,2,4,2,1,4,5,7,2,2,5,7,5,5,3,6,8,5,5,1,9,1,3,2,3,2,4,7,3,5,8,5,3,5,2,5,1,7,4,5,2,8,4,3,8,4,1,9,6,7,7,4,5,5,4,0,1,0,9,8,8,9,3,1,7,5,3,3,2,2,5,4,0,3,6,2,3,1
66,1,7,8,1,5,7,2,7,5,3,7,4,2,5,7,7,5,7,8,8,1,5,4,3,5,2,1,7,4,2,5,4,8,8,8,5,2,1,5,0,7,1,1,7,6,2,7,1,2,3,7,1,9,7,1,5,8,5,8,1,4,8,4,5,4,0,8,1,4,9,5,4,7,6,3,6,2,5,7,4,0,5,8,5,2,7,3,8,5,2,8,9,2,6,9,8,8,1,4,6,9,3,9,2,9,5,0,5,9,8,1,9,2,7,6,3,9,0,2,6,2,7,3,1,2,6,2,7,6,5,6,1,2,1,3,6,7,8,4,7,4,5,7,2,8,6,9,2,5,3,4,1,6,1,0,8,2,9,0,2,6,1,0,3,5,7,1,1,2,5,8,8,8,6,8,7,0,3,4,8,5,2,5,3,7,7,0,4,2,7,4,4,4,6,2,2,6,7,7,2
67,5,6,5,3,2,8,8,8,4,4,8,7,1,1,2,8,8,3,5,7,1,2,2,2,6,8,3,1,1,4,0,6,4,2,6,6,1,3,9,4,6,4,0,9,1,0,2,6,4,4,4,7,1,7,9,8,5,4,7,3,1,4,6,9,4,4,0,1,3,3,3,0,2,8,7,3,1,6,7,7,8,4,9,5,4,8,1,6,6,2,4,8,1,9,8,9,2,1,4,8,9,5,5,9,1,7,7,5,6,6,3,5,3,4,3,2,8,1,0,7,5,2,4,3,6,3,0,5,3,7,1,5,4,6,5,3,2,7,1,3,7,1,1,9,7,4,2,3,5,5,5,3,7,3,5,6,1,1,6,5,4,8,0,1,0,3,5,1,4,6,9,2,3,5,3,6,3,8,5,7,6,7,1,0,1,9,7,7,3,8,3,3,2,6,7,2,7,2,8,0
68,4,2,0,1,9,3,1,2,7,5,7,3,1,0,3,2,1,4,2,3,6,8,2,7,5,9,9,5,8,1,8,5,6,4,3,3,9,1,9,1,6,8,7,6,6,2,5,4,1,5,3,7,1,6,6,4,1,3,8,1,4,6,8,2,4,6,7,0,7,6,1,8,2,8,5,0,7,5,1,4,8,6,1,4,6,6,5,8,6,3,3,2,3,9,2,8,8,3,8,0,3,1,6,4,1,3,8,7,6,2,7,4,4,1,9,2,1,6,8,3,4,6,4,1,6,5,6,7,7,0,3,2,7,5,9,4,6,5,2,4,2,6,6,5,2,6,5,0,1,1,1,7,4,8,8,2,8,7,2,6,1,5,2,8,9,1,8,3,3,7,0,4,1,1,7,2,0,0,1,1,1,5,3,9,8,6,6,2,3,7,3,3,1,4,6,3,8,3,5,3
69,4,0,2,8,8,7,3,9,4,3,2,2,7,4,0,6,5,3,5,5,6,0,8,7,7,4,6,5,1,8,2,2,5,7,7,9,8,5,8,7,8,5,8,7,1,9,6,7,9,8,9,5,2,8,8,9,7,0,3,4,2,5,5,1,0,7,9,4,0,2,8,6,7,0,1,5,8,1,5,3,2,4,4,4,2,0,0,5,1,2,8,1,1,4,5,2,3,4,1,8,5,8,5,6,2,4,8,8,4,9,2,7,2,3,4,4,4,1,1,6,1,8,8,5,2,7,8,7,7,2,1,5,1,5,2,2,3,7,2,2,2,3,4,0,3,3,6,7,4,3,2,7,2,8,7,4,2,2,7,4,1,7,8,2,5,1,9,2,8,7,4,3,2,8,4,8,3,6,1,2,1,5,4,2,4,1,0,3,8,1,1,7,4,7,4,5,2,7,6,9
70,7,8,2,4,4,0,3,5,5,8,8,7,8,7,7,7,4,4,4,5,5,1,2,6,3,9,8,4,0,2,3,6,4,1,5,9,7,3,1,0,6,5,8,2,5,3,4,0,1,1,7,3,7,4,8,0,3,2,6,3,2,5,3,9,3,5,8,4,7,0,7,1,8,2,4,4,4,3,2,5,7,8,6,7,7,8,5,5,8,5,3,1,6,8,7,7,4,1,7,3,5,6,5,7,7,0,5,0,8,6,0,8,4,2,5,2,6,2,9,2,1,3,6,2,2,1,5,3,2,7,1,5,4,7,7,6,9,1,5,0,7,4,8,9,6,5,4,8,5,6,4,2,5,3,3,2,1,5,6,1,3,9,9,4,1,5,5,1,5,5,2,1,1,2,1,2,7,6,1,6,2,3,7,8,8,5,0,4,2,7,0,6,3,5,8,2,7,7,8,8
71,4,3,2,9,8,1,6,1,6,3,8,1,2,1,1,3,8,0,2,5,7,3,3,5,0,3,7,8,2,8,6,3,1,2,6,1,6,3,3,5,6,5,4,2,7,1,1,5,6,1,1,8,4,6,4,1,2,7,5,5,3,6,5,6,3,3,1,5,2,3,0,1,4,5,7,2,2,5,1,8,3,6,1,7,5,9,7,8,3,1,5,2,6,5,3,1,3,9,5,8,1,2,0,8,4,4,5,5,7,1,3,4,6,0,7,5,3,4,3,5,5,9,3,2,7,2,5,7,6,4,9,3,4,6,4,9,5,7,9,0,7,6,2,9,5,3,0,1,3,0,7,2,2,7,3,4,8,0,7,7,1,6,4,5,5,2,2,5,1,9,4,3,1,5,3,8,3,3,5,5,0,7,6,8,0,8,6,5,0,8,8,6,1,8,5,5,1,6,1,3
72,3,2,6,2,4,9,1,9,9,6,1,4,1,9,6,3,7,9,1,5,7,2,4,8,1,0,7,6,7,3,1,6,8,4,3,2,8,7,7,8,3,7,5,8,1,7,1,2,2,9,1,2,4,6,9,1,8,3,6,2,7,8,8,7,7,6,3,4,7,3,8,0,9,4,0,3,8,8,4,7,1,7,1,3,2,9,7,4,3,2,0,6,2,3,8,6,7,6,1,1,2,8,5,4,7,7,8,5,3,3,2,7,7,2,2,4,0,9,2,8,8,4,1,5,0,2,6,1,0,7,7,2,1,2,4,7,7,7,8,1,8,2,0,2,4,9,5,6,6,0,5,3,1,8,4,3,2,1,0,9,8,3,8,3,8,2,5,6,5,2,7,7,5,9,0,5,4,3,3,5,6,1,9,5,3,8,1,1,1,1,6,2,9,4,8,4,7,4,0,0
73,4,0,8,3,6,8,8,3,5,1,4,3,3,8,1,8,2,4,0,4,1,8,9,7,3,4,7,9,0,9,9,5,5,4,5,7,2,6,4,3,7,1,2,4,4,6,5,8,4,8,5,3,3,4,2,7,1,9,5,3,1,8,2,4,6,8,8,6,8,6,5,1,0,8,1,0,1,8,3,7,7,2,1,3,1,3,4,2,1,6,2,8,6,3,9,7,1,4,0,4,4,4,7,7,0,2,2,4,1,8,6,0,1,9,6,9,3,6,5,3,1,2,1,4,9,4,6,7,1,2,5,3,9,7,5,7,6,9,4,4,6,5,8,2,1,9,8,7,7,3,2,3,4,3,2,4,6,1,3,7,7,2,3,0,4,5,8,0,3,3,2,4,1,4,8,7,9,6,4,8,4,2,9,6,6,5,5,7,2,8,3,3,7,8,9,0,8,2,1,6
74,6,6,8,6,2,0,3,6,8,7,8,8,3,4,8,8,7,8,8,7,7,5,3,9,4,5,1,2,5,2,0,1,3,4,0,7,6,3,8,6,0,5,7,5,4,2,8,4,4,4,3,4,2,4,8,6,6,7,6,0,6,5,2,1,4,5,4,8,6,3,6,8,6,0,8,3,5,5,6,8,1,3,0,7,4,4,3,2,5,9,4,7,4,7,3,5,9,0,7,2,4,1,7,7,5,1,1,4,8,8,8,7,3,3,6,6,4,4,7,2,2,9,6,4,0,8,6,1,7,2,8,6,8,0,7,7,7,3,2,3,5,5,5,6,4,1,8,4,2,2,1,7,5,6,6,2,9,3,8,9,6,7,5,7,1,0,3,5,8,2,3,6,8,7,9,1,4,5,0,4,4,3,9,1,5,7,5,0,4,3,6,0,8,4,3,1,6,2,0,6
75,4,9,0,6,8,3,2,6,5,4,0,7,7,6,5,8,1,4,0,6,1,7,9,5,7,5,5,6,5,1,4,7,3,1,8,0,7,9,2,2,4,6,9,9,7,9,9,6,1,9,5,6,6,8,4,2,1,0,6,9,5,9,2,7,9,5,0,1,7,0,8,2,4,4,0,9,5,3,8,3,6,8,6,6,7,4,5,3,5,5,6,7,8,1,3,1,3,9,6,3,2,4,7,9,1,1,4,1,0,7,1,3,8,5,5,8,4,0,5,6,8,2,9,5,5,7,1,3,5,8,3,0,3,4,4,5,8,4,2,8,1,3,1,6,7,4,2,6,5,0,9,5,9,7,4,2,6,6,1,3,4,3,6,1,4,1,8,7,8,3,4,9,5,5,0,4,3,4,5,6,2,1,6,8,4,3,3,8,8,8,3,9,0,8,7,8,2,4,3,4
76,1,9,2,4,8,6,1,4,3,7,5,7,2,7,3,0,8,2,4,5,3,5,4,0,8,1,1,5,1,8,2,6,8,9,8,7,5,5,2,3,5,8,7,5,5,5,8,6,6,0,4,1,6,7,8,7,2,3,3,4,5,3,0,4,8,9,0,6,6,7,5,9,6,1,0,0,9,6,0,1,3,2,5,6,8,7,2,3,4,1,6,9,3,1,4,4,8,5,9,8,2,4,4,6,4,7,3,7,0,5,2,8,1,7,5,2,9,0,3,8,1,3,4,8,5,4,6,3,8,3,3,9,3,4,7,3,4,5,8,7,0,6,3,1,1,4,7,5,7,9,5,7,7,7,2,5,3,9,7,4,3,7,6,3,2,2,0,2,3,7,9,4,8,4,9,3,3,1,1,5,9,7,4,0,4,5,7,5,8,8,5,2,5,1,0,5,7,0,1,3
77,8,0,4,3,4,2,9,2,8,4,2,6,8,8,6,4,6,8,5,7,8,8,7,7,6,1,5,7,0,7,6,8,8,8,0,2,6,8,3,2,5,6,8,2,9,8,6,6,6,5,8,8,3,9,2,9,3,8,1,5,0,7,2,2,7,3,4,3,1,2,7,2,1,5,4,5,0,7,9,7,1,1,1,0,4,9,7,5,7,4,3,1,1,4,1,4,6,1,5,7,8,2,1,6,5,8,9,2,2,3,2,7,7,5,3,4,5,4,5,5,6,2,9,5,9,8,8,2,7,8,1,3,4,6,8,8,3,9,6,2,7,7,5,5,6,5,0,4,6,2,6,4,4,2,0,3,7,2,2,8,2,1,8,4,3,0,5,8,3,7,4,6,2,7,7,6,8,2,8,2,1,9,6,7,4,9,4,4,0,3,6,2,1,6,6,1,0,3,6,4
78,1,0,7,5,5,4,3,1,1,2,1,4,7,3,5,9,7,4,7,8,4,3,1,7,2,8,2,4,1,4,4,5,6,4,7,6,7,8,8,0,2,9,6,8,4,8,6,9,7,9,3,4,7,8,7,6,3,7,5,1,4,8,5,5,5,1,1,7,3,9,5,2,7,8,7,7,3,0,3,5,4,2,5,2,5,8,4,3,8,8,5,8,6,9,7,1,2,6,7,3,5,6,7,8,8,1,4,5,9,6,3,8,3,3,0,5,2,4,4,0,0,9,6,7,7,8,0,9,7,0,9,6,3,4,9,9,7,9,2,2,7,1,6,4,2,8,4,7,6,0,5,2,8,0,1,9,8,3,5,2,5,3,4,3,6,1,1,0,4,5,5,5,1,4,4,0,0,8,2,3,7,3,7,3,1,7,3,6,2,7,3,0,4,1,6,9,6,7,4,2
79,9,5,8,5,6,1,8,8,3,2,8,9,3,6,3,2,4,8,2,3,2,1,2,2,7,5,8,1,5,5,2,9,7,3,7,8,5,7,3,5,1,4,5,7,1,9,4,1,3,6,8,7,8,6,2,4,8,0,4,7,7,9,5,6,2,7,9,8,4,1,6,6,3,3,4,1,6,4,0,7,7,3,4,3,5,8,2,6,8,1,6,9,3,8,2,1,9,5,2,5,6,5,8,4,6,1,5,7,1,8,3,7,6,2,5,5,5,6,6,3,9,2,1,6,5,3,3,8,4,7,9,4,0,6,3,7,6,6,8,6,3,8,8,1,3,6,2,2,5,1,9,2,2,3,4,5,5,1,2,3,5,8,4,3,4,1,6,6,2,0,3,5,3,8,2,6,1,5,3,0,0,1,7,2,5,4,8,8,3,6,6,3,1,2,6,7,5,3,6,2
80,4,4,5,5,8,7,2,6,6,3,2,4,7,9,8,1,3,4,9,8,6,3,8,2,2,3,4,2,5,5,4,0,4,1,2,4,8,3,4,9,6,7,5,8,6,2,5,9,3,6,5,6,6,2,2,6,6,8,9,6,3,8,6,4,3,7,9,3,2,6,3,8,8,5,0,0,5,1,2,0,9,3,5,6,8,2,2,2,8,4,1,7,6,2,7,7,5,2,2,3,5,3,6,0,4,8,8,5,7,9,5,2,5,7,1,1,8,2,2,2,9,8,3,7,5,6,7,6,5,3,5,7,6,6,4,0,7,5,4,9,8,4,9,4,8,5,2,8,6,3,2,3,2,6,6,5,9,3,8,0,6,7,7,4,4,3,5,1,4,4,6,4,8,4,5,2,5,1,9,9,2,0,6,1,0,2,2,2,8,2,8,5,0,4,7,3,0,6,3,1
81,5,8,0,4,5,6,1,3,6,6,3,6,1,8,2,3,3,5,7,2,1,8,6,1,2,3,9,8,2,8,5,3,9,7,8,5,8,2,0,8,6,2,7,5,4,7,3,3,6,0,2,4,1,6,5,1,3,8,3,5,2,4,6,4,3,6,7,4,3,7,4,1,8,4,1,0,2,9,5,5,0,8,7,4,3,4,7,6,4,6,2,3,2,6,2,9,7,5,4,8,6,9,5,1,1,4,3,1,8,4,2,2,2,0,3,1,2,2,3,1,1,9,2,5,3,9,1,7,6,5,5,2,0,5,8,8,2,6,7,5,9,6,3,2,1,4,4,1,2,2,1,3,1,3,6,5,3,6,0,6,6,4,8,9,1,6,3,3,9,3,3,5,3,8,4,0,2,4,6,1,3,2,5,0,1,6,9,7,6,6,2,2,6,1,1,4,1,3,4,3
82,1,3,6,3,7,0,3,6,8,8,6,1,4,3,7,6,7,4,3,4,7,5,3,3,5,1,4,5,9,6,6,8,9,2,7,3,2,1,1,8,7,9,5,7,4,7,5,3,3,1,9,4,6,1,1,8,6,6,1,3,2,8,7,8,6,9,1,7,7,7,6,3,7,8,6,8,0,3,7,8,4,0,9,7,8,9,6,4,7,7,3,1,7,8,6,2,1,9,1,6,8,1,2,5,5,3,0,3,2,3,7,9,5,6,5,2,2,2,5,1,9,5,2,2,7,9,6,2,0,4,1,7,6,4,4,4,0,2,6,3,4,1,6,3,0,7,6,3,5,1,0,0,2,6,3,1,7,2,2,5,5,7,3,8,6,4,8,6,2,2,1,9,4,1,7,4,5,2,1,8,5,2,1,2,3,5,1,2,5,3,3,3,7,3,2,8,3,5,7,6
83,4,6,7,4,9,5,0,4,2,8,4,4,7,5,5,5,7,6,5,9,5,1,6,8,8,3,7,3,2,7,8,4,6,2,2,9,6,3,5,3,7,3,1,0,0,9,1,6,1,4,5,7,8,3,1,6,6,6,8,4,8,5,5,4,4,7,4,3,8,2,1,3,6,7,2,4,3,3,9,3,0,5,0,7,1,5,5,2,9,2,8,3,0,1,7,2,7,8,1,1,3,7,4,8,7,8,0,1,9,6,8,7,1,9,3,4,2,2,2,5,4,7,9,8,9,3,3,7,4,7,6,1,2,1,1,6,3,7,1,7,0,5,7,2,1,7,7,7,0,7,8,2,7,7,5,5,6,3,1,2,6,0,3,7,8,3,2,0,5,6,5,2,6,3,4,4,1,5,4,3,8,1,5,7,2,7,1,2,7,8,7,6,7,9,4,8,4,2,6,7
84,3,6,5,7,6,5,8,5,2,7,1,4,8,2,7,8,4,6,6,5,8,1,1,4,8,6,1,7,4,9,8,5,4,3,1,8,2,5,2,0,1,2,2,1,6,9,8,7,7,6,8,1,2,7,1,0,7,9,4,3,6,6,5,0,7,4,6,2,8,6,3,9,8,8,7,5,4,7,2,4,1,3,2,0,3,6,3,5,6,3,8,9,7,9,4,1,6,5,5,0,8,8,2,8,0,1,7,3,6,3,3,1,1,2,2,1,7,3,4,7,0,6,8,8,8,7,6,5,0,2,5,6,4,6,8,5,5,0,6,8,5,2,4,5,8,4,3,2,8,3,3,2,8,2,6,8,3,5,8,7,0,8,0,1,8,7,5,3,4,0,2,7,5,9,7,6,6,9,1,8,5,2,6,8,7,8,1,6,9,7,1,8,2,4,9,0,7,5,5,5
85,3,0,0,1,6,0,3,6,4,2,0,3,3,3,4,3,3,0,7,1,3,2,4,9,6,8,3,1,3,3,7,4,4,2,6,6,1,3,5,9,7,6,3,8,0,3,8,9,6,4,7,1,6,1,4,9,8,0,8,1,5,6,1,3,3,2,7,1,1,6,7,1,3,6,2,6,1,4,5,2,1,6,6,2,0,8,7,4,1,9,7,8,5,3,4,7,0,4,2,8,5,8,4,8,6,4,6,9,7,7,4,4,5,6,4,3,8,4,0,2,8,1,5,8,5,8,6,6,8,9,3,6,0,3,5,1,8,1,6,3,9,9,9,7,7,3,4,5,2,8,4,9,6,5,6,8,3,4,6,5,3,4,7,1,2,5,3,8,1,6,7,2,6,2,2,2,5,1,3,1,1,0,5,1,3,5,3,6,4,4,5,5,6,8,3,2,2,1,6,6
86,3,1,1,3,0,5,1,7,4,5,2,5,3,5,2,7,4,2,6,5,1,2,8,7,6,1,0,5,1,4,2,9,1,8,7,9,1,9,0,0,7,4,6,8,2,4,5,8,8,2,7,9,8,3,7,3,4,5,7,7,2,8,2,1,0,5,5,2,3,1,7,6,7,4,3,3,2,0,6,8,7,7,3,6,3,0,4,3,4,2,4,3,7,7,3,8,2,5,2,2,2,3,3,3,7,3,4,5,5,1,8,3,4,2,9,5,0,5,2,1,8,5,2,4,6,6,7,7,2,7,8,0,5,2,1,0,7,8,8,5,3,7,6,4,8,7,4,5,7,2,1,3,4,5,4,3,6,1,4,3,8,5,1,3,4,7,0,6,3,5,8,1,5,3,3,1,4,5,5,0,9,2,0,8,8,1,7,8,4,5,1,6,5,6,6,3,6,5,4,6
87,5,2,6,4,5,7,8,5,0,1,4,1,2,9,2,7,2,3,2,8,2,4,8,6,1,7,3,1,3,6,8,0,7,6,6,6,9,6,6,5,4,6,8,7,7,2,9,8,3,5,5,9,3,3,1,0,2,1,2,7,2,2,2,4,3,5,2,4,1,5,6,5,8,1,6,7,7,8,8,7,8,5,5,7,5,5,0,7,8,5,6,3,3,1,7,8,4,8,3,8,4,7,4,0,1,5,1,0,4,6,8,6,8,1,1,4,4,5,5,7,2,3,9,7,6,6,2,7,6,5,7,9,9,3,3,8,1,2,3,1,1,7,2,9,6,1,0,5,2,2,5,3,3,6,4,7,8,7,2,7,8,9,5,9,4,7,3,1,3,1,7,4,3,3,5,1,2,4,2,0,5,2,9,0,7,3,7,3,3,4,6,5,4,4,8,3,7,6,4,0
88,7,8,4,1,2,7,1,4,1,7,5,6,2,2,7,4,0,6,0,6,1,4,2,5,1,7,8,1,1,5,3,7,3,1,0,1,5,2,9,4,1,5,3,5,4,6,5,4,7,8,8,4,8,2,4,9,0,4,7,2,1,4,3,5,3,4,2,4,5,3,3,8,5,2,4,7,1,4,7,7,6,7,7,3,2,2,4,0,6,0,0,1,8,7,3,6,8,4,9,4,0,8,3,4,1,1,1,4,7,4,8,5,5,4,2,3,2,5,4,5,8,6,2,1,2,8,7,0,0,6,4,6,4,1,4,5,6,4,9,3,4,2,7,6,2,5,3,2,8,8,1,1,2,3,7,4,5,7,6,7,5,6,9,1,8,0,8,7,4,1,4,6,4,6,6,7,1,2,7,0,4,7,4,9,1,8,3,3,7,8,7,5,3,6,2,2,6,8,4,3
89,5,9,4,7,1,9,4,1,4,6,2,6,8,7,6,6,5,8,6,9,5,3,3,5,7,9,3,3,4,2,5,4,4,6,6,2,7,5,2,1,1,0,4,6,2,1,7,8,0,5,2,3,8,3,4,4,1,3,7,7,7,1,2,0,1,4,7,2,6,2,3,5,7,5,2,2,5,6,3,6,4,2,8,8,1,9,5,2,0,5,9,7,0,8,8,8,1,8,1,7,3,3,5,5,8,7,0,5,6,0,3,3,2,3,6,3,7,5,4,2,7,3,0,3,7,4,8,7,1,4,2,2,7,6,7,9,4,6,1,6,8,4,2,7,0,9,2,9,2,1,6,7,4,0,6,2,5,7,5,2,0,7,7,5,5,8,2,5,2,4,0,3,3,4,3,4,6,1,4,4,7,6,0,8,3,4,8,4,3,6,8,1,4,1,9,2,7,0,6,5
90,2,1,6,8,9,6,9,3,3,5,1,5,1,5,3,2,4,3,1,3,8,3,1,7,8,4,7,5,6,4,7,1,2,0,2,8,3,2,5,8,6,8,7,3,8,1,8,2,2,3,5,7,7,8,8,6,6,7,5,2,6,3,7,4,8,2,7,0,6,7,0,9,7,4,9,1,6,4,4,3,5,4,5,1,3,5,4,5,9,0,6,9,7,2,3,7,6,8,4,8,2,4,4,3,1,3,8,6,5,7,4,1,8,1,5,0,2,1,0,5,7,2,0,6,7,8,1,3,5,7,6,7,4,4,8,6,6,2,6,8,9,2,9,6,0,4,2,8,6,2,3,5,6,7,3,7,5,8,7,4,8,4,7,7,7,8,4,7,2,1,2,3,5,0,2,5,3,8,6,3,3,4,0,4,3,5,1,0,4,4,3,4,0,6,5,4,7,1,5,3
91,8,9,8,3,4,7,2,5,8,3,8,5,8,1,1,2,3,5,3,7,6,2,5,3,6,1,3,7,1,0,6,6,6,4,7,1,0,3,0,4,9,9,4,0,6,9,7,0,3,1,3,1,9,7,8,6,1,2,7,4,8,8,9,7,5,1,6,8,7,5,3,0,7,5,5,5,0,7,9,1,6,7,4,1,3,6,8,9,3,7,0,9,3,4,4,0,3,5,9,7,6,7,1,5,0,6,5,1,1,5,4,7,3,7,8,3,1,0,8,5,2,2,3,5,4,9,3,2,4,0,9,7,2,8,0,2,6,3,0,8,7,0,7,4,7,4,3,4,3,1,9,5,7,1,9,5,3,9,8,1,7,8,2,3,1,4,5,5,3,8,5,6,3,7,9,9,7,6,3,0,8,0,1,4,0,9,2,1,7,2,8,7,6,7,4,4,5,4,4,3
92,2,1,3,9,1,7,7,6,3,2,7,6,8,7,8,5,9,4,4,3,4,7,4,1,7,4,8,6,2,1,2,1,0,1,1,2,1,4,6,7,8,1,1,3,5,3,6,2,1,3,4,1,3,9,4,8,7,7,6,0,5,3,4,2,5,7,6,2,1,5,2,3,4,2,4,4,1,7,2,5,7,2,7,1,6,2,4,4,3,4,7,0,4,0,1,8,8,8,6,0,1,8,0,1,1,4,3,4,9,5,5,9,2,4,1,0,4,2,5,1,2,5,3,2,8,5,6,6,2,5,8,2,5,8,6,9,5,9,7,8,5,7,8,8,1,5,6,3,4,7,2,3,6,9,8,7,4,2,4,7,3,1,5,8,4,6,8,2,2,1,1,3,9,4,3,2,8,7,5,4,4,7,3,6,1,8,5,2,8,6,5,2,8,7,5,2,7,5,8,4
93,1,0,1,3,3,6,2,5,6,4,1,0,4,6,8,1,8,1,7,8,7,8,7,5,1,8,7,1,5,3,4,3,6,0,4,4,6,3,7,1,9,0,7,4,3,8,5,4,6,7,9,3,2,5,1,3,5,5,5,0,3,5,2,5,3,5,7,2,6,3,1,2,1,9,3,6,7,8,2,8,5,7,8,8,7,2,4,0,1,6,8,9,0,3,2,4,9,6,8,5,2,4,3,8,1,4,1,4,8,8,4,3,5,4,8,3,8,1,1,7,6,3,4,1,6,2,4,6,6,1,6,5,7,2,3,1,8,2,2,4,1,8,2,1,5,2,6,5,4,5,9,4,0,0,1,6,0,8,5,7,4,2,1,1,5,4,6,3,3,3,1,2,6,3,6,7,4,7,2,4,9,3,4,3,1,1,6,3,2,7,3,9,7,5,2,3,3,7,1,6
94,2,5,5,7,6,8,5,7,6,6,5,8,1,3,2,6,2,2,5,0,3,3,8,0,3,2,8,8,5,4,1,8,2,4,6,4,8,0,5,7,2,3,3,6,1,4,6,3,8,2,6,2,6,8,3,1,7,0,1,5,7,1,2,5,7,2,8,5,8,7,2,9,8,8,8,5,2,1,1,9,6,0,5,3,7,5,6,8,4,3,5,1,2,0,3,6,9,5,3,1,3,8,7,5,2,2,3,6,4,5,8,5,6,9,4,5,5,7,5,1,4,5,3,4,8,8,4,9,8,3,1,1,8,5,0,0,2,1,3,3,0,3,8,8,9,5,3,0,8,0,9,5,2,0,5,7,6,0,7,7,9,5,7,9,2,2,2,4,8,6,2,4,9,6,8,8,7,1,3,2,1,0,3,1,0,4,2,6,8,6,8,7,6,9,8,7,7,4,3,6
95,2,0,2,4,1,2,5,8,1,8,8,6,8,3,2,8,5,9,8,1,5,0,1,5,6,6,3,5,5,6,1,2,9,5,4,4,2,5,1,7,3,7,8,1,2,8,6,7,5,0,5,2,8,0,2,2,7,6,8,3,9,1,2,8,5,1,3,5,0,4,9,1,7,8,2,2,4,3,4,3,4,3,4,2,3,2,4,9,2,3,4,6,2,2,0,1,4,4,8,1,4,0,3,3,9,2,7,3,9,8,0,4,4,5,5,3,3,2,4,1,6,3,6,7,1,6,2,1,7,5,6,4,5,6,3,0,7,2,6,3,3,5,6,1,1,6,5,6,5,6,6,3,1,0,9,6,7,4,5,1,6,0,1,3,2,4,3,1,7,5,6,8,2,2,3,2,8,1,3,6,3,0,8,3,2,9,7,8,0,7,2,6,8,6,5,2,6,6,7,2
96,4,2,9,3,3,3,7,8,8,1,1,1,8,2,2,2,1,8,2,6,9,1,8,6,2,6,3,5,9,0,1,8,7,2,1,5,3,2,6,4,6,7,6,6,3,4,4,3,9,5,4,7,6,1,2,4,4,5,7,5,7,1,3,5,9,8,4,1,5,4,5,2,4,4,9,4,0,1,2,0,7,0,2,5,6,3,8,1,4,8,1,6,7,3,1,0,4,3,2,6,9,4,8,6,3,8,8,5,7,6,1,0,8,1,0,0,9,8,6,5,2,1,2,4,5,7,2,2,2,1,6,9,1,4,4,2,7,9,4,4,1,9,0,4,1,2,6,1,8,9,1,8,8,1,3,3,9,8,6,2,8,3,4,4,7,8,6,7,1,2,3,2,2,7,1,5,4,8,7,5,3,3,9,7,6,2,1,0,3,8,5,1,4,4,8,8,2,7,2,6
97,7,7,7,6,8,7,6,9,6,6,3,8,3,0,5,3,8,5,3,2,2,0,2,6,4,5,7,1,2,7,4,0,2,2,9,2,4,6,8,9,1,8,6,2,3,0,6,8,7,3,3,9,4,1,2,6,8,4,1,7,7,7,9,3,8,6,0,3,7,4,7,7,5,6,8,8,4,7,2,5,7,5,8,9,8,8,4,2,2,1,2,9,2,2,1,9,0,3,0,5,9,7,4,7,6,1,5,8,1,8,6,4,7,4,0,1,9,1,5,2,8,6,2,4,4,7,7,0,7,4,3,7,4,6,6,5,6,7,3,8,8,2,0,8,6,5,1,2,7,5,6,3,8,6,3,2,9,2,3,1,4,4,4,6,6,2,2,2,9,2,0,1,3,5,0,2,6,6,7,7,1,1,0,8,6,9,1,3,1,8,7,3,7,1,5,8,3,3,2,9
98,1,6,1,1,1,7,3,2,3,0,4,8,6,2,2,1,4,6,2,1,7,5,8,8,8,5,5,8,5,1,5,9,8,7,7,7,0,7,8,2,9,8,0,6,2,5,5,4,4,1,2,1,6,1,4,8,9,3,5,5,2,3,2,5,7,1,4,6,7,3,7,4,0,7,8,2,6,6,7,6,2,4,0,5,1,3,4,6,4,8,0,8,6,4,6,2,7,0,5,5,3,5,7,8,5,5,3,3,1,7,5,8,4,5,7,1,1,6,3,8,2,2,5,3,4,7,7,1,4,5,2,2,3,4,4,5,5,5,9,5,0,1,0,2,4,8,5,9,4,1,2,6,5,2,3,4,2,1,5,3,4,8,5,8,4,1,2,0,8,6,5,8,0,8,6,4,2,3,6,4,6,0,4,4,4,7,2,0,7,4,6,5,5,8,1,7,8,8,1,5
99,6,8,7,7,7,0,5,5,1,2,7,7,4,4,8,2,4,8,2,5,0,4,9,5,4,3,7,3,0,5,2,4,3,1,5,8,2,3,2,7,7,1,3,8,3,5,2,5,7,7,7,3,5,4,9,1,5,9,5,1,7,9,8,3,6,1,5,8,5,2,6,8,6,2,7,6,8,7,2,2,4,0,4,4,1,5,4,5,6,2,3,7,8,4,4,4,6,8,0,9,0,3,5,3,8,2,7,3,0,6,0,7,6,1,1,0,7,3,8,8,7,3,2,4,6,6,8,5,5,7,5,4,6,6,4,4,6,2,8,2,4,9,1,5,5,7,3,4,5,6,0,4,3,5,5,4,6,6,0,6,6,8,4,1,8,7,3,8,5,4,3,2,8,6,2,3,8,8,5,2,5,0,5,6,0,1,5,7,8,6,1,1,5,6,8,6,4,7,4,4
100,3,5,3,4,4,7,4,7,1,3,4,2,6,4,1,4,1,3,1,3,9,0,6,1,3,3,3,3,2,1,2,3,0,6,0,4,8,3,4,4,4,8,0,0,2,2,2,1,2,6,7,7,4,2,6,1,1,5,3,6,4,6,2,7,2,3,1,1,5,7,1,2,6,4,1,1,7,6,8,4,2,6,8,4,1,2,3,0,6,2,4,1,3,0,7,8,6,0,5,0,3,4,9,5,7,7,8,9,4,7,6,5,3,0,2,7,8,3,5,8,1,5,6,1,5,4,8,3,9,2,9,8,5,8,8,3,1,3,3,6,1,7,7,1,5,7,6,1,6,6,7,4,7,2,6,5,2,1,5,7,0,5,9,6,2,6,1,7,2,2,9,5,4,2,5,1,4,8,1,9,8,0,4,3,8,6,0,0,6,3,8,4,5,7,0,3,3,3,9,2
101,7,5,4,2,3,8,2,8,5,2,6,4,6,8,8,8,1,8,8,6,0,2,1,1,8,5,7,3,1,1,5,0,2,0,2,7,5,8,6,3,2,1,8,1,4,0,5,4,3,7,5,8,7,8,3,9,8,1,2,3,2,6,3,2,0,9,3,2,7,5,3,6,8,9,3,4,3,7,5,3,7,6,3,2,6,7,7,8,1,9,4,1,3,3,6,4,0,5,3,6,0,1,1,7,3,1,7,4,5,5,6,7,3,8,7,4,4,4,5,7,8,7,2,2,5,2,4,1,1,6,5,4,7,6,6,5,0,2,0,2,2,7,0,6,4,9,3,7,5,9,1,6,4,5,0,3,4,8,7,4,5,4,4,2,8,3,5,4,6,5,5,0,7,4,6,2,2,4,8,6,8,7,5,5,2,8,5,9,6,2,1,5,1,0,6,7,0,0,7,0
102,6,2,7,0,8,8,1,1,9,5,6,6,4,4,3,7,3,7,6,4,7,4,2,8,0,5,5,8,3,0,3,2,5,2,1,7,4,1,4,5,8,3,7,3,4,8,4,1,2,3,5,2,1,3,7,1,1,5,1,0,1,2,8,0,1,6,8,3,1,3,1,4,1,8,5,1,7,8,0,8,2,8,5,3,4,6,5,1,5,7,4,7,0,5,8,6,7,5,1,0,2,0,5,0,6,3,3,8,5,8,8,3,6,7,0,8,8,4,8,4,8,7,2,1,1,1,9,7,7,3,0,6,4,3,8,1,5,5,9,0,2,3,7,2,3,6,9,3,3,7,9,9,4,7,4,4,4,8,1,9,3,1,2,0,0,8,8,2,8,8,4,3,5,8,7,6,8,6,4,6,0,1,7,0,2,4,9,0,5,6,3,5,6,2,9,2,6,7,7,8
103,5,4,2,8,0,5,5,4,6,3,6,2,7,4,9,0,5,0,7,3,8,7,7,3,7,9,6,8,2,4,6,2,5,4,4,6,7,2,2,7,6,3,4,6,8,3,1,4,0,7,1,4,5,4,3,1,7,3,6,4,9,9,8,5,9,3,0,3,8,8,6,1,0,5,8,7,7,9,8,8,8,1,9,1,1,3,3,3,1,1,2,8,2,7,2,6,4,5,4,7,3,7,0,1,8,3,3,1,3,8,4,0,1,1,3,2,8,9,7,3,7,1,9,7,8,5,8,8,8,1,8,3,8,0,3,6,7,4,4,2,8,6,4,5,3,8,7,4,7,6,1,3,6,8,0,6,8,1,3,3,8,7,6,8,9,8,7,3,6,8,6,6,1,4,8,2,4,5,1,7,8,2,1,3,7,9,6,8,5,4,7,5,8,3,6,2,3,2,4,9
104,8,6,5,5,7,8,6,8,0,3,7,3,3,5,8,2,2,7,2,5,2,4,2,5,2,6,4,2,8,9,3,8,5,8,3,2,9,8,2,3,4,1,8,7,6,7,1,5,2,8,8,1,7,4,3,5,3,1,6,4,8,2,2,9,9,3,1,6,4,3,6,0,2,8,6,3,7,2,1,4,2,3,2,4,6,7,3,1,2,8,3,9,3,5,5,8,6,5,3,0,8,5,2,0,4,8,3,1,9,6,3,1,5,4,7,6,1,7,7,5,5,4,4,6,4,9,1,1,0,4,5,2,4,2,4,3,4,2,2,2,3,1,8,9,2,4,2,6,7,5,3,7,8,6,2,5,9,4,6,4,1,2,8,6,5,2,5,3,4,5,4,2,1,8,7,4,0,9,1,5,0,2,4,1,2,9,5,5,1,1,6,6,2,7,4,8,4,2,2,2
105,4,8,3,4,3,7,3,5,4,8,0,6,0,6,4,8,3,7,1,3,6,8,1,3,1,1,2,7,4,3,4,4,7,7,7,4,2,4,7,4,3,7,4,4,5,1,8,0,8,2,5,8,4,9,4,3,1,6,1,4,6,1,5,9,4,4,2,7,2,8,7,4,1,6,7,8,1,7,7,0,2,6,8,7,4,3,7,0,2,4,2,4,3,5,4,4,3,2,1,7,0,0,9,1,0,6,2,7,4,5,6,2,6,1,6,4,9,7,4,8,5,8,4,5,3,1,5,3,6,2,6,9,0,4,4,1,1,6,3,2,1,6,0,0,9,9,0,3,0,5,4,9,8,1,9,4,3,2,2,1,5,5,1,6,5,6,4,0,3,4,9,0,3,6,6,2,1,8,2,6,4,2,5,6,4,4,3,7,2,5,1,4,2,2,5,6,0,4,5,3
106,9,0,4,8,1,6,4,8,2,0,6,9,7,9,3,7,2,1,0,8,5,6,7,7,7,5,7,2,6,3,9,8,9,3,3,6,6,4,1,1,1,9,5,7,5,4,2,5,5,5,8,7,0,6,2,4,8,7,1,3,2,0,6,7,1,5,8,6,5,2,3,4,3,9,7,2,8,4,5,4,3,8,2,0,8,1,6,5,9,7,3,7,5,1,7,7,6,8,6,1,3,8,1,1,7,0,3,3,7,1,7,1,7,8,1,0,7,7,4,5,8,4,1,1,1,8,3,6,6,5,0,9,9,2,9,6,2,5,2,6,1,4,6,0,6,2,5,8,6,7,4,5,7,3,7,5,1,5,3,1,9,8,0,4,0,8,4,8,4,5,1,4,2,6,5,1,3,4,9,3,2,2,5,0,6,8,6,8,1,7,8,0,5,6,8,4,8,7,7,7
107,1,1,3,0,4,8,6,5,4,8,3,2,4,9,0,6,1,8,2,9,5,6,5,2,4,5,5,3,8,7,3,6,7,4,1,6,3,2,5,1,2,7,7,2,2,1,5,1,4,0,2,5,4,4,4,2,4,2,1,3,6,2,2,5,1,8,5,7,1,9,8,5,0,3,2,8,0,4,7,5,5,5,3,9,8,1,5,2,3,8,3,7,1,7,2,6,2,2,5,9,3,4,6,0,4,7,0,7,4,5,8,5,8,6,2,1,4,7,6,5,4,6,7,4,4,5,2,2,2,8,3,6,6,9,5,6,5,2,2,2,5,5,3,7,6,9,2,3,8,6,5,7,1,1,8,0,0,2,6,7,6,6,9,0,7,2,2,5,5,3,7,5,1,1,3,2,7,4,2,6,7,6,8,2,2,1,5,7,6,2,0,2,0,2,3,6,6,4,8,3
108,2,9,0,8,2,0,6,1,3,8,4,1,0,8,7,0,0,8,3,4,6,2,3,5,1,3,8,0,8,5,9,2,5,8,7,7,0,6,5,3,8,3,2,8,2,5,7,7,6,2,9,7,3,3,8,4,5,3,6,5,7,8,2,0,4,3,3,6,6,5,5,9,0,7,0,6,4,8,7,7,1,6,2,5,6,1,6,5,3,7,1,3,3,9,3,3,4,8,6,8,0,2,9,2,7,3,3,0,1,0,5,6,2,3,5,2,6,5,3,0,3,7,9,2,3,0,5,2,8,8,4,9,6,2,0,3,8,7,6,8,2,0,8,3,5,3,4,1,6,7,7,3,9,1,5,2,8,2,5,0,0,2,6,1,9,8,1,0,2,9,7,2,7,5,8,1,2,5,1,2,4,6,3,1,2,5,2,7,6,6,6,0,8,2,3,2,3,1,7,4
109,4,4,8,4,3,7,8,4,9,4,0,0,3,9,7,3,1,7,4,4,4,1,4,4,3,3,3,6,5,9,7,4,2,7,7,0,8,8,6,9,4,0,2,3,6,9,7,8,6,4,6,9,6,8,8,8,6,9,4,7,0,5,5,2,1,1,4,3,0,5,8,9,5,3,3,4,6,6,6,1,9,1,3,9,2,5,3,3,2,1,5,1,2,8,7,0,2,3,9,3,7,1,8,8,7,9,8,3,0,8,2,8,9,4,2,1,2,4,5,3,5,0,6,5,1,4,2,7,1,6,2,8,7,0,2,1,9,8,2,3,3,2,3,2,0,3,1,8,0,8,1,8,4,2,1,3,2,6,3,9,4,1,5,5,2,8,9,3,0,2,2,8,2,7,4,0,6,0,8,7,8,1,8,0,0,5,4,9,4,6,3,7,2,5,4,6,5,2,3,8
110,8,3,4,1,5,4,4,1,7,5,8,4,1,7,4,1,7,3,9,6,7,3,1,3,1,1,5,6,7,7,0,5,5,3,1,6,7,9,1,7,3,3,7,6,0,6,0,4,8,5,8,0,4,0,1,4,2,9,5,4,7,8,3,4,0,1,9,1,5,1,0,6,3,9,1,3,8,5,9,1,5,4,8,8,1,4,6,2,7,7,4,7,9,7,7,9,2,5,8,2,7,6,3,7,4,7,5,8,8,0,8,4,3,3,3,6,3,4,7,7,1,1,0,9,3,3,1,9,1,7,5,9,7,5,0,1,4,4,2,8,7,2,3,4,5,7,4,0,1,7,4,4,2,4,4,1,3,4,4,6,4,8,7,4,1,6,8,7,5,1,5,8,5,2,7,7,5,3,7,5,8,4,3,7,4,3,0,2,5,7,8,0,8,5,4,4,2,5,6,8
111,4,7,8,8,8,7,8,3,4,4,6,3,6,1,8,6,3,2,2,2,8,3,1,6,2,4,3,4,4,2,6,3,8,2,4,6,0,4,7,2,2,3,3,2,7,2,0,4,3,8,5,6,2,6,3,8,6,3,1,5,8,2,3,3,8,3,4,1,8,1,9,2,7,4,2,7,2,6,9,6,2,4,6,4,2,8,4,2,5,5,1,3,5,3,6,0,1,2,8,1,3,6,2,7,1,6,5,8,4,7,0,2,0,0,6,4,2,6,3,6,0,8,0,6,3,8,3,3,1,6,2,3,2,4,5,0,6,8,4,6,5,1,5,3,7,7,3,1,2,9,2,4,2,4,0,3,7,1,2,5,0,6,8,8,3,4,3,1,5,5,5,0,4,6,9,8,6,7,5,2,1,1,6,5,9,6,6,0,8,8,8,1,5,3,6,1,5,9,2,6
112,2,8,3,9,5,4,0,0,8,1,1,7,8,3,1,8,1,7,2,1,0,6,0,8,8,3,8,4,3,8,7,6,5,1,8,3,1,3,3,9,8,3,1,4,5,4,3,3,2,6,3,4,2,5,2,1,3,6,2,7,8,6,8,5,8,5,5,8,6,3,8,0,2,8,4,0,3,5,6,2,6,1,8,4,5,5,2,7,5,6,5,6,9,9,1,6,5,4,1,8,1,8,1,8,8,7,0,2,8,3,5,0,1,0,4,7,2,4,5,9,1,1,0,6,1,7,8,4,7,1,5,8,7,9,8,5,2,1,3,6,1,6,6,5,7,8,9,1,8,8,1,5,7,4,0,6,7,6,7,7,7,3,9,6,9,6,2,0,0,6,3,7,8,5,4,3,2,5,3,4,5,2,3,6,7,5,7,3,2,4,8,3,8,4,8,1,2,7,4,3
113,3,4,2,1,1,6,1,8,4,6,6,3,9,2,8,3,3,4,6,5,2,2,8,8,1,1,6,5,7,5,1,0,1,0,1,2,5,2,4,5,2,2,7,8,5,8,1,2,8,6,8,4,2,1,8,3,4,4,0,3,9,1,2,4,6,1,5,4,0,6,8,7,4,8,5,0,9,9,4,7,6,6,5,9,8,4,9,4,3,2,8,5,6,4,8,8,3,3,4,4,8,2,6,6,3,1,7,2,2,8,8,1,0,7,2,1,4,8,7,1,1,3,5,2,5,8,7,5,1,7,2,6,0,1,2,4,6,9,6,3,2,7,8,4,5,3,6,8,7,3,1,5,6,6,4,2,8,7,8,1,5,5,8,4,9,6,8,1,5,6,8,5,7,8,4,2,3,6,6,3,8,9,2,3,1,4,5,5,5,7,5,3,5,2,6,4,8,3,0,9
114,3,9,1,7,3,6,6,1,4,2,9,6,2,4,1,4,8,4,6,2,8,2,3,4,5,8,9,4,1,7,6,3,6,7,9,6,4,2,8,6,1,3,6,1,2,8,9,6,1,9,9,6,9,1,7,1,1,6,3,8,2,7,8,0,8,6,6,6,1,4,6,9,8,9,7,3,6,5,6,8,9,6,5,5,4,7,3,2,3,1,3,6,4,2,5,0,2,0,6,7,8,1,6,1,7,1,6,2,5,5,2,4,8,0,1,4,6,7,5,5,7,0,8,6,7,2,9,2,0,7,6,3,6,2,7,3,0,8,6,4,3,6,0,5,5,9,1,3,7,5,2,6,8,9,7,7,6,6,7,6,0,6,5,6,0,6,2,6,6,4,6,3,5,8,8,6,4,1,2,6,1,6,6,2,5,7,2,6,6,7,6,3,1,9,0,1,7,1,3,1
115,8,2,1,7,9,3,1,4,5,7,1,1,2,3,9,3,1,3,5,0,3,4,7,4,2,3,7,0,5,5,9,1,4,5,9,2,7,1,4,4,1,4,5,2,2,7,2,4,9,6,7,2,7,2,1,4,2,7,0,4,3,8,1,5,3,3,4,4,4,3,8,5,8,4,3,6,4,7,2,1,2,5,6,4,8,8,9,2,2,2,1,6,9,2,8,4,2,8,7,6,3,2,2,2,7,4,4,9,3,1,4,2,1,3,0,7,9,2,2,4,6,7,1,4,5,2,9,5,6,6,5,1,0,5,1,8,3,3,6,5,0,7,1,3,4,3,3,2,5,0,5,8,5,7,7,2,4,0,3,8,5,7,5,7,6,4,3,3,0,0,1,8,8,5,2,7,7,6,4,8,7,2,2,9,2,0,8,8,7,8,8,9,8,8,4,2,8,9,4,8
116,7,7,8,3,3,9,0,6,7,2,5,2,7,5,2,3,4,2,9,7,2,1,2,5,8,1,8,6,1,6,6,4,6,3,6,8,5,2,7,6,0,6,3,1,2,1,7,2,2,6,1,1,4,5,6,3,7,0,8,1,1,3,5,5,6,3,1,9,8,6,6,0,4,7,5,0,4,3,5,2,5,4,5,0,0,4,5,1,2,3,1,3,2,4,3,6,1,0,2,1,6,6,1,4,8,4,4,7,3,5,8,4,2,4,9,0,4,2,3,2,8,2,7,4,6,4,3,9,5,8,8,6,1,5,7,2,1,2,0,7,3,2,7,4,0,9,8,7,1,2,1,0,3,2,1,2,2,4,4,3,8,8,1,1,5,1,7,1,6,2,8,6,5,5,1,4,5,0,5,6,6,8,7,1,1,1,4,7,6,8,2,4,3,6,7,4,7,7,5,2
117,6,8,5,7,2,4,5,5,8,0,8,4,5,1,6,8,8,2,6,1,5,7,3,4,2,9,2,4,9,0,8,6,4,5,6,7,2,8,2,9,4,7,3,8,8,6,2,6,2,4,9,1,9,1,7,6,2,9,8,7,1,6,4,7,7,6,3,7,5,7,8,7,7,8,2,4,6,3,6,1,4,8,5,6,9,5,6,5,9,0,3,8,2,5,7,3,8,2,8,5,5,8,7,3,1,2,4,4,9,9,6,1,3,5,4,4,0,6,7,7,5,5,3,0,4,5,6,4,8,0,4,0,5,4,4,8,5,3,5,8,5,1,4,4,7,8,7,8,4,0,4,4,4,4,3,7,2,1,1,6,3,1,4,9,2,4,7,7,0,1,8,1,2,5,3,5,1,8,0,7,7,7,5,8,5,7,3,5,1,6,9,3,3,6,1,8,5,7,3,7
118,3,9,4,0,6,2,0,8,0,6,4,0,7,4,8,3,6,7,2,2,7,8,0,6,6,7,7,4,2,8,1,4,1,7,8,3,8,2,0,1,0,1,8,6,2,2,5,6,7,4,2,3,1,6,0,7,2,6,1,9,6,8,1,1,7,0,0,7,7,8,2,0,6,8,1,9,8,4,8,3,2,8,8,6,5,3,6,2,5,2,3,4,5,8,6,3,8,1,7,1,5,3,0,8,8,5,1,3,9,4,9,5,6,2,4,1,4,0,5,6,0,0,9,2,4,5,5,7,0,7,6,3,8,6,5,6,5,8,2,2,7,3,0,3,5,2,4,2,0,1,7,1,3,1,3,6,2,2,9,8,3,0,5,5,4,6,5,8,0,9,8,9,9,7,2,2,1,6,8,9,1,3,1,3,3,7,2,4,1,4,4,3,7,5,5,8,5,7,1,0
119,8,0,1,1,8,2,1,6,4,4,1,6,6,4,0,2,4,1,2,5,3,1,0,3,3,3,2,2,2,7,1,2,9,3,7,0,2,5,8,1,5,5,9,6,9,9,4,5,4,6,9,2,4,8,2,3,4,0,4,7,8,1,2,1,2,2,4,4,6,7,2,1,6,5,0,4,2,7,9,1,0,1,6,8,4,9,1,3,5,6,6,2,2,1,3,7,2,5,1,6,8,6,1,1,8,9,1,3,5,8,1,8,2,2,0,5,9,3,0,7,1,0,2,7,7,6,6,8,1,7,7,6,4,2,6,2,2,0,0,6,6,1,4,1,3,6,8,4,9,2,0,2,7,1,1,4,8,5,6,2,8,8,1,0,7,0,7,6,6,8,2,6,2,4,2,7,1,5,6,5,3,2,9,5,9,8,0,0,0,8,8,5,8,5,6,1,5,9,6,8
120,3,2,2,3,8,4,1,5,9,6,9,7,8,7,7,0,2,1,5,8,4,4,6,3,9,7,2,6,2,8,0,9,6,5,6,9,1,7,8,2,3,6,5,9,7,4,2,6,2,1,4,8,1,4,0,8,7,5,9,8,7,7,9,2,1,6,9,3,1,2,5,8,5,6,0,4,4,5,1,0,4,3,7,2,5,5,4,6,8,8,2,3,5,2,2,6,6,2,2,8,3,3,4,2,9,6,8,4,5,3,5,3,9,7,9,5,3,1,5,0,6,9,9,8,6,1,5,8,3,9,4,1,3,2,2,0,7,6,6,5,4,8,3,6,7,2,0,4,6,8,6,1,8,4,5,1,3,7,8,7,1,0,7,5,3,0,0,1,1,1,7,5,6,8,8,6,3,2,4,7,2,4,8,5,5,4,8,7,4,6,3,1,5,6,4,2,6,3,3,1
121,4,5,2,6,5,1,9,5,4,7,6,9,3,2,6,7,0,4,4,4,3,7,9,6,1,7,4,5,3,5,9,3,3,7,8,3,9,6,5,4,3,1,1,0,4,3,6,7,5,1,8,7,0,6,6,8,3,8,9,8,5,2,7,2,3,5,2,3,6,0,2,4,8,1,4,0,7,7,3,3,9,9,5,8,0,9,0,3,7,7,7,1,2,1,2,0,9,1,8,4,1,8,8,2,3,6,2,5,2,6,2,7,2,5,3,4,2,7,0,2,0,1,6,8,6,4,3,8,5,7,8,6,4,1,2,4,9,3,8,2,0,8,8,8,6,8,7,1,6,6,5,0,1,2,8,3,1,1,3,3,3,6,5,8,9,3,5,5,2,3,3,4,5,7,5,8,3,3,7,8,3,1,4,2,7,5,4,7,3,5,7,3,8,2,3,4,8,5,9,1
122,7,4,8,6,4,8,5,6,1,4,5,7,8,1,5,8,3,7,4,1,1,5,9,8,5,5,9,2,5,8,6,2,9,2,4,6,7,6,2,5,9,7,3,2,8,4,7,4,4,0,6,0,4,9,4,6,1,4,9,2,5,2,1,2,3,9,6,8,0,9,8,9,7,5,6,0,4,1,9,6,1,0,5,6,8,6,4,5,8,5,7,1,4,2,7,4,0,8,4,9,4,4,7,0,5,0,3,1,8,6,2,7,2,6,4,1,8,4,5,7,6,0,3,4,0,1,5,3,6,2,4,9,6,4,6,5,6,1,3,6,7,2,0,9,4,1,0,8,4,1,0,4,8,2,9,8,7,6,2,5,5,7,4,7,2,2,8,2,4,3,5,0,6,3,3,5,2,2,2,0,4,0,4,6,0,5,8,2,2,0,5,4,1,6,6,4,1,3,7,8
123,6,6,3,5,4,3,5,1,5,1,2,7,1,3,2,8,3,4,1,0,2,6,0,5,9,6,2,3,7,4,3,1,7,4,6,8,4,5,1,4,1,0,2,0,9,7,5,3,3,7,0,3,3,7,3,4,4,2,8,2,6,7,9,7,5,6,1,2,7,1,2,2,5,1,4,7,3,5,3,6,1,7,5,1,7,6,0,6,4,6,7,9,5,4,4,7,5,8,2,5,7,4,1,8,1,3,9,0,6,1,8,1,8,7,4,3,7,4,8,2,4,6,0,3,5,5,4,3,5,4,7,3,2,4,5,6,5,4,4,3,8,1,3,7,6,3,4,8,2,8,5,1,3,8,1,9,1,2,2,5,1,9,9,3,5,7,8,0,1,9,6,5,0,3,7,3,7,1,6,9,4,4,7,0,3,7,6,1,4,6,4,5,2,4,3,9,5,8,3,1
124,4,9,7,3,8,3,8,2,4,6,6,8,5,7,4,6,3,6,7,6,3,9,4,5,8,7,7,7,5,3,3,2,7,4,5,8,7,5,6,2,4,5,1,6,2,5,1,9,4,7,6,5,3,8,2,8,5,7,2,5,3,7,9,6,1,5,5,2,0,6,3,8,0,9,8,2,0,8,5,8,6,7,1,8,7,3,5,6,3,0,8,4,7,3,3,2,7,6,1,3,8,3,3,1,5,5,8,6,7,6,0,1,0,9,1,3,4,3,5,1,3,4,9,0,5,2,7,8,4,2,7,2,5,8,1,8,5,2,4,1,5,3,8,3,4,1,1,4,8,8,6,2,7,4,6,5,1,5,0,4,2,9,6,2,8,7,3,0,3,7,3,5,2,3,8,5,9,6,3,4,5,1,2,8,2,1,6,2,7,9,9,1,2,5,4,4,1,5,2,9
125,9,3,2,2,4,4,8,1,4,4,4,1,5,6,7,6,5,7,6,8,3,1,6,1,5,3,4,1,8,6,5,8,9,6,7,1,7,3,4,8,5,8,6,4,8,2,1,3,2,1,4,4,4,1,7,4,1,2,3,6,3,0,2,9,8,2,8,3,1,6,6,9,6,0,0,1,4,0,1,6,7,4,2,3,5,6,3,5,0,3,4,2,1,3,0,8,4,3,3,7,1,5,5,8,5,9,5,2,4,4,7,5,5,1,7,3,3,5,7,9,0,8,6,1,0,2,3,3,4,4,0,5,0,8,0,1,7,5,1,2,0,1,3,7,2,8,1,6,2,1,6,3,6,3,9,6,3,5,0,2,3,1,2,6,8,5,3,4,0,7,4,7,6,7,1,5,3,7,6,7,7,4,7,2,4,2,9,8,3,4,2,7,6,7,6,9,3,8,6,2
126,5,9,6,5,5,4,7,8,1,4,5,1,9,6,7,1,8,6,8,3,6,3,7,2,3,6,0,3,5,5,0,4,6,4,8,2,6,2,3,0,0,1,3,5,5,7,6,1,6,7,1,0,9,2,9,1,5,2,8,4,4,8,6,4,2,3,6,5,6,3,5,1,7,4,8,3,8,8,6,1,4,4,2,5,8,5,3,1,5,6,9,2,3,4,3,6,8,6,8,8,1,2,1,9,6,5,3,3,9,3,7,7,1,7,1,3,2,3,2,4,7,5,1,3,9,0,4,3,8,6,7,5,4,1,7,9,5,2,4,7,4,1,5,8,8,6,6,7,3,8,9,5,3,8,7,5,6,1,2,5,4,9,3,5,1,8,1,9,2,6,5,2,1,2,4,2,6,2,7,2,0,5,1,2,1,8,5,6,3,4,0,3,4,1,2,9,3,3,4,1
127,3,9,7,7,4,8,9,8,5,2,5,2,0,4,1,8,6,1,4,2,1,3,2,8,4,9,4,4,3,4,7,7,8,5,5,4,1,1,3,1,8,6,1,7,4,4,7,9,6,3,4,5,8,8,3,2,4,8,7,2,7,4,5,0,2,9,2,3,5,6,8,3,8,6,1,0,6,4,1,1,3,5,7,7,6,9,8,3,2,4,8,6,4,7,5,1,3,4,5,1,3,1,1,9,1,6,9,6,3,1,4,1,8,6,7,0,2,6,1,4,0,4,9,6,3,3,0,3,5,9,7,1,5,1,8,6,2,5,8,0,1,9,8,8,5,9,5,3,8,0,1,1,4,3,8,0,2,8,7,6,5,2,5,6,4,3,1,5,4,5,6,2,4,7,6,6,5,6,5,0,8,1,8,9,3,7,8,4,5,5,5,7,8,3,8,2,1,4,3,8
128,1,2,2,8,4,9,6,6,3,1,0,0,7,2,6,5,2,4,7,2,6,4,8,6,2,8,0,0,5,0,9,8,4,6,5,3,4,1,9,9,3,8,3,2,0,4,1,2,8,7,9,4,7,7,5,4,4,3,4,1,6,4,5,6,1,5,7,9,3,6,7,6,3,4,8,2,9,9,5,7,1,8,1,3,7,9,5,7,5,7,7,6,6,1,4,6,1,2,7,7,0,4,3,2,2,2,9,6,8,7,3,5,4,3,2,9,2,6,3,4,4,0,1,1,1,8,3,0,5,6,8,8,6,7,9,4,6,6,5,5,2,0,1,2,5,1,3,1,1,4,1,6,0,8,5,6,2,1,1,5,1,5,4,5,8,1,1,6,5,6,1,4,6,1,4,9,3,7,1,9,0,2,5,2,8,2,6,5,9,4,8,6,2,3,3,1,5,9,6,3
129,6,5,6,3,4,1,8,4,4,0,7,7,4,4,4,5,4,1,7,5,6,8,5,4,7,1,4,3,3,4,0,6,3,6,7,1,7,6,0,1,0,3,3,7,7,4,8,1,6,3,4,9,6,6,5,4,0,2,2,6,7,1,5,9,6,3,4,2,7,7,2,6,3,8,9,5,7,8,9,2,6,9,2,0,7,6,9,4,2,1,4,5,2,3,2,8,1,5,8,8,3,5,4,4,7,5,0,4,8,6,2,8,4,8,1,9,6,6,3,1,0,4,9,4,4,8,7,5,0,2,6,1,6,0,0,7,2,8,8,5,4,9,6,4,7,8,9,4,6,8,9,1,6,2,4,1,3,8,6,9,5,5,0,2,1,9,8,5,8,2,4,2,2,7,8,0,1,9,7,6,6,3,7,2,9,0,5,4,2,6,2,7,3,2,8,1,2,8,6,0
130,3,0,5,4,0,3,6,8,0,2,7,5,4,3,5,4,7,1,2,8,5,6,4,4,6,4,4,8,6,7,1,7,1,2,0,4,1,6,8,0,8,7,2,7,1,5,9,7,1,1,7,0,7,7,0,5,7,1,4,4,8,7,2,5,8,5,6,6,7,3,4,7,7,4,8,6,6,4,7,4,1,5,5,9,3,4,2,2,6,0,1,4,8,7,3,7,3,5,7,7,0,4,5,6,6,3,6,6,6,8,9,9,5,1,4,5,5,8,6,6,4,1,6,8,1,6,6,4,2,0,5,7,1,0,4,2,3,7,5,6,2,1,7,3,8,6,4,3,0,4,4,0,2,3,4,8,3,7,5,5,2,7,3,8,1,7,1,1,5,7,9,5,2,1,6,8,3,7,8,2,6,8,5,8,0,2,1,7,1,3,7,6,7,3,8,2,5,7,2,1
131,2,9,3,5,1,9,0,2,6,3,2,5,2,1,1,7,6,0,6,7,6,9,3,2,4,7,7,5,6,2,6,0,8,1,9,3,7,8,4,4,4,9,8,4,7,3,6,8,2,4,4,8,2,6,6,4,1,2,7,7,7,6,4,1,2,2,7,3,7,9,1,0,6,5,2,0,8,8,2,0,2,1,1,7,0,3,6,5,9,6,3,5,4,9,5,9,8,1,7,1,8,6,8,7,4,4,6,9,3,1,4,5,8,6,8,5,1,2,0,2,1,0,8,0,4,1,2,0,3,2,0,7,6,7,0,6,1,7,5,1,8,2,8,8,3,0,5,7,8,4,4,0,7,3,7,6,1,5,8,8,4,8,0,6,1,9,4,7,7,6,8,2,1,3,2,8,9,1,1,4,1,9,7,4,1,4,3,4,7,4,2,9,2,3,1,8,8,2,3,6
132,6,4,7,8,6,2,3,4,5,8,3,9,4,8,8,2,2,3,3,1,4,5,5,9,8,7,7,8,2,8,3,6,1,4,5,1,1,4,8,5,1,2,1,0,3,3,4,8,3,9,3,3,8,2,3,8,8,1,3,5,9,3,5,5,8,8,1,2,4,7,0,5,6,7,2,7,8,4,1,1,3,8,6,2,1,4,4,7,3,0,8,5,8,2,7,0,5,8,0,7,1,1,7,4,9,6,7,1,1,5,9,6,0,1,4,3,7,3,8,9,6,4,7,5,5,8,8,3,1,1,5,0,8,7,5,1,7,1,1,9,6,7,7,6,6,3,3,3,0,1,2,0,5,1,6,4,0,1,8,5,8,3,7,8,9,1,6,1,4,3,4,2,1,6,8,9,3,1,6,7,3,9,0,4,1,9,8,9,7,0,4,3,6,8,8,4,7,2,6,3
133,4,5,3,3,0,0,3,4,3,2,5,0,7,1,8,8,0,2,8,0,5,3,1,1,5,6,6,2,1,6,5,6,4,5,3,7,2,2,3,2,7,2,6,4,1,7,0,9,4,7,8,9,6,3,3,4,8,1,9,8,1,6,4,5,4,3,9,8,4,5,6,4,6,5,8,7,8,1,8,7,2,3,3,4,4,8,8,8,8,7,1,8,4,3,5,2,5,4,9,3,2,2,4,4,3,7,0,1,0,9,3,6,2,6,0,2,7,4,4,1,9,3,3,8,4,2,8,3,7,0,1,9,0,1,8,1,1,5,2,6,5,7,7,7,4,9,4,8,4,5,2,6,8,5,6,1,9,1,6,2,8,3,5,2,3,9,2,4,5,2,1,5,0,5,8,3,3,5,4,5,0,6,7,0,5,5,1,0,2,7,0,5,5,5,4,2,8,6,4,3
134,0,4,8,7,3,4,5,0,1,5,5,5,5,5,7,1,5,4,0,5,1,3,6,5,4,5,1,0,1,2,2,8,6,5,8,7,9,3,4,4,4,6,2,2,3,8,4,1,9,8,7,1,3,3,6,7,1,5,2,4,7,8,5,5,7,0,1,4,2,7,6,0,0,5,6,4,1,1,0,3,5,7,3,3,4,8,4,6,6,8,3,0,8,1,4,6,4,3,8,7,8,9,6,8,3,8,4,0,1,1,4,0,2,0,3,1,9,1,2,2,4,6,2,1,1,3,9,8,5,6,4,4,1,0,5,1,2,9,2,2,1,0,6,6,4,3,4,9,2,7,1,7,9,2,8,1,8,5,3,1,3,3,1,4,2,5,3,7,2,2,1,1,1,2,4,6,1,3,9,2,7,4,9,6,9,9,6,8,0,0,6,5,8,8,6,9,1,7,0,1
135,9,0,1,6,0,9,2,2,7,8,6,8,8,3,7,6,4,5,6,6,8,8,6,1,2,6,7,8,8,1,4,1,2,9,1,8,1,2,6,3,4,4,8,2,1,7,1,8,4,4,5,6,5,3,3,3,2,6,2,9,6,6,2,1,5,8,6,5,7,1,4,3,4,2,7,3,4,7,0,1,5,1,2,8,9,1,6,3,9,3,7,7,7,4,7,3,5,3,9,1,4,6,0,3,6,1,9,5,3,3,8,3,4,6,3,3,6,0,6,4,8,6,8,6,3,1,7,1,1,6,6,5,5,4,0,8,1,0,4,6,3,5,8,5,7,1,8,3,0,7,3,4,0,7,4,0,4,7,4,7,9,6,8,1,7,0,9,2,3,5,6,4,1,8,1,2,3,7,7,4,1,2,3,5,6,8,7,4,7,7,4,3,7,2,0,6,1,1,7,6
136,8,2,2,3,1,4,0,3,7,6,1,2,4,4,6,3,2,5,7,4,5,2,2,1,8,1,5,4,2,9,7,4,1,3,0,4,2,4,4,8,4,6,8,9,8,7,5,7,2,7,4,0,2,4,6,8,6,2,4,7,0,1,2,5,1,1,1,6,8,8,1,3,8,4,3,1,5,0,7,8,8,7,3,6,5,9,4,8,8,6,8,4,3,3,1,1,1,9,9,2,8,5,6,4,6,9,0,5,8,1,6,4,0,8,9,1,2,4,0,8,7,4,3,4,2,5,3,1,1,6,7,5,6,7,6,0,8,8,1,1,7,5,7,0,8,9,3,5,2,3,8,4,8,2,7,5,7,6,2,3,5,3,4,2,4,4,7,3,7,4,6,5,9,3,1,6,8,9,9,2,5,1,0,4,4,4,7,5,3,5,7,3,6,9,4,2,8,5,8,9
137,1,5,3,2,3,1,5,3,5,3,8,8,1,8,8,6,7,8,4,3,8,3,5,8,8,2,3,6,1,2,2,5,3,5,4,9,7,9,9,9,3,7,0,5,3,7,3,7,8,5,5,2,8,8,2,8,0,9,8,6,2,2,3,1,1,1,2,4,2,0,4,9,0,6,2,9,8,6,2,5,7,2,7,1,8,3,8,4,6,7,0,8,9,2,8,2,7,2,9,3,7,7,3,9,7,1,7,8,8,1,5,0,6,0,5,5,7,0,6,3,4,6,2,6,2,0,7,6,4,8,7,2,6,4,8,6,0,6,5,3,7,6,3,5,6,6,8,4,5,5,0,0,2,4,7,6,5,0,1,9,0,2,7,5,6,7,4,9,7,7,2,3,3,8,5,8,8,2,9,5,8,9,8,3,6,4,7,6,6,4,1,1,8,4,1,1,2,3,0,2
138,2,8,7,4,3,4,0,5,4,1,1,7,8,4,4,4,7,8,5,0,4,1,3,3,2,8,5,6,2,1,8,4,2,6,1,6,9,5,5,2,8,7,9,2,8,2,8,5,2,3,1,3,8,5,3,4,4,0,5,7,6,5,9,0,9,5,9,5,8,4,3,3,1,9,1,8,1,0,0,2,3,9,6,3,4,8,3,1,8,2,2,7,7,6,6,3,6,3,5,6,5,7,8,7,8,8,2,5,0,4,9,5,3,8,1,1,2,5,5,6,5,6,5,9,9,3,6,1,6,0,0,1,8,6,7,4,0,0,2,4,4,4,5,0,9,4,5,6,0,0,5,3,1,4,7,5,4,7,3,1,7,8,7,1,4,8,7,7,5,9,1,2,1,7,3,5,0,9,6,6,3,7,8,8,5,8,0,6,3,9,1,6,5,7,4,4,6,3,1,2
139,1,3,8,3,6,1,5,5,8,9,1,1,3,5,2,0,1,2,4,4,4,7,1,7,2,1,5,5,8,7,9,5,2,5,5,5,6,8,0,6,0,5,1,3,6,3,4,4,7,6,1,9,7,8,5,2,2,2,1,2,1,5,8,1,2,8,4,1,7,4,6,7,2,4,7,9,8,7,0,6,2,2,4,4,2,5,6,2,5,9,8,9,5,7,1,0,8,6,8,9,1,4,8,1,3,0,6,2,0,4,8,7,8,5,2,6,4,1,1,8,1,5,7,4,1,9,2,7,4,3,8,7,9,7,8,7,7,7,0,1,6,7,8,6,5,5,7,4,3,0,6,8,4,3,2,8,1,5,1,5,1,0,4,5,4,8,4,7,7,8,1,1,1,8,9,2,8,0,7,3,1,6,3,6,9,4,1,5,5,4,3,2,6,9,6,7,2,6,1,3
140,6,8,8,3,8,1,5,1,2,3,2,8,2,3,1,3,8,4,1,8,4,6,6,3,5,4,5,6,2,5,8,7,3,1,3,8,1,7,4,1,6,7,5,1,7,9,1,2,6,9,2,0,1,8,4,5,5,5,5,0,6,7,7,2,7,5,2,4,1,6,3,7,7,4,9,4,5,2,5,3,6,9,4,6,6,8,2,9,2,4,5,2,0,0,4,2,6,1,6,9,9,6,2,5,5,2,5,8,4,0,1,7,3,5,6,8,8,9,6,2,9,3,3,5,0,3,1,2,2,5,9,7,7,6,5,1,2,7,5,0,1,1,9,2,8,4,0,7,1,7,1,0,6,3,4,6,4,0,5,4,3,6,3,2,7,0,3,2,2,6,5,4,1,3,7,3,6,2,5,1,2,7,4,7,3,7,3,2,6,6,3,1,8,9,7,8,1,8,8,7
141,7,7,2,6,6,7,5,1,9,7,6,6,4,6,5,2,2,6,5,9,2,7,1,5,5,9,6,2,1,3,3,2,1,3,8,0,7,7,5,2,4,2,5,7,6,5,5,1,7,3,1,2,1,3,5,3,6,8,8,1,7,0,2,2,8,1,3,0,6,5,1,2,1,9,8,8,9,3,5,3,1,1,9,6,6,8,4,6,7,2,2,5,4,3,9,0,7,5,1,3,5,0,6,1,3,5,8,9,1,3,2,0,7,4,2,8,4,5,9,8,4,8,8,3,7,5,1,6,2,1,9,4,4,1,5,6,3,2,8,6,0,0,3,8,6,2,0,7,1,8,5,4,2,2,8,9,1,6,4,7,3,2,7,6,1,5,8,3,4,1,5,2,5,0,1,8,6,5,4,8,2,7,6,4,4,9,2,8,1,4,8,8,3,9,8,4,1,7,0,0
142,3,5,8,3,4,4,8,3,5,5,4,1,1,8,8,1,7,2,8,7,2,7,7,6,7,2,1,4,1,2,5,6,2,2,1,8,4,8,6,0,1,8,4,6,7,4,5,4,0,4,1,3,7,9,3,2,5,2,2,2,3,6,7,2,2,4,8,3,4,6,8,3,1,5,8,3,2,2,2,8,1,1,7,6,7,1,2,6,2,3,3,0,3,9,6,5,2,9,2,0,6,4,4,1,1,4,3,2,6,9,7,1,4,0,0,8,4,9,1,2,3,6,8,3,4,7,9,4,8,3,5,6,3,2,1,4,7,3,9,2,8,0,1,4,5,1,6,6,8,3,4,1,4,8,9,4,1,3,5,9,9,6,1,2,7,7,3,4,2,2,5,1,4,8,8,5,7,7,5,0,8,7,8,0,8,2,6,1,0,8,1,3,8,2,3,9,8,7,4,0
143,1,8,2,8,1,7,9,1,6,1,4,1,4,1,7,7,9,0,1,4,7,4,8,2,4,7,2,6,7,5,6,2,8,3,0,5,2,6,4,3,8,2,2,7,4,9,7,3,3,1,0,5,8,2,6,7,0,7,0,7,7,7,1,4,6,8,7,0,2,8,7,2,5,5,2,6,5,6,4,9,2,1,1,3,3,3,4,7,7,3,7,7,0,7,9,5,5,5,3,5,1,1,1,1,8,4,3,5,6,8,6,5,7,8,0,5,9,0,2,6,9,8,5,2,3,7,6,7,7,4,5,6,2,2,1,0,2,4,2,0,5,1,0,8,3,1,7,1,6,9,3,8,5,7,8,3,8,2,4,8,2,5,2,4,6,6,5,2,0,8,5,5,7,7,4,0,2,1,0,8,0,2,9,3,1,1,4,9,5,1,5,1,8,6,4,1,9,3,8,8
144,4,3,3,4,7,0,1,1,0,6,8,2,3,8,7,9,5,6,1,1,2,2,1,2,7,0,9,4,6,7,7,1,1,1,3,1,8,7,4,8,5,3,5,7,1,3,7,4,2,8,2,3,3,5,1,1,4,9,7,5,8,7,6,5,7,2,9,4,8,5,0,2,2,2,4,7,3,6,4,3,9,6,4,0,6,2,3,8,2,1,1,1,7,6,2,0,7,4,4,2,8,6,5,0,6,4,5,4,1,2,3,4,6,2,1,3,3,6,9,3,6,6,6,1,1,7,7,1,3,5,5,0,3,1,8,5,5,4,5,7,4,9,1,0,4,5,4,6,8,4,2,5,8,7,8,8,7,6,8,1,0,7,1,2,7,4,1,6,1,7,5,8,9,6,8,1,5,7,3,4,6,7,1,4,7,8,3,7,7,6,7,4,1,8,2,1,3,2,3,7
145,6,1,4,9,5,8,1,6,9,3,9,1,3,7,2,5,7,8,4,6,7,4,0,4,2,9,6,8,9,3,8,3,2,0,8,9,3,4,3,4,4,3,4,7,3,3,0,4,9,5,6,2,5,2,0,6,7,9,4,1,1,5,8,0,7,1,8,7,1,0,2,3,0,4,8,2,2,0,6,5,7,6,6,4,1,5,2,8,9,5,6,9,5,5,1,4,6,7,5,4,0,0,3,3,0,2,3,2,5,9,0,2,5,2,2,1,3,1,5,2,3,8,9,3,3,3,0,8,9,8,2,1,7,6,6,6,2,9,3,4,7,6,5,7,0,0,8,2,6,1,3,5,5,0,6,9,4,2,2,5,9,6,2,5,5,3,7,5,2,9,6,7,7,4,2,2,3,1,2,3,1,3,3,1,0,4,3,4,8,5,3,8,1,8,6,2,7,7,7,3
146,3,5,4,2,0,3,5,7,5,0,8,3,8,8,0,7,1,8,2,7,3,4,1,4,1,2,2,6,6,7,1,8,5,2,0,4,6,4,1,7,4,4,3,6,0,1,6,4,9,2,1,3,1,2,8,8,6,0,3,6,5,8,4,7,8,2,8,8,5,3,0,8,3,3,6,3,6,7,6,2,8,2,8,4,3,3,1,7,3,6,6,9,9,0,7,2,2,9,1,6,1,1,7,0,4,4,3,2,6,1,3,9,7,3,1,8,7,0,5,5,8,5,0,2,2,6,8,5,3,4,6,5,5,9,1,4,6,2,4,0,6,9,6,2,9,0,7,1,2,9,3,7,7,8,9,2,2,5,5,8,2,1,4,2,2,9,3,4,1,0,5,3,7,4,1,6,6,1,5,7,3,9,3,4,2,7,5,8,0,9,3,5,5,8,2,5,4,4,8,8
147,3,3,6,8,4,4,6,8,8,7,3,2,4,0,3,6,0,6,2,5,0,4,1,0,8,3,8,0,5,4,4,1,4,8,4,7,8,7,5,7,3,0,2,4,7,3,7,9,0,6,8,1,9,7,8,5,5,7,9,4,5,4,3,1,2,6,0,3,7,2,0,2,4,1,5,6,4,3,2,8,5,6,6,1,2,2,7,3,0,5,2,0,3,8,4,1,4,2,1,3,8,0,7,5,8,6,8,7,6,9,7,2,5,7,4,8,3,4,6,4,1,2,3,6,5,8,3,7,4,9,1,9,6,0,2,8,4,1,6,6,4,5,0,4,8,6,0,2,1,1,3,0,2,1,1,5,5,5,4,7,2,3,6,1,4,0,8,4,7,7,3,7,2,0,6,9,3,2,5,9,1,4,9,2,1,5,5,1,5,7,3,5,6,6,7,9,3,5,3,3
148,8,5,8,5,3,5,5,1,3,9,4,2,6,4,5,7,1,2,2,1,0,4,5,7,1,5,4,5,0,4,8,9,7,5,5,9,5,4,4,8,7,6,0,9,6,1,8,7,2,0,2,9,6,5,8,4,9,4,4,8,7,3,7,1,4,1,7,1,0,9,1,3,5,4,6,1,9,4,8,1,1,3,8,8,8,4,3,3,8,1,6,0,8,7,2,0,2,8,7,4,6,0,5,8,6,6,3,4,5,5,1,4,3,8,9,4,0,1,2,1,3,6,5,4,6,2,8,5,0,3,8,4,4,2,9,9,3,2,1,5,0,6,6,9,5,2,6,0,4,6,0,1,5,5,7,7,7,4,8,3,5,4,2,1,1,7,6,1,0,4,8,1,2,4,1,1,7,9,3,7,8,6,3,5,4,7,6,4,8,5,7,1,5,1,5,6,1,2,8,3
149,8,3,7,5,8,1,9,3,6,3,5,4,2,5,2,5,6,2,5,2,2,1,3,1,3,7,1,2,7,8,1,4,4,8,5,5,8,4,7,6,7,8,9,9,3,7,3,7,5,8,9,3,3,6,9,5,8,0,4,7,2,4,1,9,1,1,8,7,2,5,6,8,3,4,7,0,8,0,2,4,5,3,3,8,6,3,5,4,1,0,5,7,3,0,0,3,9,7,5,3,6,4,6,5,9,5,4,8,6,2,2,6,2,1,7,6,2,4,2,4,3,6,4,8,6,3,1,2,6,2,1,8,8,7,1,1,7,2,2,6,1,4,2,8,4,2,4,0,0,5,9,5,6,1,1,1,6,5,8,2,0,5,4,8,5,7,3,6,8,3,1,6,2,2,2,1,2,4,1,5,7,5,8,0,6,8,5,6,5,9,8,5,4,5,4,3,2,3,8,9
150,5,3,1,6,5,5,5,2,6,9,7,1,2,6,2,5,1,8,4,8,3,8,6,2,1,6,1,8,5,4,2,1,4,7,2,6,8,5,8,9,4,1,2,5,2,4,6,5,1,5,4,3,5,4,4,7,5,7,7,1,5,6,8,4,7,4,7,2,5,7,9,6,9,3,4,7,8,0,7,7,6,2,8,9,7,4,0,7,5,9,3,1,9,5,2,6,1,8,6,3,2,4,1,1,1,1,7,8,3,4,4,3,6,5,3,5,9,8,6,7,7,4,1,8,7,3,5,9,1,6,9,2,2,6,3,2,1,2,3,8,8,8,6,6,1,8,1,0,3,0,3,9,3,7,0,8,0,9,6,7,9,7,6,3,7,6,3,4,5,4,8,5,8,4,7,6,3,9,1,6,7,7,2,2,3,7,9,9,4,4,2,8,8,5,8,5,0,4,6,4
151,9,3,5,5,5,6,6,4,3,0,1,0,9,6,8,2,1,3,7,1,5,8,6,1,3,7,3,1,6,3,1,8,3,8,7,2,3,2,4,4,7,1,7,1,6,4,6,3,3,1,3,0,4,4,3,7,0,3,3,0,1,8,3,6,8,5,3,1,7,6,8,2,9,7,4,7,4,5,1,6,7,2,6,6,7,9,2,2,1,4,6,5,4,4,4,9,6,8,4,5,8,5,0,4,8,6,3,1,8,4,3,4,3,4,8,6,1,1,4,7,3,0,4,7,9,2,4,9,1,4,5,6,6,3,5,2,8,2,2,5,1,0,2,6,1,6,3,4,2,5,0,6,8,8,9,5,8,3,6,4,7,3,2,4,0,9,1,8,5,3,6,0,8,4,7,2,6,8,0,3,2,4,8,6,6,2,7,2,8,0,9,0,0,2,6,0,7,2,3,5
152,8,7,3,6,0,7,0,7,3,5,7,0,3,8,2,2,7,2,1,4,3,7,3,7,7,7,3,4,6,7,5,2,4,7,7,7,4,2,1,6,8,9,7,7,7,8,9,2,5,5,7,2,5,5,0,7,3,7,1,2,4,7,7,8,6,8,4,2,8,7,4,7,8,5,7,4,1,6,4,5,4,4,6,7,3,5,8,0,9,2,4,1,5,1,2,7,1,5,2,3,9,9,1,3,6,1,0,2,3,9,6,1,7,8,7,0,5,1,9,2,5,0,2,0,7,5,1,1,9,3,1,3,4,8,3,8,1,2,1,9,5,1,8,7,4,2,4,1,5,8,5,0,1,1,5,6,7,7,5,2,2,3,8,4,1,9,7,5,5,9,3,4,4,6,1,8,1,5,1,3,9,8,1,3,3,2,0,7,3,2,7,1,2,5,3,7,6,3,2,8
153,6,1,7,0,9,7,9,4,2,6,4,7,8,7,2,9,5,3,8,5,5,7,3,5,4,9,0,2,1,4,8,3,6,2,3,6,8,3,5,2,4,5,7,6,1,7,9,9,3,4,3,7,8,9,6,1,0,1,5,1,3,2,2,2,4,0,7,7,6,3,3,7,3,7,7,8,3,3,6,3,6,2,4,4,8,6,0,1,4,5,8,5,3,7,9,1,7,2,6,0,2,0,2,2,7,6,7,2,6,2,1,4,1,1,1,2,7,2,3,6,4,6,7,3,5,2,0,6,3,2,2,2,3,5,8,3,4,1,7,3,2,0,7,1,8,7,0,3,8,4,3,9,0,1,4,1,4,1,2,5,7,6,8,2,3,6,8,4,1,1,6,8,4,2,2,6,7,3,4,5,4,2,3,4,5,0,2,5,1,1,1,3,6,0,7,5,3,1,6,5
154,6,8,4,6,8,3,7,1,0,0,2,7,8,3,3,7,7,6,6,6,9,0,4,4,2,8,7,7,2,9,0,8,5,8,4,8,7,7,5,4,6,5,9,8,2,6,2,7,2,5,7,4,8,3,2,7,1,7,5,7,1,7,3,3,1,7,5,5,3,5,4,4,8,6,1,8,4,0,4,4,8,6,5,8,6,5,3,9,4,2,3,1,0,1,4,7,5,4,2,8,3,3,6,5,6,3,6,9,8,2,4,1,6,6,7,1,7,9,7,5,6,7,9,4,8,5,9,4,6,2,6,6,8,2,8,8,3,8,4,5,8,3,8,2,2,9,7,6,8,1,1,6,3,0,8,0,0,4,4,3,5,6,8,6,6,6,0,9,1,1,5,5,1,6,6,2,7,7,2,2,3,1,8,4,7,6,7,7,8,1,1,6,4,1,8,6,2,4,4,4
155,2,4,1,8,4,7,3,7,1,2,1,6,3,5,9,2,7,8,6,6,9,6,2,5,7,3,6,1,8,3,7,3,4,5,8,5,7,7,1,3,4,4,5,2,8,1,8,8,8,9,4,5,7,4,2,1,7,4,7,6,3,4,0,5,5,1,9,2,2,1,0,8,8,2,5,7,6,3,5,1,9,3,8,6,8,8,0,2,4,3,3,3,8,3,8,7,1,6,0,7,1,0,1,7,9,4,8,0,2,1,6,5,4,6,8,8,3,5,2,6,0,1,1,3,9,2,4,5,9,1,4,5,8,5,3,5,9,8,3,2,8,4,1,2,4,6,5,6,6,9,4,7,3,6,0,8,3,9,2,4,4,7,2,1,3,8,6,0,1,2,9,9,8,4,8,8,3,7,3,6,1,4,1,0,0,2,1,4,1,1,4,4,8,3,7,2,1,3,6,3
156,4,4,1,6,8,6,5,3,7,7,1,3,9,1,2,1,6,8,3,0,2,7,5,7,3,1,0,2,4,2,5,7,4,6,3,6,9,4,5,8,1,3,2,1,9,3,6,3,7,3,0,7,4,0,5,0,1,7,7,5,3,4,5,9,7,0,0,3,8,5,1,6,5,5,0,8,8,5,5,6,2,4,7,6,7,7,6,6,4,3,3,1,1,5,6,1,1,7,6,8,6,8,9,8,9,2,9,2,3,9,9,8,3,5,9,2,7,4,7,3,8,7,6,9,7,7,0,9,4,6,7,1,6,1,6,2,4,2,2,5,3,5,9,0,3,8,8,6,2,3,3,7,6,0,1,0,2,1,7,5,2,3,2,5,6,5,6,1,8,6,4,1,4,1,6,3,8,0,7,7,9,3,5,2,4,8,7,4,1,5,9,7,2,7,0,2,5,1,5,2
157,3,2,0,2,0,7,6,1,5,7,4,7,2,1,0,8,2,3,7,0,4,3,8,6,6,2,6,6,5,9,1,0,8,0,5,9,1,1,7,7,1,9,9,4,6,4,4,8,3,5,8,7,3,1,7,4,9,7,5,2,6,1,5,4,8,4,9,7,6,3,4,7,7,0,0,7,7,6,7,2,4,3,7,9,8,6,7,7,6,1,4,8,3,8,9,6,8,7,8,4,0,8,5,3,6,4,4,0,8,9,2,3,7,6,1,2,0,9,0,0,2,7,6,6,7,6,3,1,7,4,8,3,1,4,2,9,4,1,6,0,4,2,0,3,1,8,6,1,9,3,1,3,7,5,3,3,0,3,3,7,4,4,3,6,5,6,4,6,5,7,8,1,3,7,8,8,8,0,7,3,6,3,3,3,6,8,2,1,0,2,6,8,6,6,4,1,9,8,1,6
158,5,2,3,2,1,6,3,2,1,9,6,1,4,2,4,0,7,2,3,3,8,2,5,2,5,8,9,5,3,5,1,6,1,5,3,7,7,1,6,3,7,5,7,5,3,2,2,6,5,0,8,8,2,4,5,1,3,3,2,6,6,4,0,7,1,5,3,7,9,8,8,4,9,5,7,4,4,6,7,5,6,6,6,3,4,9,3,2,3,7,6,1,3,7,0,5,6,3,9,4,7,6,6,4,0,3,1,7,4,1,4,9,7,1,4,9,2,3,4,5,7,0,1,9,6,8,9,3,4,4,5,5,4,4,3,4,6,8,2,2,1,1,7,8,1,0,8,3,1,6,8,2,3,0,0,8,7,0,5,4,9,3,1,5,7,4,3,4,1,4,6,5,1,4,4,6,4,1,1,2,4,3,2,6,7,4,8,7,9,2,1,5,2,7,3,8,9,5,6,2
159,5,3,4,7,8,9,0,2,2,2,2,4,1,1,3,3,6,3,2,7,7,3,7,7,7,6,3,8,0,7,5,8,5,7,7,4,8,5,2,2,3,2,4,6,6,4,2,1,1,0,7,7,1,8,3,2,1,5,6,4,7,9,4,3,3,4,4,6,5,1,5,2,0,0,7,1,3,0,3,8,2,7,1,9,8,1,6,4,3,7,1,7,7,5,6,5,8,1,7,7,0,2,6,2,4,3,9,8,4,5,7,6,1,8,1,5,3,7,4,3,7,5,6,9,4,8,4,3,1,8,4,4,0,5,6,9,1,4,4,3,2,3,4,0,5,3,4,8,2,2,5,7,8,2,3,7,2,5,0,3,9,3,7,7,4,7,7,3,9,3,8,5,8,5,9,6,8,5,1,7,7,5,7,6,7,5,3,3,4,5,2,3,1,3,7,2,2,1,6,0
160,3,4,3,5,1,2,8,0,3,8,4,3,5,4,3,5,7,8,1,4,3,7,1,7,8,4,9,0,2,0,3,4,1,3,7,5,3,8,1,7,1,7,2,7,4,7,1,2,2,8,5,7,7,0,9,2,3,1,7,5,7,2,7,6,5,0,4,9,5,6,8,3,4,0,6,4,2,8,2,0,7,9,3,5,6,4,6,0,5,6,2,7,3,7,3,5,0,7,5,3,0,3,2,4,7,8,0,2,5,6,8,6,2,1,5,0,7,3,0,7,2,4,8,8,2,9,4,4,2,5,7,8,6,3,7,6,5,4,8,1,5,8,7,5,6,8,6,6,6,2,8,8,1,7,5,7,2,8,1,0,3,2,4,1,6,7,8,7,2,3,4,9,4,9,7,5,0,4,3,4,7,3,1,7,1,5,2,1,4,2,2,8,6,5,4,8,4,8,1,1
161,1,1,3,5,8,3,8,8,4,7,2,7,6,0,6,6,3,1,4,8,4,2,7,7,3,3,1,7,5,7,5,7,1,6,1,9,4,3,3,0,5,6,8,3,2,5,4,2,8,0,3,8,5,6,5,2,7,5,6,3,7,9,3,4,4,0,8,0,9,7,5,1,3,7,2,8,9,1,7,0,6,1,4,7,3,6,8,2,3,7,6,7,5,2,4,1,3,7,6,0,5,1,8,7,4,0,7,2,8,2,1,6,1,8,2,9,5,2,7,3,4,2,4,5,5,6,7,4,7,5,5,7,6,6,4,4,5,4,5,9,2,2,2,8,4,5,5,9,0,6,0,9,1,1,3,3,2,1,8,0,0,5,7,7,1,5,6,8,5,8,7,3,3,6,4,7,6,7,2,3,6,7,1,2,0,9,2,3,3,0,9,1,5,3,4,2,7,4,1,6
162,2,6,0,2,5,7,7,1,0,6,4,7,5,5,8,9,5,7,3,6,1,1,4,6,3,3,1,0,4,6,2,0,4,5,5,1,4,4,4,1,6,4,8,8,6,8,6,8,6,6,7,1,7,8,1,8,0,2,9,0,5,8,1,3,6,6,8,8,8,7,1,6,5,3,7,8,6,4,2,3,3,6,8,8,8,7,6,2,3,8,3,2,3,2,0,7,2,9,1,4,7,3,8,0,7,8,9,3,9,4,1,4,1,4,3,6,6,6,5,9,4,3,8,6,9,6,3,9,8,4,9,2,4,4,4,4,1,4,5,4,6,4,2,7,1,3,4,4,4,0,8,2,2,1,4,8,2,8,3,2,1,0,6,8,5,9,8,7,1,3,4,5,7,4,2,1,4,5,7,3,2,7,3,4,3,0,7,6,8,1,5,2,2,5,7,9,1,8,7,8
163,7,1,3,8,1,5,1,5,8,3,0,7,2,4,0,3,9,3,1,6,8,2,4,8,8,8,1,1,9,4,2,6,9,3,1,3,3,5,8,3,0,5,3,4,6,8,4,2,9,6,5,0,1,5,7,5,5,9,4,1,7,5,8,2,2,2,7,9,5,5,4,9,1,1,3,6,1,5,9,1,9,5,9,8,8,4,1,0,5,1,3,3,8,3,3,6,4,6,2,3,5,7,5,6,2,2,8,5,6,6,3,6,6,2,8,3,9,6,5,5,7,8,0,2,6,9,8,3,2,6,1,5,6,2,7,2,3,5,7,4,4,8,8,1,5,3,6,2,7,4,8,3,2,8,3,5,8,6,0,8,2,1,0,3,6,6,3,7,4,1,6,9,0,0,0,4,8,1,7,4,8,1,3,4,5,0,4,6,0,1,6,2,3,4,5,8,6,3,4,3
164,2,1,3,6,8,3,0,5,5,4,6,2,6,2,2,1,7,7,7,3,7,4,6,2,5,4,9,5,5,3,4,7,4,1,9,4,0,4,8,4,7,8,8,4,0,8,6,7,6,4,6,1,1,8,1,5,5,1,7,3,3,3,5,2,1,3,7,8,3,8,3,7,1,4,6,8,0,5,8,7,5,9,3,5,1,1,8,3,6,2,5,2,0,1,5,2,7,4,2,9,0,8,5,7,6,3,3,6,7,2,1,4,4,4,3,1,8,9,4,8,3,7,8,8,1,1,1,8,3,3,6,8,5,1,7,6,8,1,5,2,4,6,7,1,2,2,5,9,6,5,6,5,5,6,2,6,9,1,3,8,8,8,8,0,2,6,0,8,2,9,1,4,7,1,3,9,7,5,7,0,2,5,7,3,1,3,9,8,2,1,5,6,9,2,1,8,7,8,0,5
165,2,1,6,7,4,8,1,5,2,4,2,6,1,3,4,4,3,7,1,2,6,2,3,3,1,2,3,4,5,7,1,8,0,4,5,7,9,1,8,1,2,7,1,6,3,2,2,2,1,4,2,2,1,8,4,8,3,6,6,4,3,7,0,8,3,6,3,2,6,9,7,4,0,3,9,7,5,1,3,4,7,7,6,1,5,4,9,6,1,4,4,2,2,5,1,2,1,7,0,6,7,5,6,4,1,7,9,9,1,3,4,6,2,4,0,7,3,5,6,3,5,8,5,2,8,1,2,6,1,1,3,1,0,5,5,7,8,3,2,8,3,2,7,3,6,3,6,0,4,2,4,2,3,8,3,1,5,4,8,9,4,1,2,4,0,3,5,4,0,7,1,7,7,8,2,4,3,5,2,8,3,6,2,5,6,2,8,1,3,9,3,9,8,5,1,3,5,5,3,2
166,4,2,5,4,3,2,1,0,3,5,1,6,2,1,1,5,5,2,6,0,5,5,1,3,6,5,7,2,7,2,3,8,5,4,4,7,8,5,7,2,5,5,7,2,0,5,4,7,6,7,8,5,4,6,6,6,4,8,4,7,6,2,5,9,6,7,2,7,4,2,4,1,8,0,8,7,6,1,0,1,5,7,7,2,6,1,6,5,5,5,2,1,8,3,6,9,7,8,5,1,3,3,1,5,4,6,7,2,6,7,1,1,9,7,7,5,1,4,8,8,8,8,5,3,5,6,6,8,3,7,8,6,5,2,3,7,1,1,7,7,9,2,0,1,3,7,5,5,1,2,5,2,3,6,0,5,5,3,4,7,6,4,6,8,9,0,9,8,5,1,9,9,2,7,3,5,2,5,7,4,8,5,2,9,4,8,4,6,9,4,3,8,1,8,3,6,3,2,0,2
167,6,3,2,4,4,6,5,1,5,7,2,0,9,2,4,2,6,2,6,3,9,8,7,1,7,7,1,8,0,8,4,8,7,7,6,6,0,4,1,3,2,1,2,2,8,5,3,2,8,1,7,2,8,8,6,1,2,7,2,3,1,4,4,2,6,5,5,7,2,4,3,2,2,1,8,5,3,1,4,1,4,6,6,7,0,2,2,3,7,4,4,3,0,9,1,5,6,3,1,7,7,8,1,6,8,2,8,9,6,9,3,4,3,5,4,2,7,4,3,2,6,3,1,2,2,4,0,6,8,6,3,1,2,3,5,7,0,2,2,5,7,2,6,1,3,2,3,7,6,8,5,7,9,4,3,2,3,3,3,2,6,4,2,6,1,9,0,4,9,7,5,2,9,8,2,4,3,5,0,6,0,2,2,3,1,1,3,2,2,7,1,8,2,0,4,3,3,3,8,1
168,2,4,3,9,4,1,7,4,1,3,8,8,1,5,4,7,3,2,5,5,2,2,4,4,8,7,8,8,5,6,7,1,1,4,8,8,8,6,0,1,1,7,3,2,0,1,5,7,2,5,2,8,4,5,3,2,7,6,7,4,4,1,7,3,6,7,4,8,5,1,5,8,8,2,1,6,7,2,9,9,4,7,4,6,7,5,6,3,1,6,7,4,4,3,2,9,3,1,9,5,7,8,1,6,1,4,1,3,4,1,7,1,1,9,3,9,3,4,2,3,2,2,2,7,2,4,1,8,2,6,2,1,0,3,7,7,9,1,9,5,3,1,2,1,1,3,3,7,7,7,4,2,8,5,4,4,7,1,1,7,2,4,9,6,3,0,1,0,1,7,5,2,8,2,5,6,5,5,7,6,6,2,3,5,7,8,6,9,3,0,3,1,3,5,6,2,3,7,8,6
169,5,1,7,3,4,2,7,5,1,2,8,7,8,1,3,1,7,3,5,1,6,8,5,8,0,9,4,2,1,1,3,7,7,6,5,5,2,3,0,5,6,6,4,1,1,2,6,1,7,0,1,2,8,8,1,7,0,3,8,8,7,2,6,8,3,9,4,4,5,1,1,2,5,0,3,4,2,6,5,0,4,0,6,7,5,6,5,4,2,9,9,1,6,0,1,8,8,4,7,6,8,9,5,9,4,5,5,6,0,4,8,2,1,8,6,0,6,9,2,6,5,2,3,5,6,7,8,5,1,5,5,2,7,4,1,5,3,6,6,2,6,7,3,1,5,7,6,4,7,6,8,1,8,9,2,6,2,1,9,8,4,1,0,6,5,2,3,8,0,8,7,0,7,1,7,7,2,5,7,5,3,8,7,7,6,6,7,1,1,7,2,1,6,2,8,1,7,4,3,2
170,9,0,3,0,1,7,7,8,5,3,0,6,4,4,3,5,2,6,1,0,2,5,4,8,1,7,6,3,3,4,9,3,8,5,8,6,5,0,2,1,8,8,5,5,8,7,5,9,7,4,9,1,6,3,2,8,5,2,6,6,5,8,9,0,5,8,8,6,8,2,4,6,5,6,3,8,4,3,8,7,4,7,0,9,1,7,2,3,2,5,1,6,3,9,1,4,1,9,6,8,7,7,7,4,6,5,5,3,6,7,8,4,9,3,8,2,4,0,8,6,5,8,1,7,3,7,6,1,2,3,1,9,5,1,5,7,4,3,5,6,7,4,4,8,8,6,0,8,1,0,4,5,8,7,8,4,9,4,3,0,3,8,5,5,8,6,2,5,8,0,4,8,1,9,9,1,2,5,2,2,7,9,9,3,5,8,6,5,4,0,2,9,1,6,1,5,3,7,4,1
171,2,3,1,7,6,9,9,1,2,5,7,9,5,3,7,8,6,4,0,2,6,4,5,5,7,0,0,2,3,6,5,8,8,2,7,9,5,5,3,2,2,1,8,8,4,6,3,1,7,5,2,5,4,8,0,6,4,7,4,1,6,5,6,8,3,4,3,7,4,1,3,0,4,1,8,2,2,6,3,4,2,4,0,5,1,7,1,7,4,0,5,3,6,3,9,4,1,2,4,2,7,3,8,7,5,7,3,4,1,8,4,4,9,9,9,5,7,5,1,9,0,1,6,6,9,5,3,6,7,5,5,2,5,5,5,5,3,3,8,8,8,5,3,5,8,5,0,8,8,7,2,7,7,5,7,8,0,2,7,5,3,6,1,2,6,8,4,0,6,7,0,4,8,3,2,3,5,5,8,4,7,1,8,2,8,8,0,8,7,8,5,2,5,7,8,7,5,3,8,2
172,5,4,7,1,8,5,8,6,9,5,5,5,7,7,7,0,9,8,4,7,3,6,7,2,8,3,9,4,9,6,7,2,5,8,4,7,8,3,5,6,6,6,9,9,3,4,2,1,5,1,9,1,8,7,7,1,9,6,5,2,4,4,8,6,8,2,4,6,9,4,2,5,4,7,5,1,1,1,7,3,5,6,5,6,1,2,3,0,6,4,5,7,5,4,0,8,9,7,4,1,8,8,0,5,5,4,9,8,8,4,0,6,2,8,3,8,2,3,5,8,1,9,2,9,2,2,7,7,5,5,8,9,5,4,6,9,8,9,1,8,4,6,5,5,2,4,9,1,3,8,0,7,9,9,6,0,6,5,1,6,0,1,5,8,3,7,0,7,3,4,7,0,4,7,8,1,8,1,9,2,4,6,7,4,7,8,3,7,4,3,6,1,5,7,0,0,6,9,0,1
173,6,9,1,7,6,1,8,0,7,7,4,4,3,7,0,8,4,1,8,1,1,0,1,5,2,0,7,2,8,8,6,2,7,2,0,1,0,1,4,3,2,0,8,4,8,1,1,0,8,3,4,9,3,7,1,5,2,1,4,2,1,5,5,8,0,1,1,1,3,1,5,4,4,4,6,2,8,6,5,8,8,9,8,0,3,5,5,3,9,2,5,2,8,8,5,6,6,1,7,2,8,1,4,5,6,4,3,6,5,9,4,6,9,7,4,4,9,5,2,6,2,3,8,2,3,6,3,6,4,2,3,7,8,0,0,3,0,8,7,1,7,5,8,4,6,8,8,5,2,5,1,0,4,9,1,3,6,8,7,1,3,1,4,6,2,3,0,9,1,7,4,3,0,2,2,5,7,2,4,2,9,5,7,8,1,6,5,2,5,7,6,4,4,9,3,3,1,8,7,6
174,4,7,9,7,9,2,9,8,2,2,1,5,7,3,9,3,2,8,4,7,2,1,4,6,8,1,7,4,9,3,6,5,2,3,3,5,3,0,2,4,2,0,4,9,3,8,7,8,7,1,4,7,6,8,8,0,7,9,6,9,8,0,4,2,3,8,5,6,6,1,4,0,9,1,0,3,8,2,9,1,5,3,1,5,4,8,9,2,9,3,5,1,4,2,4,3,7,2,7,8,6,7,2,9,3,3,1,2,6,6,9,5,2,0,8,6,1,3,7,4,1,7,6,8,1,4,6,6,4,6,5,3,0,1,4,7,4,2,8,9,3,6,4,0,8,8,8,7,9,4,8,7,1,4,9,5,6,9,0,4,7,1,2,8,4,5,5,4,8,4,5,1,0,0,2,3,8,4,4,8,3,1,3,8,4,8,2,0,2,9,2,3,8,7,7,7,1,9,5,8
175,5,6,7,3,3,4,4,5,1,5,2,1,5,4,8,9,6,6,1,0,8,4,4,0,3,5,6,4,5,4,2,0,7,3,1,7,5,4,3,8,2,5,8,3,5,4,0,6,4,5,1,5,7,4,0,2,2,5,8,7,2,3,2,8,1,2,7,2,8,6,1,3,3,0,3,7,7,2,6,0,4,0,4,5,6,9,5,2,2,6,3,7,9,2,6,5,9,8,9,8,8,5,4,6,3,5,2,2,6,2,6,9,3,1,6,6,6,0,2,1,2,7,6,8,7,4,6,7,9,8,3,1,2,3,3,7,3,3,3,2,6,2,4,4,5,7,7,4,7,9,0,0,4,7,1,5,3,3,2,7,4,3,8,7,3,5,1,4,5,4,8,2,5,6,0,8,7,1,1,9,4,1,1,1,2,4,2,4,4,3,5,0,3,0,2,9,6,7,7,1
176,3,3,7,2,7,1,8,8,7,3,5,7,2,6,5,7,8,7,2,1,1,8,0,4,3,1,3,9,1,6,8,8,0,6,8,6,7,4,1,0,0,0,8,7,3,4,3,1,4,6,6,2,7,5,6,1,4,3,3,0,5,3,5,3,4,1,1,3,4,5,1,0,3,2,5,5,2,2,5,7,5,6,6,7,4,3,3,3,3,5,6,8,4,8,8,9,5,5,6,0,4,5,3,7,4,0,8,2,5,5,7,6,3,8,0,6,1,2,8,5,5,3,1,1,6,7,7,1,6,0,6,8,5,8,5,9,3,5,0,3,1,5,7,8,4,8,2,8,4,5,9,2,3,3,1,7,6,1,3,3,6,0,5,5,3,2,9,9,2,7,5,6,5,6,9,0,1,5,5,3,1,9,5,2,2,9,0,2,0,5,4,7,0,2,1,2,5,8,0,2
177,2,3,7,9,2,1,2,6,4,5,4,1,9,7,1,3,4,4,4,8,2,7,3,2,2,2,6,8,5,3,0,4,3,0,8,8,0,1,2,1,8,8,2,0,8,1,1,6,5,8,4,0,7,3,7,7,2,3,2,1,4,6,8,8,5,8,4,8,1,7,4,2,1,2,0,5,3,3,3,8,8,4,3,2,1,5,0,1,2,6,1,3,5,7,6,4,2,4,4,6,1,1,5,4,2,8,5,7,5,4,9,7,2,7,7,6,8,2,7,2,3,7,6,7,8,4,1,7,3,4,9,9,4,8,2,4,4,1,7,9,8,9,7,5,7,3,3,2,3,6,2,8,2,8,1,5,4,4,6,1,7,5,5,8,6,8,4,8,7,2,8,4,9,6,7,1,0,5,3,6,8,1,9,1,5,7,1,1,8,9,8,4,6,7,6,4,7,5,7,1
178,7,4,5,6,7,1,1,2,3,4,3,6,1,8,0,2,5,3,5,3,0,5,6,9,6,3,2,3,2,7,4,3,9,6,5,0,3,6,1,1,4,3,7,6,4,8,0,4,7,0,7,4,5,5,1,0,5,2,0,3,9,5,4,0,2,1,3,3,1,6,6,2,3,8,8,2,5,7,1,1,1,6,6,4,7,7,3,6,2,7,3,7,7,5,6,5,1,4,4,8,6,7,5,6,5,8,3,1,7,3,5,4,5,5,4,5,8,2,0,4,9,6,8,8,2,7,2,9,9,9,5,5,1,1,8,8,4,0,1,8,5,4,5,7,9,2,1,6,1,6,6,3,8,5,2,9,1,9,5,3,6,7,5,3,4,4,1,8,1,7,6,1,2,7,1,7,4,0,3,6,3,5,4,7,8,5,6,2,6,0,7,5,3,7,6,1,5,0,4,7
179,6,5,6,7,1,4,8,4,4,4,6,3,6,7,9,5,7,8,5,0,7,5,9,5,7,6,7,4,4,5,9,8,6,1,9,2,3,7,0,4,0,1,2,0,8,1,5,8,7,7,7,7,1,8,8,3,1,8,5,8,2,8,0,6,5,8,7,6,4,2,6,8,6,3,3,7,8,4,5,0,4,7,6,6,8,7,7,8,8,8,8,5,6,6,0,4,9,0,4,7,7,2,3,9,1,7,8,7,0,4,7,3,2,4,4,1,6,9,3,9,2,3,2,8,0,9,1,8,7,6,2,6,9,7,1,1,3,2,4,6,3,7,9,4,9,8,1,7,3,1,6,8,6,5,8,4,7,8,3,5,4,0,5,5,9,7,2,4,2,2,2,2,7,2,5,1,6,6,0,9,6,8,2,5,8,7,3,0,2,0,9,8,2,5,5,3,1,4,2,4
180,6,5,3,0,0,9,4,7,4,7,2,7,6,4,6,4,1,3,8,5,4,9,8,3,9,7,3,5,8,7,2,7,9,3,1,8,7,1,2,8,2,5,7,1,1,8,3,7,5,7,4,8,6,6,5,9,4,7,5,9,0,4,0,5,2,6,8,6,4,9,5,7,9,7,1,0,8,3,3,2,8,7,8,7,8,8,4,7,5,2,2,4,8,8,1,1,7,3,7,0,7,6,3,0,2,8,7,9,6,1,5,5,2,3,6,8,1,7,4,6,8,4,2,9,4,5,4,8,9,2,1,6,7,3,2,5,8,1,7,8,3,6,1,8,6,5,6,7,6,1,3,8,0,0,0,6,4,2,3,3,1,7,3,3,6,0,9,4,4,7,8,7,6,8,9,5,6,4,8,0,4,5,1,8,2,5,6,2,4,6,2,5,6,6,8,1,7,8,7,8
181,2,1,5,3,3,8,6,7,7,5,1,7,3,0,4,0,3,9,9,5,4,8,1,8,8,5,5,5,6,4,9,6,7,3,6,3,8,7,7,8,0,6,2,8,1,8,4,5,7,5,3,1,6,6,7,7,6,3,6,4,8,1,4,5,5,9,8,4,8,2,4,0,4,7,1,0,2,6,1,4,5,1,5,3,8,6,6,2,7,0,3,8,8,2,1,5,0,7,6,7,5,7,4,4,4,3,4,2,3,3,4,3,6,1,7,4,4,9,5,8,8,8,1,5,5,5,8,3,2,4,2,2,7,7,6,6,2,7,9,4,8,3,1,5,3,3,1,5,2,8,8,3,8,5,7,6,8,0,4,2,4,9,8,4,6,7,8,1,8,3,1,6,6,3,5,0,3,7,7,1,0,5,0,1,6,4,6,8,1,1,1,6,3,4,1,8,3,6,1,1
182,7,6,2,7,5,9,6,8,5,5,1,2,4,1,8,8,6,8,8,7,1,3,2,5,6,5,3,7,5,3,7,8,9,5,3,6,3,1,3,5,6,3,3,3,4,5,1,2,7,5,7,7,4,8,2,6,6,8,4,1,4,8,7,3,5,3,9,2,6,7,0,8,2,5,5,4,2,4,3,3,7,5,6,7,5,1,5,0,3,5,5,4,5,4,1,5,7,0,6,8,6,7,5,7,0,2,6,3,2,5,3,0,4,3,5,7,6,9,8,2,9,2,3,8,1,6,2,3,2,7,6,9,6,4,2,9,5,2,8,0,1,9,3,6,1,7,4,7,5,0,5,8,6,4,5,3,2,1,1,9,2,3,7,7,1,3,1,2,1,3,5,4,8,4,2,3,9,3,7,3,7,0,0,8,7,8,3,2,6,3,6,7,7,7,6,7,6,6,7,1
183,6,5,4,5,6,9,4,8,9,9,8,2,9,4,7,6,5,9,3,5,8,0,5,8,8,0,7,9,1,6,6,4,5,5,2,2,6,2,6,9,3,2,7,0,4,8,4,4,3,4,9,8,6,3,4,2,5,5,4,5,4,9,2,3,7,2,2,2,3,4,7,8,1,4,4,5,0,6,8,3,1,8,8,8,1,1,7,3,4,2,3,9,0,6,4,6,1,7,6,8,4,0,4,8,7,1,9,3,4,8,1,4,3,6,8,4,3,3,1,9,0,1,0,4,1,3,2,3,6,4,3,5,7,6,2,1,1,8,8,5,6,4,0,7,5,4,2,3,3,3,4,1,6,7,7,3,6,5,0,5,4,8,9,4,6,3,6,9,4,4,3,8,1,7,5,6,9,7,8,7,2,6,0,3,3,6,0,4,6,7,5,4,5,3,3,1,7,4,1,6
184,6,3,6,3,7,2,2,5,2,1,4,3,3,6,5,8,0,6,8,3,3,5,2,4,2,2,8,1,4,5,2,4,5,4,3,6,6,2,8,7,9,4,8,3,7,0,7,0,5,2,6,6,1,1,7,2,4,5,3,7,8,2,6,7,5,7,1,6,3,6,3,4,7,6,3,3,1,8,1,5,6,8,3,1,5,9,9,5,5,1,6,7,6,7,2,2,3,3,2,5,3,7,0,7,7,8,4,1,3,6,2,7,6,7,8,4,5,2,7,7,6,0,4,6,4,3,4,5,4,8,9,8,1,7,4,2,2,8,9,7,7,1,1,7,5,2,5,2,1,1,2,6,7,7,3,3,7,7,8,6,7,4,4,2,3,6,4,5,4,0,6,8,4,2,4,2,6,6,1,3,3,2,7,0,4,8,4,2,6,5,7,2,7,9,9,0,6,4,9,1
185,9,8,1,7,1,6,5,6,2,7,0,2,9,8,7,3,1,1,3,8,4,7,1,3,5,3,5,7,9,8,1,3,8,5,2,9,3,0,0,1,7,3,6,5,0,5,4,0,4,5,0,6,5,4,6,4,2,8,4,1,2,0,7,1,7,3,2,5,5,0,6,0,3,2,8,6,4,8,2,2,1,8,5,2,9,3,3,7,2,8,6,8,7,5,5,3,5,5,5,3,8,5,3,9,5,6,9,7,6,5,2,6,2,1,3,3,3,2,8,8,3,1,1,1,2,3,9,1,4,7,2,3,4,4,3,3,0,5,1,0,0,0,8,1,5,1,8,1,8,8,8,2,6,5,4,5,4,2,5,8,6,6,1,3,6,3,3,5,2,7,1,1,3,1,4,7,4,7,1,3,8,9,3,8,0,5,5,6,3,4,5,6,2,4,0,3,1,1,6,8
186,8,4,8,5,8,1,1,8,2,2,2,8,6,5,6,6,4,9,6,6,2,8,7,8,5,9,4,8,5,0,3,4,3,8,3,8,3,3,6,5,9,1,6,3,2,4,3,8,0,1,5,2,6,5,4,3,3,8,3,6,3,7,7,8,0,7,6,9,2,4,2,2,9,9,2,7,5,3,8,9,2,2,7,7,6,8,6,3,4,6,4,7,4,0,7,7,2,6,6,8,2,2,6,5,3,3,2,4,0,3,8,0,1,5,6,2,4,8,7,3,4,8,0,5,1,5,7,1,3,1,5,3,7,2,9,4,3,7,4,3,6,0,3,1,2,6,1,8,3,3,8,2,3,2,0,7,2,5,3,5,4,2,6,8,6,2,5,4,1,2,6,1,6,4,9,0,0,0,5,8,6,1,5,6,8,0,3,8,5,8,4,3,7,6,1,6,8,9,3,6
187,9,2,6,8,2,5,1,3,6,6,5,9,2,4,9,5,1,3,9,2,8,2,1,2,2,2,2,1,8,8,9,1,5,0,0,7,1,2,8,7,4,5,3,9,0,1,3,1,5,2,8,6,1,2,0,9,1,8,7,6,3,3,8,3,6,0,9,4,7,8,4,5,1,6,4,5,1,8,4,6,5,5,1,1,7,4,3,1,2,6,0,2,8,4,4,1,5,5,7,3,7,3,8,9,0,4,7,6,1,9,3,6,0,2,1,2,1,5,3,6,3,4,0,1,4,3,6,4,8,1,6,7,6,4,2,3,8,4,3,8,0,8,2,9,8,4,8,0,9,2,8,8,6,9,7,8,3,4,7,1,3,4,2,7,7,6,4,5,1,5,6,8,2,3,3,7,1,3,2,7,6,3,4,7,9,5,0,1,2,9,7,2,1,8,9,5,9,5,1,7
188,1,2,0,9,8,9,6,8,1,1,1,8,4,8,8,8,2,1,2,6,6,8,2,4,2,8,3,2,4,7,2,5,4,2,7,4,3,4,1,5,4,5,5,5,6,1,3,5,7,1,9,0,4,4,3,7,5,5,2,7,6,1,2,6,4,3,3,5,7,1,7,0,2,2,3,0,5,1,5,4,2,7,4,3,0,1,6,7,2,3,6,0,6,8,1,3,6,1,0,1,5,5,3,4,2,6,8,2,9,9,3,7,1,0,1,3,0,6,2,3,6,3,4,2,3,0,2,8,3,1,2,7,0,1,4,0,4,3,4,9,7,7,3,8,7,3,7,7,6,2,1,7,8,3,0,1,7,3,4,8,0,2,3,0,8,5,3,6,5,6,2,8,1,6,7,2,8,8,3,3,9,2,7,8,5,3,1,0,5,0,2,5,5,3,5,8,8,1,4,3
189,6,0,2,0,5,1,1,2,5,1,8,5,5,3,8,6,2,6,7,2,4,4,5,3,1,4,6,4,1,4,4,5,2,3,8,9,7,7,6,9,7,7,0,1,1,1,4,5,1,1,0,6,1,1,6,8,7,5,5,0,8,6,6,0,4,2,5,2,8,2,2,7,3,1,0,5,7,0,7,6,1,7,7,3,4,5,4,9,7,6,4,8,1,2,3,1,0,2,1,5,1,2,1,6,9,6,1,8,4,7,8,5,7,3,6,8,0,7,6,2,4,8,3,3,6,6,4,2,6,4,9,9,5,7,7,6,5,3,0,9,8,5,7,0,0,4,1,4,9,1,1,1,3,3,3,4,6,7,8,8,1,8,5,9,7,9,5,1,7,9,6,3,5,8,8,8,6,4,2,6,5,2,1,7,5,4,4,0,0,1,3,3,7,4,3,3,8,3,6,3
190,4,2,2,2,8,6,2,7,5,4,8,8,1,1,4,8,7,1,7,3,9,7,3,6,2,7,6,9,4,4,1,4,5,5,7,2,3,7,2,6,6,4,5,1,6,1,4,8,1,8,4,8,3,5,0,9,3,5,5,4,9,7,1,2,6,4,4,1,4,0,9,5,6,8,6,3,7,8,9,4,0,3,8,3,7,3,8,7,4,4,0,5,3,6,0,8,8,2,6,9,7,8,4,6,6,9,3,9,8,6,6,5,6,2,1,7,5,8,2,3,8,8,1,6,1,1,4,1,8,6,8,5,1,9,5,3,3,2,5,0,2,5,8,2,9,2,2,5,6,5,6,1,5,3,5,4,4,5,6,8,9,8,5,7,2,7,4,3,9,0,7,6,5,0,3,1,6,8,8,5,9,9,4,6,7,2,8,3,7,0,8,6,6,7,4,3,5,1,3,4
191,5,7,2,6,7,3,5,2,2,6,3,5,2,3,6,6,2,5,1,8,4,2,7,2,2,6,5,3,4,7,2,1,0,4,2,3,6,8,0,2,5,4,3,7,8,1,6,5,7,5,4,5,5,8,3,0,3,4,2,5,0,7,8,4,4,3,7,2,7,2,1,3,8,8,9,5,3,9,5,0,7,5,2,8,6,1,2,3,1,6,9,7,6,4,5,3,8,3,5,4,1,3,8,2,2,4,8,6,7,9,1,2,0,7,1,2,4,2,2,0,2,4,2,4,8,1,2,2,3,2,8,8,6,5,9,5,2,3,7,5,6,1,2,2,8,7,3,5,2,2,0,1,8,8,3,5,1,6,6,6,7,5,0,5,3,2,8,6,1,2,3,7,1,3,4,0,8,4,7,1,8,2,8,9,8,9,4,8,9,3,0,6,8,1,2,9,7,5,3,4
192,5,0,3,8,3,6,4,1,5,1,8,7,6,6,4,1,3,4,0,4,6,1,1,1,1,8,5,1,2,3,4,1,1,0,0,5,1,6,8,8,0,1,7,1,6,8,6,0,2,8,1,5,6,4,7,4,4,2,5,4,5,8,4,1,4,3,1,7,7,7,1,5,6,6,7,3,7,0,9,8,3,5,7,8,4,3,2,3,6,2,5,6,8,4,5,3,5,7,1,7,9,8,1,8,7,5,1,4,4,9,0,8,7,3,1,5,7,6,2,8,5,0,6,6,7,7,8,5,3,8,8,3,7,7,3,5,7,2,3,3,8,7,8,6,2,3,2,5,2,8,3,7,3,4,7,7,4,2,6,6,7,6,6,0,4,0,3,1,1,1,2,4,5,5,5,4,6,1,1,6,9,4,2,6,3,5,6,2,1,9,8,0,8,2,5,9,4,6,6,6
193,1,2,3,2,6,1,5,3,0,9,8,9,7,3,2,0,7,8,8,4,6,8,6,6,7,4,8,6,5,5,0,4,1,1,2,3,3,7,4,3,5,6,7,5,8,5,6,6,6,9,2,2,4,9,5,6,0,3,2,4,2,2,3,9,1,4,3,8,5,8,8,3,0,1,2,2,8,2,3,3,4,3,0,2,2,4,8,2,0,4,4,6,3,6,1,3,7,4,0,7,3,0,2,5,3,7,6,3,1,9,7,1,7,3,8,6,8,7,8,1,3,6,4,9,6,8,2,8,4,1,9,2,0,5,6,3,7,8,7,4,9,8,8,8,8,9,7,2,7,2,3,2,6,4,0,4,8,3,4,6,9,8,0,1,1,8,8,4,9,5,5,0,6,6,6,1,4,8,4,3,1,8,2,1,6,7,3,0,9,6,2,1,0,7,1,4,6,7,2,6
194,2,1,3,7,2,5,5,7,6,8,1,1,3,6,8,6,1,8,1,5,8,4,8,2,4,5,6,3,1,4,1,7,5,7,3,8,1,2,8,9,4,3,5,5,0,1,2,2,7,4,1,3,4,4,9,1,7,3,2,2,6,5,0,7,5,6,2,0,6,8,7,1,5,5,4,3,4,0,6,5,1,7,3,7,9,5,3,2,8,5,5,8,8,9,7,7,6,3,7,3,1,3,4,3,8,5,5,3,7,2,8,6,6,1,3,4,1,1,8,1,2,2,3,2,8,2,7,6,1,3,6,6,7,6,5,1,7,4,2,4,4,4,3,5,5,1,4,0,4,3,6,6,3,4,1,8,1,8,2,6,1,9,2,1,3,5,5,6,5,7,6,9,6,5,8,4,1,5,2,1,4,2,1,8,4,6,1,6,4,1,1,3,7,0,1,9,9,3,7,2
195,1,4,9,1,2,8,3,0,8,8,1,5,1,8,7,9,6,7,2,6,8,9,4,1,7,6,7,8,6,2,1,2,8,8,5,4,1,6,8,8,1,8,9,5,5,6,6,1,4,1,5,3,2,4,7,7,3,0,8,7,1,3,6,2,4,4,3,2,4,2,2,8,1,8,4,5,0,1,6,4,3,5,7,7,6,4,7,9,9,8,2,3,5,2,8,7,8,8,2,1,4,4,0,2,8,4,1,3,7,3,8,1,3,0,7,1,3,4,3,3,6,2,8,2,0,3,6,8,8,8,4,1,2,8,8,9,1,2,5,7,9,6,0,7,3,1,4,4,7,4,6,9,3,1,2,7,7,7,7,6,9,5,3,7,4,3,4,3,2,9,2,6,0,8,2,1,7,3,1,9,5,2,4,1,5,6,2,2,7,5,4,0,9,2,0,4,4,3,7,5
196,8,3,4,1,9,5,2,4,4,8,3,8,1,6,7,5,1,9,4,2,1,4,4,3,1,0,7,1,4,4,5,5,4,7,6,3,7,8,5,3,9,8,6,5,3,3,7,2,4,2,6,3,9,1,4,8,5,0,8,1,8,8,2,1,7,8,5,3,8,3,1,2,4,8,2,2,9,0,1,0,8,2,1,8,4,4,5,5,7,5,3,4,1,6,6,8,0,1,4,1,3,2,7,5,5,7,4,5,6,7,3,6,4,7,3,3,8,4,5,3,3,3,3,1,5,1,8,4,6,8,1,8,5,3,1,1,4,0,2,2,3,0,5,9,4,1,6,6,1,1,1,3,5,4,0,3,2,6,3,2,5,8,2,5,4,3,9,8,1,3,1,8,3,7,8,1,0,7,6,1,1,8,4,4,3,4,1,4,2,9,7,3,5,8,6,0,1,2,1,2
197,5,9,6,4,7,7,5,3,6,4,1,2,1,8,5,9,9,4,9,7,3,4,5,5,7,6,8,3,6,1,6,6,8,2,9,2,4,1,8,4,1,3,5,8,5,5,0,0,1,5,9,6,7,3,6,3,6,0,7,4,3,6,3,8,5,7,0,1,7,7,2,9,3,6,3,0,6,1,5,5,6,1,2,6,8,6,4,3,5,4,2,3,3,2,5,2,8,7,4,5,1,1,4,8,7,7,7,2,0,4,4,7,7,4,3,8,4,7,9,2,3,9,2,3,8,1,2,5,6,7,8,3,5,5,2,5,9,9,7,8,8,5,5,8,2,5,3,2,2,9,4,4,4,3,0,4,5,6,9,1,9,5,7,7,3,4,7,7,6,4,9,6,7,5,8,3,6,5,9,7,3,6,2,7,2,5,8,1,1,9,3,5,6,8,4,6,0,8,1,9
198,2,8,0,4,7,1,0,9,8,0,4,5,2,4,2,5,3,9,0,7,6,2,5,6,1,2,5,1,1,8,6,4,6,3,4,9,8,2,2,5,0,8,6,2,9,0,5,5,3,5,8,7,7,0,8,0,8,0,5,6,8,5,6,8,2,6,4,3,2,1,3,5,6,5,0,3,6,1,6,5,7,7,2,5,7,7,2,9,6,5,2,6,0,1,2,3,6,1,8,3,3,6,2,5,0,6,3,8,0,4,6,5,3,0,7,7,1,3,9,5,3,1,2,1,3,1,2,2,8,8,6,5,2,2,3,1,3,9,5,8,1,2,1,3,1,8,1,2,3,5,8,5,2,2,7,2,7,3,7,1,3,6,6,9,5,0,7,6,3,1,3,7,6,2,3,6,4,4,1,2,7,5,7,7,2,5,6,7,4,5,8,3,0,4,7,1,5,0,7,5
199,2,2,8,5,2,5,8,1,7,4,1,6,5,3,4,5,2,1,7,0,2,0,5,4,8,4,7,6,1,7,3,3,3,8,7,4,3,7,6,3,4,0,7,8,8,3,7,4,4,8,2,2,1,6,4,2,1,6,6,7,7,4,1,7,7,9,4,4,7,1,5,4,0,1,5,3,2,1,0,2,1,6,4,2,1,3,5,1,2,6,3,2,6,9,7,9,0,6,1,2,0,4,3,6,2,9,9,5,3,3,4,1,7,5,1,1,8,3,6,5,7,8,1,1,3,3,6,4,1,2,5,1,8,4,0,8,6,5,1,2,1,6,9,1,3,2,6,6,3,2,0,6,8,5,9,5,5,8,5,5,4,8,2,3,1,4,8,6,8,3,5,4,5,8,3,0,6,6,2,0,3,7,0,0,4,2,4,8,0,4,4,7,8,8,4,5,6,2,0,9
200,1,5,2,4,1,8,7,2,5,0,6,4,5,8,6,8,5,3,7,9,2,8,9,4,3,0,5,4,8,4,5,3,2,3,4,3,7,4,7,6,0,1,3,3,1,8,7,4,8,4,5,0,2,5,2,1,2,5,6,6,6,5,6,1,2,5,4,0,0,6,1,6,5,5,3,2,3,1,5,8,6,3,2,7,5,9,6,7,8,4,2,5,3,5,5,5,5,8,1,6,4,4,8,8,3,1,8,6,6,4,3,3,6,5,8,9,8,3,8,2,1,8,5,7,6,6,2,2,3,2,2,4,4,8,5,3,4,5,5,2,4,2,6,9,9,7,4,7,5,1,6,5,7,3,1,7,0,9,4,4,1,1,4,4,8,5,0,6,8,1,6,6,7,3,5,3,8,6,0,4,7,3,8,6,2,4,6,1,6,3,8,5,6,1,4,6,7,4,5,0

