0,1,2,3,4,5,6,7,8,9,10,11,12,13,14,15,16,17,18,19,20,21,22,23,24,25,26,27,28,29,30,31,32,33,34,35,36,37,38,39,40,41,42,43,44,45,46,47,48,49,50,51,52,53,54,55,56,57,58,59,60,61,62,63,64,65,66,67,68,69,70,71,72,73,74,75,76,77,78,79,80,81,82,83,84,85,86,87,88,89,90,91,92,93,94,95,96,97,98,99,100,101,102,103,104,105,106,107,108,109,110,111,112,113,114,115,116,117,118,119,120,121,122,123,124,125,126,127,128,129,130,131,132,133,134,135,136,137,138,139,140,141,142,143,144,145,146,147,148,149,150,151,152,153,154,155,156,157,158,159,160,161,162,163,164,165,166,167,168,169,170,171,172,173,174,175,176,177,178,179,180,181,182,183,184,185,186,187,188,189,190
1,0,6,3,4,6,2,3,3,6,3,9,2,3,6,1,5,5,2,8,2,8,9,1,3,6,1,5,7,1,9,3,6,4,7,8,1,6,8,2,8,9,5,1,7,5,0,5,1,2,6,2,1,9,4,5,8,9,5,4,5,5,9,3,9,6,8,7,5,8,6,6,8,0,1,4,3,7,0,5,3,7,2,3,7,3,3,8,4,3,4,4,5,2,3,9,4,5,1,8,9,7,7,5,2,0,7,7,2,9,7,6,8,6,8,0,0,4,0,7,6,3,8,5,3,4,6,4,2,5,7,3,3,4,2,4,9,2,7,6,1,7,3,5,6,9,1,0,0,2,8,6,7,2,5,5,3,5,4,7,5,2,3,4,7,2,8,4,2,4,5,8,2,7,8,2,2,2,7,4,8,2,1,5,8,3,9,6,6,3,7
2,2,0,5,4,3,5,2,5,1,4,6,1,5,5,2,7,7,8,8,5,2,6,9,2,2,5,2,5,8,8,9,1,7,4,4,2,1,3,2,5,3,7,1,1,8,7,7,6,4,2,0,5,0,6,0,3,6,7,8,7,6,7,8,4,2,2,5,1,1,3,4,6,1,8,3,9,8,5,5,2,4,2,4,5,6,0,1,1,0,1,2,8,3,6,4,4,2,2,8,3,8,3,9,6,8,3,1,0,8,0,2,8,0,4,0,8,4,6,7,6,3,7,4,4,5,7,4,8,7,5,8,6,5,3,9,1,1,8,4,3,5,3,5,6,9,5,2,4,7,1,4,8,7,4,5,4,6,4,3,6,5,7,4,8,0,8,5,1,7,3,4,5,9,5,0,8,2,7,1,1,2,4,1,3,4,2,8,9,6,9
3,3,5,0,4,9,3,2,1,6,6,2,2,6,3,4,8,8,3,5,4,6,4,0,3,1,2,5,5,2,0,3,4,6,5,2,3,9,0,9,2,8,4,3,6,3,4,3,0,5,0,5,2,4,6,4,6,8,4,2,4,1,7,8,7,5,7,3,4,5,3,2,1,7,7,7,1,8,3,8,1,1,8,1,6,5,4,4,5,2,9,3,1,3,6,9,2,4,5,0,0,6,5,7,3,8,4,6,8,5,4,3,6,2,1,4,2,4,7,3,0,2,8,1,3,3,8,6,5,8,1,3,9,6,6,4,2,5,8,9,7,7,4,8,6,8,9,4,7,4,3,8,2,4,5,2,1,3,0,9,0,4,7,8,9,5,3,3,7,1,7,6,0,7,4,4,1,2,9,9,6,6,5,9,1,8,0,1,9,3,1
4,5,6,5,0,4,3,3,1,6,3,8,7,7,1,5,8,3,4,2,2,0,7,3,0,4,8,2,4,2,5,3,7,2,8,4,3,4,2,1,3,7,8,1,6,5,2,3,6,0,6,0,6,6,2,8,3,4,7,4,0,8,5,2,2,5,9,4,6,1,5,6,8,8,3,1,1,2,2,5,7,8,6,5,7,5,7,5,5,8,3,6,4,9,2,3,6,9,2,3,2,3,4,8,1,6,4,3,7,4,8,4,1,1,9,0,8,8,1,2,8,4,3,7,3,7,8,5,8,3,2,3,8,5,3,5,4,7,8,1,1,3,5,3,0,3,6,2,7,2,8,7,7,6,3,6,5,6,9,7,8,3,1,0,0,8,3,4,3,4,8,8,8,7,9,9,7,1,2,6,1,3,4,6,5,1,5,4,8,3,3
5,7,7,7,1,0,2,6,1,1,5,1,7,6,2,4,2,4,2,9,0,8,4,7,4,1,4,3,9,2,2,8,5,1,3,3,8,5,7,7,6,0,8,5,6,3,1,7,7,3,8,4,1,1,1,6,5,1,7,6,4,0,3,3,5,2,2,7,2,8,7,8,0,5,7,8,3,2,4,9,1,3,9,2,2,1,8,3,1,6,7,1,4,5,1,0,5,6,7,5,0,8,3,2,7,5,6,5,7,1,8,2,6,2,2,8,7,2,5,2,6,0,6,4,6,1,7,3,6,8,0,3,2,3,2,8,1,2,0,3,5,3,1,6,5,6,7,5,3,8,9,5,8,6,4,4,7,7,8,7,7,3,7,6,4,8,0,8,9,7,2,9,6,7,7,0,7,3,7,7,3,5,7,1,1,2,0,7,0,2,3
6,7,5,2,5,4,0,8,7,2,4,4,6,0,8,4,8,0,8,8,2,4,3,1,7,4,3,3,5,0,3,7,7,4,8,1,6,2,8,8,4,7,8,6,7,4,9,4,4,3,1,7,4,7,0,7,2,1,2,4,3,2,5,1,2,7,7,7,2,4,0,6,8,5,5,8,2,1,1,9,9,0,2,4,4,2,8,6,6,5,3,8,5,8,6,4,7,3,9,8,7,4,0,8,3,3,7,8,3,8,5,8,4,9,4,9,6,3,8,0,2,8,1,6,4,4,3,0,5,7,3,8,7,3,3,6,4,7,0,8,4,1,3,3,3,5,4,7,6,7,9,5,7,0,0,3,1,0,3,3,6,1,4,3,5,7,7,8,4,6,7,9,8,7,8,3,8,5,6,7,7,4,2,6,5,6,8,6,3,2,1
7,3,1,4,5,6,1,0,4,9,1,1,7,9,0,8,5,4,8,2,5,1,3,7,2,2,1,2,7,6,4,3,1,8,0,8,8,9,5,6,3,1,8,5,6,8,6,6,4,6,7,9,7,9,6,4,3,8,4,5,7,6,0,8,1,7,5,2,4,8,1,1,3,8,5,3,3,0,0,9,7,7,5,8,5,6,6,5,4,8,0,8,6,2,6,5,5,2,8,1,2,3,7,4,5,8,4,6,2,3,4,1,5,9,1,6,2,5,4,5,5,9,0,5,8,6,6,7,5,3,1,1,5,0,6,2,5,7,8,8,8,1,1,5,7,4,1,2,1,8,6,0,5,1,9,5,8,6,4,5,7,4,7,6,2,7,8,6,1,9,5,4,8,9,3,5,2,0,5,6,3,7,4,2,5,3,6,5,3,4,1
8,3,5,2,6,6,8,8,0,6,8,8,2,4,5,7,3,3,6,2,4,4,6,4,9,5,3,1,9,5,1,5,5,6,0,3,0,1,2,0,3,2,9,1,2,4,4,3,9,0,2,5,6,5,3,2,1,4,2,6,1,6,1,3,6,4,3,9,3,1,3,5,5,4,7,2,8,3,8,4,5,1,8,7,6,8,2,0,5,4,1,8,5,1,2,5,1,7,1,4,7,2,2,7,2,5,6,3,6,3,7,2,7,1,2,5,8,4,8,1,4,4,2,7,1,5,5,5,4,1,1,3,0,5,8,9,4,4,3,8,1,3,7,8,0,4,2,8,2,6,6,6,2,2,2,2,2,1,7,6,7,7,9,3,2,4,0,3,7,4,3,3,0,2,5,1,5,4,5,7,1,6,1,7,2,3,3,5,8,3,1
9,5,1,9,6,4,5,1,7,0,8,9,7,9,6,1,3,8,5,2,5,5,5,2,6,6,6,4,4,6,9,5,6,5,7,9,5,1,5,2,6,2,2,2,1,3,5,4,2,5,9,5,8,4,1,2,2,2,8,8,8,7,7,8,2,8,6,4,1,8,4,8,8,6,5,3,7,8,2,4,4,3,6,3,3,8,5,5,5,3,9,4,3,5,2,1,0,1,7,2,2,4,1,6,4,1,8,3,7,9,5,4,7,1,3,5,3,0,7,7,4,1,2,3,1,4,4,7,2,2,8,3,2,4,2,0,4,7,8,3,1,8,7,4,8,8,3,7,3,6,1,8,2,6,8,4,6,7,0,8,4,2,7,4,4,6,9,6,0,2,3,7,4,6,1,6,6,3,1,4,6,6,8,4,1,1,0,2,1,0,6
10,5,0,7,1,9,1,8,0,8,0,3,0,6,1,5,4,5,8,1,4,5,2,3,1,1,8,9,8,3,3,9,6,3,3,2,6,8,5,5,3,4,8,3,5,8,7,8,9,5,2,8,7,6,4,7,2,8,8,7,4,4,3,8,1,4,1,8,2,2,7,3,1,8,8,5,7,0,5,3,3,5,2,6,0,6,8,5,8,0,6,6,8,9,4,1,1,5,2,0,5,8,4,0,1,4,9,2,8,8,3,3,9,1,2,2,4,1,1,4,3,1,9,2,9,0,4,8,4,1,8,2,6,1,3,8,6,7,8,0,5,7,9,4,3,6,4,7,7,0,3,1,4,1,5,1,1,2,7,5,4,2,2,3,4,4,5,4,4,8,8,9,7,5,9,3,1,6,9,6,8,1,8,2,7,2,8,9,7,6,1
11,1,1,4,0,5,2,5,1,4,3,0,4,8,7,5,2,1,1,5,4,7,8,1,8,0,4,5,4,8,7,2,4,7,8,7,6,5,4,4,2,1,2,5,2,9,1,5,5,6,3,3,7,1,7,7,5,5,3,8,9,6,4,4,8,5,4,6,3,5,0,1,8,8,2,0,9,5,0,7,3,1,4,4,0,8,6,4,6,2,8,7,2,6,8,4,6,1,3,6,3,0,5,9,7,7,1,4,8,3,6,1,4,7,1,5,6,8,3,7,7,0,1,7,6,6,0,4,4,7,8,7,7,4,6,1,9,6,7,6,7,5,3,0,7,3,4,4,4,2,4,4,9,9,4,1,4,0,6,6,7,2,6,4,1,7,0,4,4,1,7,4,5,7,3,5,8,2,1,4,8,2,7,3,2,3,0,7,2,6,6
12,3,8,8,1,8,3,3,6,2,9,7,0,1,7,5,7,1,7,6,8,4,2,8,7,7,6,0,8,3,3,2,1,0,2,6,4,5,3,0,0,5,8,1,1,6,5,7,6,2,6,5,4,8,3,8,9,6,1,9,6,1,2,1,9,6,1,1,2,1,3,9,6,8,2,7,7,3,8,4,4,3,7,2,8,5,0,6,7,2,7,7,9,1,0,3,1,6,2,2,3,8,2,8,1,5,1,8,2,7,6,8,3,6,7,4,9,7,6,5,8,6,7,5,1,5,6,4,5,6,0,5,7,2,7,8,6,1,2,9,1,5,8,4,4,6,7,1,7,9,1,4,9,2,1,2,7,6,8,7,7,6,6,5,1,5,5,5,9,4,7,5,7,6,2,7,3,8,3,5,7,9,6,8,2,2,6,1,2,1,0
13,3,5,4,8,7,0,1,8,1,9,6,8,0,0,4,6,3,6,5,6,2,9,4,7,1,2,5,5,3,1,8,3,5,6,0,6,7,4,6,5,5,2,4,7,5,7,3,4,8,7,3,1,9,3,8,6,8,1,3,3,8,4,8,1,2,3,5,4,1,0,3,3,6,1,4,4,0,5,4,8,5,7,1,9,1,8,2,4,6,1,8,8,1,8,9,5,7,2,4,4,5,2,7,2,0,6,2,0,6,1,4,3,6,8,6,8,4,5,3,5,3,3,1,6,5,5,8,2,7,8,9,9,8,1,1,1,8,6,6,5,6,2,1,4,2,1,8,5,9,2,5,3,3,4,6,8,6,6,7,6,6,4,2,3,7,4,3,5,1,2,2,5,5,4,6,5,5,3,4,6,7,1,4,6,7,0,7,2,5,0
14,5,4,5,7,1,0,1,6,5,1,2,3,0,0,4,2,1,5,5,4,8,8,9,8,4,0,1,7,3,0,3,8,6,7,8,2,9,4,2,3,7,7,0,3,2,1,2,0,2,2,2,9,3,8,3,3,4,2,6,2,7,3,4,5,4,3,4,6,5,1,8,2,7,7,5,9,2,3,8,6,4,9,1,9,3,5,7,5,2,0,8,6,3,7,8,6,6,4,8,4,1,7,4,7,5,8,1,4,5,7,5,6,1,6,5,0,7,4,6,5,5,1,0,4,7,8,3,1,9,2,4,2,9,6,7,8,7,2,5,7,3,6,5,0,0,1,8,7,8,4,1,6,4,5,6,4,1,2,1,7,4,2,7,3,7,7,8,8,8,6,7,4,4,9,9,4,3,5,6,5,2,9,0,6,8,6,1,5,7,3
15,2,8,0,2,8,8,6,9,6,1,1,5,3,3,0,7,7,2,7,7,6,8,6,0,4,6,8,6,5,2,3,8,7,1,0,7,3,7,7,8,6,0,8,7,1,1,8,8,1,9,9,7,8,9,4,5,3,9,5,2,3,2,8,2,3,7,4,7,1,2,6,5,7,5,7,9,4,5,8,2,2,6,4,9,4,8,8,7,4,5,4,3,3,3,5,4,7,7,6,2,6,7,4,9,7,9,4,1,3,4,3,5,3,2,4,9,2,0,5,3,2,7,1,1,5,0,9,9,1,5,5,5,4,6,9,5,4,4,9,2,8,6,2,1,5,2,3,9,6,9,3,9,5,5,1,2,9,7,7,9,8,7,9,8,8,5,4,3,7,3,4,3,9,3,6,1,8,2,4,0,5,1,7,9,1,7,5,6,3,7
16,1,4,1,8,4,2,0,3,2,5,7,5,4,9,3,0,8,5,1,8,3,1,4,7,0,8,4,3,8,3,2,2,4,8,1,2,5,6,3,3,7,8,6,7,4,1,0,1,4,2,9,5,1,8,0,7,6,7,8,6,2,8,5,6,6,6,6,3,3,3,4,1,0,2,3,3,8,2,7,5,5,8,4,2,6,5,5,5,6,0,6,5,2,8,7,2,3,7,9,7,0,0,7,3,6,0,4,2,7,7,2,7,1,7,4,3,2,0,1,5,3,6,6,7,5,8,1,4,8,1,1,1,6,2,1,5,9,3,8,5,4,1,3,2,0,1,1,7,3,3,7,6,2,3,6,3,5,1,5,8,1,1,8,2,4,0,9,8,6,7,4,0,5,1,0,4,6,5,6,3,2,9,2,2,3,9,8,5,2,1
17,5,8,4,1,5,3,5,8,5,0,0,5,7,3,0,4,0,8,7,7,2,9,1,3,1,6,2,3,3,4,1,5,8,7,3,5,1,4,6,7,6,7,9,0,7,5,8,8,2,5,1,2,4,0,1,1,3,1,1,9,2,1,5,7,6,6,2,6,7,0,6,3,3,3,7,9,5,4,5,4,6,4,5,2,9,4,2,4,3,5,5,7,3,8,6,9,6,5,9,3,4,5,4,6,4,6,5,5,8,1,1,8,6,1,3,6,3,8,6,2,3,8,2,5,7,4,1,7,6,1,6,6,8,7,9,8,7,5,5,0,2,1,6,8,1,2,3,4,8,6,5,5,3,0,0,9,1,0,6,3,2,0,1,7,8,6,1,5,3,2,5,7,2,6,5,0,3,4,1,8,0,6,8,5,4,1,4,7,1,7
18,1,5,8,4,6,5,2,4,2,2,9,7,2,4,5,6,2,0,5,9,5,3,6,2,4,2,1,1,4,4,1,6,0,9,3,0,6,6,1,6,7,6,4,4,1,4,6,1,9,6,7,4,6,6,8,6,2,6,2,6,5,5,7,3,6,2,8,8,5,2,5,8,1,8,8,7,3,8,3,0,9,6,1,1,6,3,9,5,7,4,6,7,7,7,8,5,7,1,9,9,5,3,1,8,6,6,4,7,2,5,4,1,5,0,2,5,4,8,5,2,8,9,6,2,1,6,3,7,1,7,7,9,4,1,5,6,9,1,3,6,1,5,5,5,6,3,2,3,4,3,3,9,1,7,6,2,7,7,7,4,8,1,7,5,8,5,9,3,9,1,2,6,6,6,1,7,8,2,9,3,8,0,5,3,1,4,5,2,5,8
19,7,3,7,6,6,2,1,6,2,2,8,2,8,9,4,4,7,7,0,1,1,8,1,0,3,3,5,7,6,6,8,0,7,3,4,1,6,5,7,6,8,7,5,5,4,0,6,2,9,9,1,4,8,9,4,8,4,6,8,3,2,7,5,9,1,1,3,8,2,2,2,3,1,8,4,4,7,1,8,4,5,7,6,2,1,7,4,1,2,8,0,4,9,6,5,7,7,1,4,3,3,0,6,3,2,0,4,8,5,8,1,7,6,9,0,7,6,4,7,7,8,5,4,1,4,9,1,3,2,7,4,7,4,2,6,4,9,7,8,6,3,6,6,0,6,8,5,0,1,4,8,9,0,3,3,7,6,1,5,7,3,4,3,3,7,6,4,6,6,4,6,4,6,0,2,7,1,2,6,0,7,8,2,0,3,4,7,3,7,5
20,8,5,3,8,4,5,5,8,5,1,5,4,4,8,7,6,8,5,3,0,6,7,1,4,4,8,2,7,6,8,4,0,5,2,6,5,9,3,1,8,3,5,8,1,8,9,5,4,4,4,9,8,6,1,5,8,2,3,6,1,9,6,3,8,8,2,4,5,9,3,2,8,3,0,1,2,6,5,6,8,0,9,2,0,2,8,1,6,6,6,3,9,6,3,1,7,3,6,6,9,1,8,5,5,8,3,6,1,5,4,2,4,3,3,5,8,5,3,2,6,3,7,1,8,6,8,2,0,7,7,2,8,4,2,1,1,3,5,7,7,8,4,4,6,2,1,6,6,4,4,7,2,1,6,5,6,1,1,3,0,1,6,2,2,6,0,2,8,4,7,9,7,1,8,8,1,6,8,5,9,0,7,3,0,4,9,7,3,4,0
21,1,6,5,6,2,4,1,3,4,2,7,3,2,7,8,6,7,8,3,6,0,6,6,6,2,3,7,7,1,4,9,6,6,3,2,3,5,8,8,4,4,7,2,2,3,1,6,9,2,1,6,7,5,2,2,8,8,7,4,5,2,0,1,9,4,0,2,0,6,0,0,1,1,0,5,9,5,4,5,8,7,2,3,8,2,1,9,9,3,9,3,7,2,8,3,2,5,4,7,3,6,5,9,7,8,2,6,4,4,3,1,7,3,4,2,3,3,2,3,9,6,8,7,3,7,7,2,4,1,5,4,2,2,5,8,1,8,4,7,2,6,6,4,5,2,6,4,1,1,4,7,2,9,3,0,6,6,2,4,4,4,2,7,3,0,4,1,1,7,3,6,1,3,2,6,9,0,7,0,2,4,0,2,5,4,2,7,5,4,6
22,8,0,1,6,5,7,2,3,0,6,1,8,6,5,0,3,1,2,7,2,9,0,3,2,1,1,4,9,7,6,8,6,5,7,2,2,0,8,0,4,8,4,3,4,8,8,4,1,6,1,7,5,7,7,6,2,5,6,4,8,0,1,2,4,7,4,7,8,4,2,3,5,5,0,4,3,5,1,7,3,1,7,8,9,0,5,2,5,1,6,3,0,9,6,9,3,8,2,5,5,5,1,1,6,2,3,1,1,2,6,1,9,4,8,2,3,2,5,2,2,2,8,5,9,8,7,1,5,8,3,7,7,2,4,4,5,8,1,4,7,2,2,9,5,6,3,4,4,7,4,1,7,2,3,4,6,7,4,4,2,3,7,3,8,8,5,7,3,8,8,5,8,3,4,0,8,3,0,4,0,5,4,8,7,5,0,3,9,4,2
23,8,6,8,4,1,6,6,1,2,2,9,6,2,8,3,2,2,6,7,2,5,3,0,5,5,8,3,5,5,4,4,7,1,3,0,5,2,6,4,5,1,9,7,2,8,8,7,5,8,1,1,7,1,6,4,3,2,1,1,7,3,4,9,3,9,5,8,5,7,1,6,8,2,6,5,1,2,9,3,4,1,0,7,4,5,4,0,4,9,5,2,3,0,1,4,3,1,2,7,8,6,8,1,3,6,8,5,2,5,7,9,8,1,3,5,1,8,9,2,4,7,0,2,8,9,8,6,3,1,4,2,9,1,4,0,6,1,2,8,8,5,2,4,8,9,7,1,6,7,4,7,8,7,6,7,2,5,5,4,8,8,6,5,1,8,2,7,3,2,7,0,1,3,1,7,2,2,4,6,1,9,9,1,7,4,6,2,6,5,8
24,4,4,0,9,3,0,7,8,5,3,3,5,7,4,6,0,5,6,2,0,9,5,1,0,7,1,5,2,2,3,7,1,3,0,2,7,7,8,3,1,6,3,6,1,3,8,6,1,4,6,3,8,2,9,6,1,0,5,8,7,0,6,7,5,6,9,7,8,2,6,1,2,2,8,4,7,1,4,5,3,6,1,4,0,6,2,1,8,1,4,3,8,0,4,6,5,1,7,3,3,0,5,6,1,8,4,5,5,9,1,2,4,0,8,8,2,3,6,3,9,6,5,8,9,7,8,7,0,8,2,2,4,5,1,2,2,6,8,3,2,6,9,6,4,7,3,1,2,7,4,4,0,2,7,8,4,1,8,6,7,1,1,8,0,8,3,3,5,0,3,7,6,6,8,4,4,2,8,1,1,6,1,7,5,0,2,4,2,4,3
25,5,1,9,1,1,8,5,3,7,9,2,3,6,4,2,8,7,2,4,3,3,4,3,5,0,3,9,3,6,8,5,5,2,3,1,6,2,2,5,7,5,1,3,8,9,9,7,9,9,7,2,1,4,3,5,1,2,1,6,6,4,0,6,2,7,6,0,4,2,2,0,6,1,5,4,9,9,5,6,5,7,6,5,2,0,8,7,0,7,1,2,8,3,5,1,3,1,1,0,4,8,5,8,6,5,1,8,5,7,1,4,1,0,1,7,2,4,8,1,1,0,4,4,1,8,1,2,7,1,0,3,7,5,1,6,1,5,7,0,7,2,7,0,9,7,8,7,6,7,1,1,2,5,5,8,5,5,8,4,9,2,9,8,6,7,2,6,9,6,1,7,5,8,6,1,4,3,2,6,4,5,1,8,9,4,0,2,4,1,8
26,7,7,8,2,4,9,2,8,7,7,8,0,4,2,5,2,2,8,5,4,0,3,6,1,3,0,5,8,4,4,3,1,0,5,0,7,3,5,7,2,1,6,1,3,8,8,8,8,4,3,3,2,6,3,7,5,4,2,5,7,1,3,2,1,7,5,3,3,5,1,9,4,6,5,1,4,8,2,3,1,3,5,4,1,4,9,2,5,8,7,2,4,5,6,8,0,1,6,8,9,5,6,5,1,7,0,2,2,2,3,6,4,2,4,4,8,9,3,5,3,3,1,2,3,8,7,1,9,5,4,6,3,0,8,9,6,5,1,2,5,1,1,5,2,7,6,9,1,1,1,2,2,1,4,1,8,1,2,8,2,1,8,1,4,1,7,4,9,4,1,0,6,3,6,7,7,7,8,2,3,0,8,3,7,2,8,3,8,8,7
27,6,4,2,6,0,3,0,5,6,2,8,8,7,1,5,3,6,1,0,5,9,7,5,8,4,8,0,5,7,9,1,3,7,8,2,3,1,7,8,4,7,1,9,5,7,0,2,3,5,1,5,3,3,4,1,4,3,7,3,2,2,8,4,4,5,2,3,2,9,5,5,7,5,2,0,0,3,1,1,4,4,1,8,3,3,3,5,7,8,8,7,4,6,5,8,1,6,7,8,1,4,1,0,4,7,7,6,5,8,6,2,2,1,5,6,1,6,6,3,8,2,3,2,7,9,3,2,6,6,8,4,0,4,5,7,8,5,8,3,9,8,5,4,8,8,2,8,3,8,3,4,1,9,6,2,2,5,7,9,3,6,3,3,3,8,5,7,9,8,2,5,4,3,7,2,8,7,8,7,3,6,2,6,6,2,5,2,2,5,5
28,5,6,3,2,1,8,1,5,5,7,6,2,4,9,7,0,7,1,6,7,6,3,2,6,8,1,0,0,1,7,4,8,1,3,8,3,5,3,2,2,8,4,1,2,4,2,4,6,7,8,4,5,1,2,6,7,2,2,7,6,2,8,7,7,5,1,8,1,4,2,9,1,0,7,6,4,8,9,8,4,5,5,2,3,4,7,9,6,4,0,5,1,8,5,2,4,3,8,1,2,6,4,3,1,6,8,1,4,3,8,8,4,6,7,3,8,2,1,7,2,5,7,0,4,8,8,5,6,6,5,6,8,7,4,8,1,2,7,0,5,4,3,1,8,3,0,4,4,7,9,5,9,8,1,9,7,6,8,6,1,4,8,5,3,8,8,8,3,4,6,3,5,9,1,8,6,2,4,3,6,0,8,2,8,2,3,2,8,0,1
29,4,8,5,2,1,8,5,9,3,5,7,3,1,6,1,8,5,9,1,3,7,6,8,1,4,6,0,1,0,7,1,8,6,9,7,8,4,8,9,3,5,2,2,8,9,2,0,2,4,7,6,5,9,5,3,3,1,8,5,5,7,3,6,0,7,4,1,4,6,2,5,0,2,1,5,5,7,2,8,6,3,3,8,6,4,4,6,2,8,7,6,6,3,8,4,2,6,8,1,5,5,9,2,9,8,3,7,3,4,1,0,6,4,2,2,6,6,9,0,2,4,1,3,9,8,1,3,6,7,6,8,8,2,5,1,2,8,4,8,2,3,2,2,7,4,1,3,2,4,6,3,0,7,0,4,6,6,0,2,3,7,4,4,7,3,2,7,6,7,6,3,4,8,4,3,1,1,1,5,2,4,8,2,9,8,8,2,3,3,3
30,5,1,8,0,8,9,8,9,2,8,6,6,6,8,4,4,1,5,8,3,1,7,0,3,6,6,1,1,2,0,8,9,8,7,7,8,7,5,3,5,9,0,4,6,7,9,3,3,6,1,7,9,6,9,1,7,9,6,6,1,8,5,5,6,2,5,4,8,1,5,8,8,7,2,8,1,8,2,5,5,8,4,7,9,3,1,7,4,6,4,6,8,7,5,1,2,3,9,7,6,1,6,3,3,2,1,2,6,8,7,6,5,9,2,8,6,6,1,6,1,2,0,3,8,5,2,5,4,2,6,1,7,5,9,5,5,1,5,5,2,7,8,7,8,3,0,4,7,8,6,3,5,2,1,6,4,3,1,2,3,4,8,5,2,3,3,2,6,5,5,9,3,1,8,7,5,7,7,8,8,5,8,8,6,9,8,4,4,7,7
31,8,0,0,5,4,2,5,3,9,1,4,1,2,8,9,2,3,7,3,7,5,1,4,5,6,6,3,1,4,2,0,1,5,7,7,4,3,1,3,9,7,3,3,7,5,4,8,8,7,4,7,8,4,7,7,5,6,3,0,5,8,7,3,1,5,5,2,2,9,2,7,6,3,1,2,0,1,8,2,9,1,6,5,4,8,8,6,8,5,4,5,7,3,3,1,5,9,1,3,6,4,8,0,2,1,5,3,3,0,7,5,5,9,8,5,3,1,4,8,5,3,2,0,7,5,5,7,5,4,3,0,8,8,4,2,9,1,9,5,2,3,1,6,3,7,0,7,5,1,3,2,1,6,2,2,9,6,4,7,3,7,6,9,1,6,4,7,0,3,6,7,7,6,5,6,2,3,1,1,1,4,2,8,7,2,1,8,2,5,4
32,8,7,4,1,4,6,0,9,4,3,7,8,6,5,6,6,9,4,6,4,1,5,3,1,2,8,2,0,3,7,6,0,8,3,6,8,4,4,0,2,3,2,2,2,7,7,0,4,7,2,7,5,4,4,2,6,1,8,7,8,1,0,9,7,2,2,1,6,8,4,5,8,7,7,1,8,2,6,6,4,9,5,1,5,3,2,1,3,7,3,6,8,0,2,6,7,2,6,6,4,8,1,3,2,7,2,8,8,0,2,5,1,7,2,7,8,4,9,5,9,1,2,9,7,9,1,1,7,7,6,4,7,9,9,0,5,0,4,8,3,8,8,0,4,3,3,4,5,5,7,5,2,6,1,8,0,8,6,2,3,1,6,3,3,7,1,7,5,8,8,7,3,8,3,8,3,9,6,4,9,5,9,4,4,4,7,3,8,6,1
33,2,9,1,4,2,5,5,4,1,1,7,9,2,4,2,6,3,6,4,6,7,4,8,6,4,3,8,8,6,9,0,7,0,8,1,0,9,2,0,6,3,0,4,0,0,2,4,6,6,8,5,8,4,0,2,7,3,4,2,7,7,5,1,4,5,1,8,6,2,8,5,8,1,8,3,2,2,4,6,2,2,6,4,6,8,1,3,8,8,2,8,4,7,6,8,2,7,0,8,4,6,3,5,3,5,4,8,3,8,7,0,2,1,5,5,6,7,7,2,2,2,5,1,8,9,6,2,9,1,7,4,5,8,3,5,1,6,5,6,6,9,1,4,7,2,4,5,7,6,6,7,6,9,2,1,1,5,1,7,9,4,5,5,4,2,4,5,2,9,5,1,3,8,5,3,5,8,6,4,2,8,2,4,6,8,3,7,6,5,0
34,1,5,7,8,6,1,6,5,3,4,5,4,9,9,0,8,4,5,5,9,5,8,6,4,7,2,3,8,3,1,8,8,9,0,6,9,0,6,9,7,7,2,6,4,2,3,3,3,7,7,7,1,3,5,9,6,2,7,9,5,3,3,8,1,0,6,6,3,7,5,6,9,3,2,5,3,0,8,4,5,3,5,1,4,7,9,2,2,2,1,8,6,7,3,1,3,3,2,7,6,7,2,1,1,7,8,3,7,2,7,5,2,6,2,6,9,1,3,8,5,7,6,4,2,6,6,6,4,7,3,3,9,4,8,8,4,1,4,4,5,6,3,3,6,7,4,5,7,8,6,5,7,1,2,2,2,7,2,4,7,1,4,6,3,8,8,0,4,9,1,8,8,8,8,1,7,7,6,8,6,1,3,5,4,6,4,7,2,8,1
35,5,1,8,7,2,8,3,1,1,1,7,8,4,4,1,4,2,0,4,6,6,1,3,2,4,3,8,9,4,2,0,9,1,6,0,4,3,5,5,5,5,3,8,1,6,2,7,3,8,6,2,3,7,8,8,5,4,0,7,6,1,4,1,1,3,4,3,5,7,8,7,8,0,8,6,7,0,9,3,0,8,5,5,6,7,3,3,7,2,2,4,0,5,5,2,3,0,4,9,3,9,3,6,6,7,7,3,2,2,0,5,2,9,8,1,0,8,7,0,9,4,5,5,1,3,1,4,1,1,4,6,4,4,3,3,6,2,5,5,1,4,6,4,8,3,1,0,2,0,6,9,1,8,4,9,6,4,8,7,8,9,2,5,8,5,4,8,3,3,4,3,5,7,8,3,4,8,3,2,9,8,8,7,4,6,4,1,7,6,8
36,5,8,1,3,9,2,5,6,3,6,7,7,1,1,3,1,5,8,0,4,6,7,5,6,7,6,7,3,1,5,8,8,2,6,1,0,4,4,8,5,6,1,7,4,8,3,8,5,5,3,5,7,8,2,4,0,7,4,4,4,7,7,4,1,2,7,6,9,7,2,2,1,9,1,6,3,8,5,5,7,6,7,8,2,8,7,5,1,9,6,7,3,1,0,4,0,7,1,8,7,5,4,6,4,7,7,3,3,3,4,5,6,5,3,8,5,1,3,3,7,1,6,3,5,6,1,9,1,7,0,6,3,5,7,6,6,0,5,1,3,7,5,4,6,5,1,8,8,8,4,9,4,4,9,3,5,8,5,2,7,6,8,1,6,1,7,3,4,1,4,1,9,8,6,0,4,1,2,8,6,1,4,0,9,1,7,1,5,6,3
37,6,6,5,5,2,7,8,5,7,2,2,3,5,8,1,2,8,5,1,6,5,4,7,4,1,1,8,7,6,4,3,6,0,7,2,1,0,4,7,9,6,6,4,1,2,5,4,1,7,7,3,4,2,6,8,1,5,2,5,8,7,1,0,7,2,7,1,4,5,5,9,1,3,9,9,7,1,3,4,9,6,8,5,3,3,6,7,8,3,6,1,7,1,2,3,3,5,5,2,3,9,0,6,6,5,8,1,4,1,7,2,6,5,8,8,6,1,2,5,5,8,5,4,7,5,1,2,2,0,9,5,1,2,7,3,3,5,8,6,9,7,2,3,1,6,8,3,2,8,9,3,6,0,6,7,4,1,8,4,6,9,8,7,4,1,8,7,6,1,3,8,3,2,8,4,2,5,7,8,6,3,5,3,4,5,2,1,5,4,1
38,5,8,5,6,5,8,7,0,9,3,1,2,8,4,7,3,6,9,6,0,3,4,3,5,5,4,1,5,2,6,5,7,2,0,5,8,2,0,6,2,3,7,7,7,2,7,0,3,1,6,2,2,8,3,6,4,9,4,2,8,4,4,5,4,6,1,6,6,3,7,0,1,2,2,5,9,3,1,6,2,7,8,8,1,8,8,7,2,4,7,4,2,4,3,3,6,1,5,5,4,1,9,1,4,4,7,3,0,4,1,4,4,7,8,7,5,1,3,1,5,3,5,9,1,3,7,3,5,1,1,7,7,2,6,6,2,7,4,6,9,4,6,0,4,6,8,4,1,2,1,2,7,3,0,2,4,6,1,3,0,0,4,8,1,7,7,1,3,7,5,9,3,2,4,4,8,8,8,6,7,4,3,8,6,9,5,6,0,9,3
39,3,6,4,4,5,4,1,2,1,1,8,2,1,8,8,0,2,7,5,8,1,6,6,1,6,9,3,4,5,4,8,2,6,4,1,8,4,5,0,8,3,7,7,3,8,8,1,3,7,1,6,6,3,3,5,0,8,5,9,8,2,4,8,9,0,0,5,8,5,1,3,9,4,4,9,2,7,8,4,2,8,4,4,6,3,5,9,8,7,7,3,3,8,6,8,4,4,8,7,4,2,8,3,5,3,1,4,9,5,2,3,2,1,7,8,1,3,3,9,8,3,1,7,7,5,3,2,1,1,6,1,5,6,1,9,2,6,1,7,6,7,7,9,5,0,6,0,1,3,5,9,3,9,4,8,2,2,4,2,4,9,3,1,2,4,2,6,0,8,4,8,3,6,9,1,7,6,4,1,2,8,9,2,9,6,6,6,3,6,7
40,8,8,4,8,8,4,7,7,3,6,1,1,6,4,5,3,3,6,3,2,5,7,5,8,7,1,9,7,3,6,6,5,0,7,8,3,3,5,5,0,1,1,2,5,2,5,5,6,9,6,6,1,8,9,3,8,4,7,5,9,8,7,1,9,2,5,2,8,6,2,9,3,9,7,7,5,3,6,0,4,6,2,5,0,0,5,3,5,2,9,1,8,6,1,5,4,3,8,8,8,3,7,3,3,0,6,7,4,5,3,5,0,5,9,8,8,8,7,2,5,3,9,2,2,6,1,8,6,3,4,5,2,4,0,8,0,1,1,2,5,7,2,1,5,2,9,8,3,0,4,3,5,2,6,2,1,0,7,6,3,8,2,1,3,4,3,2,4,6,2,5,5,1,1,2,3,8,4,0,3,5,4,7,5,2,8,9,6,8,7
41,6,1,4,8,5,6,8,1,8,3,8,7,7,8,5,5,7,1,1,5,5,2,8,8,3,5,1,2,7,3,5,1,3,5,4,7,6,7,1,5,0,1,5,8,2,0,5,4,7,0,3,7,8,9,7,5,8,6,6,2,8,7,2,1,6,9,4,2,1,1,2,8,3,3,3,4,7,3,1,6,3,3,7,3,8,8,5,2,4,3,3,9,8,6,4,1,1,1,6,4,4,3,9,7,8,7,8,7,1,8,5,0,8,6,0,8,7,8,8,3,7,5,9,6,2,2,1,0,5,8,9,6,8,1,7,8,7,3,6,7,3,9,9,2,6,4,5,8,8,0,7,4,6,0,5,6,7,3,6,4,0,3,3,6,5,7,6,3,0,2,7,5,4,0,7,1,5,2,2,9,9,2,9,2,3,2,2,7,5,5
42,4,1,7,0,6,4,3,4,3,0,4,8,4,3,0,7,6,0,9,4,7,8,1,2,3,3,7,3,2,2,6,3,3,2,2,1,4,4,5,8,9,0,3,3,7,8,1,3,7,5,4,4,0,4,1,5,3,6,3,3,4,7,5,5,2,2,8,9,8,8,1,4,1,4,8,6,7,6,1,4,3,0,0,5,7,4,4,9,3,3,8,7,6,1,0,1,7,4,4,6,7,1,3,4,8,4,6,3,1,3,8,7,5,1,8,1,7,7,6,1,5,5,1,1,6,9,9,9,5,8,2,5,2,3,1,1,4,7,6,4,8,6,1,6,0,8,7,9,2,8,7,3,1,5,3,7,3,8,2,0,5,1,3,8,0,0,1,8,2,9,3,5,2,7,1,8,8,8,5,7,4,6,3,8,6,2,4,8,7,1
43,5,7,4,4,4,5,7,8,8,6,4,2,7,9,4,9,7,9,3,8,1,5,3,4,9,5,8,3,6,8,7,3,6,2,7,2,3,4,8,7,3,3,0,8,4,7,8,1,8,3,5,2,7,8,7,4,5,7,7,5,4,7,8,4,6,2,2,4,8,4,8,3,3,9,9,8,8,6,7,4,3,8,4,8,4,1,6,7,6,9,9,1,6,8,4,5,2,4,6,6,1,8,6,3,8,7,1,8,2,7,9,3,2,4,2,9,0,1,9,8,3,7,4,3,3,1,1,7,8,4,3,8,5,2,7,7,9,8,6,8,1,7,8,0,7,2,1,1,3,9,0,5,5,2,1,9,1,1,4,2,5,9,8,8,7,3,4,0,1,7,1,6,1,6,4,8,6,5,6,7,2,0,8,4,3,8,8,4,3,4
44,6,5,4,6,1,1,2,0,7,4,3,2,1,1,5,5,6,0,2,6,7,5,5,3,8,3,7,5,7,6,1,4,9,7,8,4,3,4,3,4,8,4,5,0,9,8,9,4,7,3,4,3,5,0,8,3,8,9,2,2,5,4,5,5,3,5,1,7,1,2,1,2,6,6,4,6,3,9,3,6,7,1,1,4,1,4,3,6,3,1,6,4,7,4,7,0,6,0,1,4,6,3,1,7,6,8,9,1,1,8,4,4,4,8,0,4,5,8,9,1,1,1,6,1,1,4,5,8,6,9,4,9,4,6,1,7,4,3,0,4,1,7,6,5,8,6,8,1,8,1,9,1,1,3,3,1,6,6,6,4,2,0,0,3,4,7,1,6,1,3,6,5,9,8,1,9,1,5,8,3,1,1,7,2,9,7,3,4,2,7
45,8,2,6,9,9,1,8,0,5,1,2,0,0,7,2,6,9,0,1,5,1,6,5,5,0,1,3,7,9,5,8,5,1,2,2,5,6,5,3,5,2,2,1,5,0,1,3,1,3,7,2,2,5,8,8,7,3,7,8,6,3,8,3,2,1,2,2,5,4,5,4,6,6,6,7,3,1,6,6,7,1,5,4,0,6,9,2,8,2,4,1,6,0,8,2,7,1,7,3,8,4,5,4,6,5,4,5,1,1,4,8,8,9,8,8,6,8,4,1,4,0,3,8,7,1,0,2,5,8,5,5,6,8,1,5,8,1,0,2,0,3,5,2,5,2,7,3,8,4,3,7,8,2,7,2,1,5,7,9,4,3,7,8,6,3,3,4,3,6,4,1,2,7,3,1,8,8,5,2,5,3,1,2,7,4,2,6,7,7,2
46,9,3,4,6,7,4,8,5,0,1,2,7,2,4,3,1,4,2,9,4,8,7,7,1,8,4,3,6,0,2,6,1,1,0,7,7,7,4,4,2,8,6,8,2,1,0,4,6,8,7,3,2,6,8,2,9,3,9,6,7,4,2,1,8,6,4,3,8,9,8,5,9,1,6,7,6,3,4,2,5,6,8,4,5,1,4,8,5,6,4,3,1,1,3,2,6,4,3,8,9,1,1,3,3,3,8,8,8,2,1,6,5,2,6,6,3,4,0,3,8,0,3,0,3,6,3,4,2,8,5,1,8,1,2,4,5,2,1,8,7,1,1,2,6,2,4,9,2,3,8,8,6,8,8,6,3,6,2,6,2,1,4,1,4,1,2,1,9,1,5,9,2,3,1,6,8,5,6,7,1,2,0,2,3,8,7,6,9,5,9
47,1,3,7,3,6,8,0,1,1,8,3,4,4,3,5,5,8,0,8,1,9,1,9,6,8,6,2,9,7,1,8,6,6,5,4,4,5,8,3,3,3,4,7,7,5,3,0,6,8,8,5,7,7,1,9,4,3,7,6,1,5,5,4,3,2,1,4,7,5,1,1,3,5,7,5,5,2,6,3,0,1,1,5,1,1,1,7,8,4,4,6,3,9,2,1,8,4,8,7,7,1,9,8,8,7,5,5,8,7,0,2,2,2,7,7,6,6,2,1,6,3,3,4,2,0,0,3,4,1,7,6,5,6,5,7,6,6,0,4,6,3,2,6,4,5,4,8,5,5,2,6,0,4,0,2,9,4,7,6,7,0,0,5,2,5,1,9,4,8,0,1,4,6,3,8,6,3,6,0,5,4,5,4,6,7,8,1,2,6,1
48,2,8,0,9,5,5,2,1,7,9,7,5,1,4,6,2,1,5,2,1,2,2,4,2,8,2,7,1,0,8,2,0,4,7,4,4,3,9,4,1,5,7,1,1,3,2,0,0,8,3,2,5,1,2,1,3,4,7,8,0,4,6,7,7,2,2,8,5,0,0,8,7,2,5,7,4,6,3,2,1,5,2,7,7,4,5,6,1,6,2,3,9,6,4,2,4,9,7,1,5,7,6,6,3,4,0,4,2,7,1,2,3,4,0,7,4,5,6,8,4,7,7,4,6,2,2,7,8,4,7,0,4,6,8,8,6,1,0,0,9,7,1,2,7,1,9,3,7,3,5,1,4,2,5,5,8,0,6,8,3,4,6,1,1,7,0,6,1,6,8,4,1,8,5,4,7,3,8,7,3,1,1,8,5,8,1,1,4,0,7
49,5,2,0,5,8,4,4,3,8,8,3,1,3,5,2,8,5,4,1,1,1,7,1,3,2,2,2,0,3,9,7,4,6,2,3,5,5,7,2,0,3,1,6,4,6,1,3,1,0,8,1,5,2,0,0,8,9,7,7,5,1,1,1,4,3,8,9,8,8,1,7,6,0,2,4,7,5,8,7,1,8,7,6,2,6,8,0,3,5,5,7,4,8,5,4,2,1,0,6,4,3,6,1,5,2,3,2,5,1,4,2,3,2,5,8,2,5,7,7,3,5,6,9,5,6,2,6,8,7,6,2,8,5,6,2,3,3,3,8,6,4,4,3,4,5,2,4,4,8,8,2,1,4,7,1,1,4,4,7,3,5,2,2,2,5,1,9,6,6,8,5,5,6,5,3,5,9,3,5,9,9,7,6,7,4,8,1,0,9,6
50,8,3,4,4,1,5,4,7,8,3,2,6,7,5,2,9,1,7,2,5,4,6,0,7,7,0,7,5,1,1,1,2,7,2,0,5,0,7,4,5,0,6,5,6,7,6,6,6,4,0,5,7,7,7,8,3,9,0,8,5,3,4,4,4,2,8,4,4,5,4,5,7,0,3,7,7,7,3,5,1,7,5,6,8,1,5,7,5,8,2,6,0,5,1,9,7,4,8,3,7,2,2,8,4,0,0,9,4,4,2,3,1,7,8,6,5,0,5,4,6,7,4,4,5,7,2,3,0,8,6,3,5,3,8,6,1,1,3,8,6,6,2,5,7,9,4,1,4,5,5,1,4,0,7,0,2,5,8,3,8,7,1,9,4,2,0,3,4,4,0,2,3,5,9,4,4,9,3,9,5,4,5,1,1,8,8,3,6,7,0
51,5,6,4,6,7,2,2,1,0,4,0,0,2,3,3,7,1,7,7,4,7,1,4,0,7,7,3,6,2,9,5,9,7,7,3,2,8,6,9,3,8,4,5,1,6,1,7,6,6,2,0,4,1,6,1,9,3,1,1,3,2,4,7,3,8,2,2,5,2,7,6,7,8,5,6,7,1,6,2,1,7,5,1,7,3,7,6,1,2,0,6,6,8,0,0,3,1,3,2,1,4,4,3,1,7,4,1,6,2,8,9,8,7,6,8,1,2,7,1,5,9,8,3,7,6,2,3,7,6,3,0,1,7,3,6,2,1,0,9,2,6,7,0,4,4,4,6,0,5,3,4,8,0,1,3,2,8,3,3,6,3,2,4,1,4,2,4,6,5,7,4,3,4,4,6,0,7,3,5,4,8,3,1,0,1,3,9,8,7,8
52,2,0,8,8,1,9,8,7,6,1,6,3,0,5,7,0,0,1,1,2,8,3,1,1,4,2,0,3,8,2,2,8,7,9,3,8,7,3,5,8,4,0,6,6,2,4,9,4,7,7,1,0,1,7,5,2,4,0,8,4,2,4,5,1,3,3,7,3,1,4,1,4,2,1,7,6,4,3,1,8,1,4,1,3,8,9,6,3,5,4,6,6,6,5,7,5,8,2,9,4,7,1,8,8,1,5,6,7,2,8,5,1,2,3,8,6,7,3,6,6,7,4,5,6,1,1,4,8,5,1,2,9,8,2,8,7,7,9,6,0,9,2,5,1,8,6,5,3,5,0,8,7,5,3,9,3,5,2,8,3,2,6,8,1,7,3,5,8,8,8,0,8,7,4,7,2,3,5,1,5,6,2,2,5,6,3,2,2,2,9
53,9,5,2,2,9,5,0,3,0,4,2,3,7,4,5,2,9,8,7,6,9,0,1,9,6,0,1,3,2,4,3,1,7,8,2,3,1,5,5,5,1,2,5,1,2,4,8,1,4,1,1,7,0,7,7,2,4,6,8,4,8,4,6,5,5,5,5,6,0,9,5,3,7,8,2,6,2,1,8,4,6,2,3,2,6,7,8,6,8,8,0,6,7,3,5,8,1,9,0,2,6,8,3,7,5,8,2,6,4,7,4,7,5,9,8,5,7,2,1,7,9,1,6,5,2,7,2,3,7,7,7,8,5,1,9,2,2,5,4,2,7,8,3,6,3,5,8,8,3,8,6,8,8,6,1,6,2,8,4,9,2,4,2,9,3,3,3,6,7,8,4,3,7,0,4,2,7,2,3,4,2,5,8,3,9,8,5,4,0,2
54,8,0,6,5,2,5,2,1,8,5,7,4,8,3,6,8,4,5,8,9,1,4,0,8,4,6,8,1,2,8,1,7,7,5,3,8,5,9,3,4,5,9,1,7,7,7,7,1,4,5,2,1,7,0,6,1,5,5,8,5,8,6,7,6,2,7,5,9,1,2,5,6,6,0,1,4,7,1,6,6,1,3,3,4,9,0,3,7,1,3,2,8,6,1,8,7,6,4,8,6,2,2,5,5,4,9,2,7,3,2,8,8,5,8,6,1,6,8,7,6,1,2,5,4,2,8,4,2,2,1,8,0,4,2,6,4,7,1,6,1,1,1,4,2,4,7,4,3,0,0,5,4,8,4,3,8,4,4,5,5,1,4,2,6,5,4,1,6,4,1,2,8,8,9,4,1,3,9,9,4,7,0,1,8,2,4,1,8,9,6
55,5,2,9,0,5,2,7,4,0,4,5,4,9,7,7,4,3,7,2,7,5,2,6,4,6,9,3,1,6,3,5,1,8,6,1,4,8,5,7,3,8,1,3,8,5,9,6,4,4,4,4,8,1,6,0,4,9,1,5,4,9,7,2,8,8,8,7,2,3,0,8,4,7,1,4,1,5,4,7,5,7,1,2,1,3,5,5,9,8,9,7,4,0,1,3,5,7,2,8,8,3,6,4,5,5,2,8,1,7,6,1,1,3,1,8,7,8,0,6,2,4,1,5,1,6,7,7,3,9,2,8,1,2,7,3,3,5,7,6,1,1,1,6,4,4,0,6,5,3,3,3,4,1,3,7,2,1,4,9,1,7,0,9,6,9,5,5,5,1,4,0,5,9,4,5,6,1,1,7,9,7,8,3,8,4,1,7,6,1,7
56,2,3,3,3,1,8,8,6,8,5,8,5,0,2,4,4,3,2,7,3,6,3,0,3,8,5,2,5,6,2,7,2,3,6,2,6,3,1,1,7,8,1,4,3,7,7,3,2,6,4,8,5,4,5,1,0,5,6,7,1,6,3,1,7,3,5,3,2,2,8,1,2,4,2,9,6,6,6,7,1,4,4,2,7,1,7,0,3,3,7,1,1,4,6,6,1,1,2,4,7,9,2,9,6,7,0,1,3,7,3,4,0,5,6,8,3,4,0,6,2,6,5,3,7,3,3,2,5,4,4,2,3,7,7,8,3,5,7,1,8,4,9,7,3,2,7,5,2,5,2,5,8,5,4,2,7,4,6,9,2,3,6,7,1,4,3,3,4,5,2,5,0,6,2,2,1,8,6,6,6,8,5,7,1,1,2,3,2,1,7
57,6,8,8,4,9,5,9,6,2,1,0,6,4,6,5,5,8,8,0,5,5,2,1,6,6,0,4,6,2,1,5,9,2,2,3,3,3,5,2,4,7,0,3,0,4,4,3,6,2,1,3,2,0,5,2,0,0,1,8,8,5,8,3,2,5,6,3,4,4,4,6,4,9,3,6,7,1,5,3,4,3,8,9,0,5,4,4,5,7,7,8,1,3,2,4,5,8,8,0,7,9,9,8,3,6,4,4,8,7,7,4,5,4,2,4,8,7,2,7,7,1,5,4,6,9,5,5,6,2,8,4,9,3,7,8,6,2,5,1,7,0,7,4,9,3,8,1,0,2,5,3,6,9,1,2,6,5,6,3,0,0,5,8,7,5,2,4,8,2,9,1,1,6,1,5,1,3,1,1,4,8,6,8,8,7,2,3,8,7,3
58,6,8,5,7,0,6,7,9,4,6,4,5,5,0,0,0,7,0,1,5,5,5,4,4,7,3,8,8,7,5,6,7,1,2,7,8,8,7,6,8,1,9,9,5,1,1,6,3,4,4,6,1,3,4,6,4,6,0,7,9,5,4,4,7,3,5,8,8,0,3,9,9,9,4,3,8,2,2,5,3,8,3,1,1,2,5,3,2,3,5,5,4,9,7,6,4,2,6,7,0,1,8,1,5,6,0,7,7,2,8,7,6,3,1,7,1,9,4,5,4,4,0,7,8,7,7,6,4,3,4,1,6,6,5,7,2,0,5,8,5,1,1,2,1,1,8,2,1,3,2,0,0,8,8,3,9,7,1,0,7,7,6,6,3,3,7,3,5,2,4,7,3,4,6,8,2,1,4,6,7,8,5,8,1,1,4,7,2,0,8
59,5,4,1,4,7,1,7,0,4,1,4,2,3,5,4,4,9,1,5,1,2,5,8,6,6,7,8,8,3,8,6,6,8,8,3,6,5,6,8,1,2,8,3,9,5,7,4,8,8,4,3,9,7,2,0,1,0,8,0,7,6,7,6,7,2,1,7,3,4,5,1,3,1,2,6,5,4,6,4,5,3,9,6,6,1,9,5,8,3,1,7,4,9,5,4,2,8,6,3,2,1,8,8,1,8,6,2,6,8,6,5,6,5,4,7,1,9,8,4,2,7,8,8,3,1,0,8,5,8,7,6,5,8,5,8,4,7,6,7,0,0,6,0,3,3,3,8,9,1,2,7,6,8,6,1,3,7,3,1,7,8,3,1,2,5,5,7,3,5,8,8,6,5,8,5,7,2,3,7,5,7,6,1,2,2,3,2,9,4,9
60,8,6,6,2,3,8,2,4,1,0,3,3,9,5,7,3,5,2,8,1,1,8,1,4,3,8,6,9,5,8,5,2,1,2,2,4,8,8,8,2,8,6,6,3,9,3,9,3,4,8,9,5,7,4,1,2,5,2,6,0,6,5,4,2,9,1,8,4,4,3,3,4,2,9,7,1,4,5,5,6,2,2,6,0,1,5,6,7,4,2,5,8,7,6,8,0,0,8,7,6,5,8,1,8,7,8,4,1,1,5,8,8,5,3,0,2,7,7,4,5,5,3,3,4,5,3,6,7,4,3,7,5,2,6,8,2,5,4,3,7,3,7,1,5,8,4,6,3,7,3,7,3,4,1,6,6,2,8,4,5,0,4,1,8,2,1,9,7,2,0,4,5,7,6,5,7,0,3,5,6,7,8,4,5,2,7,1,1,7,3
61,5,8,5,5,6,5,6,3,7,3,1,6,8,6,6,8,2,9,3,6,2,7,8,9,7,3,8,8,5,8,5,8,4,4,5,3,9,0,2,1,8,0,7,9,3,4,5,5,6,3,6,0,5,8,9,4,2,3,5,2,0,4,5,7,3,0,8,1,1,1,3,0,4,1,9,6,6,1,4,3,0,1,7,3,4,6,4,5,6,1,1,1,4,1,9,3,4,2,6,7,3,9,1,2,5,2,6,1,3,0,5,6,3,3,6,7,5,4,1,6,7,1,2,3,4,8,7,0,2,8,8,5,5,6,6,6,8,9,5,1,6,2,3,5,5,9,0,4,5,7,5,2,7,4,4,6,8,8,4,5,3,9,6,5,6,8,3,0,4,8,0,2,6,7,6,3,0,8,2,8,1,3,2,2,6,8,5,5,6,9
62,8,9,7,6,0,7,3,8,1,3,8,4,4,4,3,8,3,7,8,9,4,9,1,7,8,2,1,4,8,3,8,7,8,8,6,0,4,4,8,6,8,6,1,2,6,5,1,1,4,7,6,3,1,5,4,0,9,3,5,2,5,0,4,2,3,5,5,9,3,2,8,3,5,8,6,7,9,7,3,8,4,5,8,3,2,1,3,3,2,3,7,7,5,8,4,2,9,3,5,4,8,1,2,3,6,2,2,0,7,8,0,1,6,9,6,2,4,5,0,1,8,7,9,7,5,9,4,3,7,7,9,0,4,6,2,0,6,8,7,8,5,3,7,9,5,8,8,9,1,1,6,8,9,6,6,3,3,0,7,0,2,8,1,1,6,3,3,6,6,4,8,4,2,4,4,3,6,5,5,4,3,4,2,1,1,5,9,1,2,8
63,2,8,5,7,0,6,2,2,7,3,2,5,4,5,9,2,8,8,3,8,1,1,4,3,0,2,5,9,6,1,4,8,0,5,4,5,0,2,3,4,2,4,6,1,1,6,3,1,5,4,1,3,5,5,3,7,9,9,3,1,2,5,0,8,8,8,8,5,3,3,3,6,2,3,8,1,8,9,2,8,7,1,1,5,6,9,0,0,8,4,6,2,5,8,1,8,0,6,8,2,0,4,2,4,0,0,5,9,2,4,7,1,2,3,8,0,6,6,8,0,1,5,9,1,9,4,3,6,4,8,7,3,5,3,4,3,1,7,2,8,8,5,8,4,8,7,1,3,4,6,6,3,7,5,8,4,5,8,0,7,7,4,1,4,7,2,8,4,5,9,6,8,1,7,1,8,7,7,6,6,1,9,7,5,6,7,6,6,0,0
64,4,5,7,3,3,1,9,3,1,8,8,0,7,6,3,3,3,2,3,6,1,3,7,6,1,1,5,6,1,4,0,7,3,6,4,7,2,4,8,4,9,3,5,4,1,5,6,2,7,6,8,4,8,0,8,8,4,3,5,9,1,3,9,0,6,5,3,1,4,0,4,7,4,9,4,1,2,5,6,6,4,6,6,7,9,6,5,1,1,0,7,7,2,8,5,2,6,4,6,4,1,0,2,1,4,4,4,9,6,4,8,0,0,9,6,1,1,8,8,2,9,6,4,4,4,0,2,7,5,8,7,1,2,0,4,2,1,4,5,2,6,4,5,4,2,1,1,5,6,2,1,4,8,3,6,1,1,5,6,3,3,0,8,2,9,3,0,3,4,4,5,3,9,3,2,6,7,0,0,9,4,2,4,7,1,1,7,2,5,7
65,4,9,1,6,2,9,1,3,0,2,7,1,4,3,9,8,1,1,3,8,5,8,8,4,7,2,5,7,3,3,1,2,5,5,8,7,2,8,7,0,4,2,6,9,4,4,5,2,3,3,3,6,1,2,9,1,6,7,4,7,1,4,6,5,0,8,6,1,0,8,9,5,2,2,2,5,5,4,8,9,4,5,6,1,4,1,7,1,4,6,8,6,3,6,4,2,0,1,7,2,9,2,8,7,4,0,6,0,7,9,0,1,6,2,4,1,1,8,4,8,4,1,3,7,6,3,3,7,4,0,8,3,1,4,6,1,7,9,5,5,1,7,5,3,4,2,7,6,2,2,3,4,9,7,2,3,5,3,7,2,5,6,6,4,5,4,1,5,0,2,3,8,4,0,5,5,5,3,3,4,2,8,7,5,0,7,9,3,2,4
66,0,3,9,1,8,6,4,7,2,7,9,7,8,3,6,8,9,2,7,6,7,2,0,8,3,4,5,3,7,8,6,1,9,5,1,6,1,5,9,3,2,3,1,5,1,3,5,6,8,3,0,8,2,1,4,2,0,6,8,8,5,5,8,1,8,0,2,3,5,4,7,1,3,3,7,3,4,2,4,8,5,4,7,3,3,9,3,5,3,4,6,4,3,8,6,2,5,6,2,5,3,8,5,2,6,2,1,4,2,2,7,6,1,6,4,2,4,1,5,6,1,1,2,0,2,6,2,3,8,7,5,6,7,8,4,9,7,1,8,3,6,5,9,2,3,7,2,3,4,5,0,3,2,2,3,7,2,3,6,9,4,3,2,7,3,1,6,1,4,3,8,7,0,2,6,3,4,1,3,8,6,8,3,2,3,5,5,5,0,8
67,9,3,2,1,0,7,0,6,7,2,1,0,5,8,5,4,7,3,6,0,8,0,5,1,5,8,8,3,1,4,1,4,1,1,4,1,3,7,2,4,1,0,6,3,7,8,6,7,8,5,7,4,3,5,7,3,4,5,8,0,3,1,4,6,2,8,0,2,5,8,8,7,8,7,2,4,2,2,2,4,8,7,3,1,6,3,3,7,5,9,6,3,4,0,7,7,4,5,7,1,6,1,4,7,7,1,3,0,3,1,5,2,2,4,8,3,6,2,7,8,7,9,0,3,9,2,5,8,2,5,9,2,0,5,5,2,0,0,4,1,4,6,8,1,8,0,6,7,4,9,5,6,5,6,0,1,4,1,2,3,4,7,6,7,5,4,7,4,3,8,4,7,1,1,1,1,3,3,2,8,5,6,0,8,9,8,2,7,1,8
68,1,4,6,2,0,8,2,3,7,5,4,5,9,5,3,2,1,8,6,4,7,3,5,7,5,8,8,8,4,2,8,7,4,7,2,3,3,9,0,7,9,2,1,9,3,2,9,3,5,8,5,2,8,4,9,6,5,7,2,3,9,6,8,8,4,4,3,0,2,8,0,5,7,1,4,3,3,8,4,7,8,6,4,1,4,2,6,9,1,8,4,7,5,0,2,4,4,2,1,3,4,5,2,1,6,8,5,3,5,6,8,9,0,0,8,7,8,5,4,2,9,1,9,5,2,0,2,9,9,2,8,6,5,5,1,8,0,2,8,1,9,4,5,8,8,5,2,4,8,4,6,6,3,2,7,7,1,3,4,3,2,6,1,1,3,5,3,9,2,9,2,5,4,9,7,8,7,6,4,1,7,4,0,2,8,1,6,7,1,1
69,7,8,5,2,1,0,1,8,1,2,4,1,8,4,3,3,6,0,1,5,9,6,7,8,0,3,5,7,6,6,5,1,3,9,4,8,1,8,2,2,6,8,8,4,3,7,0,7,6,8,9,8,6,2,1,9,4,6,3,6,2,2,7,2,6,8,7,7,0,8,4,2,2,6,9,1,4,9,6,2,1,8,4,6,6,9,8,1,6,5,7,3,2,8,4,3,7,1,0,4,5,5,1,3,3,0,4,8,3,3,4,3,9,0,8,6,9,5,0,7,6,8,2,4,1,3,4,7,7,5,8,9,2,3,8,3,8,2,6,2,4,0,1,1,3,8,3,5,3,1,2,3,5,3,8,8,0,4,4,5,3,8,5,2,6,3,4,4,6,3,1,7,1,1,3,4,1,6,8,2,2,7,0,8,4,6,9,5,1,3
70,8,2,3,8,2,5,9,0,7,2,0,3,5,4,6,5,6,3,6,4,5,7,8,3,3,8,7,4,7,8,4,7,6,3,4,4,7,6,1,4,1,5,1,2,0,9,4,1,7,1,8,8,3,3,3,6,0,2,4,3,9,5,8,5,4,2,8,3,4,0,6,7,3,8,5,7,4,6,5,3,6,4,4,4,6,3,8,8,2,7,5,0,7,5,1,4,7,6,5,2,8,7,1,8,1,8,0,1,1,4,8,8,1,7,1,4,5,8,4,9,6,9,3,3,7,5,4,3,4,7,4,2,4,8,4,3,3,6,4,2,6,2,4,9,5,0,4,9,4,9,1,9,1,3,5,4,0,1,2,3,2,7,4,8,7,8,4,4,3,7,6,2,1,0,1,5,6,8,1,6,5,3,8,1,8,5,9,4,3,4
71,8,0,8,2,7,7,7,9,4,4,4,4,1,2,2,7,6,7,4,5,2,4,3,5,0,1,0,2,9,1,0,8,6,8,7,0,4,2,6,1,7,6,1,4,8,4,1,8,6,8,1,6,5,8,5,1,6,4,4,0,5,1,4,3,5,6,7,7,0,3,0,0,9,0,4,4,4,0,7,8,8,4,5,2,3,0,0,1,2,4,7,4,6,7,6,5,2,0,0,8,8,8,5,4,3,3,6,6,1,3,7,2,8,0,5,8,6,6,9,3,7,3,6,9,4,8,2,8,0,7,1,1,6,8,7,3,3,7,9,2,7,6,3,1,6,0,4,2,8,5,7,4,3,4,1,6,8,8,3,1,9,2,5,2,1,7,1,7,7,7,2,9,0,0,5,0,5,1,1,2,5,1,3,3,2,1,6,7,8,7
72,5,3,9,7,7,3,6,5,9,0,3,3,6,2,7,7,2,7,2,1,3,5,7,3,6,5,3,1,8,7,6,4,9,0,2,3,9,7,7,0,6,3,1,6,8,2,7,7,2,8,2,8,5,7,4,2,0,2,1,5,2,6,7,3,7,2,3,4,5,7,7,0,9,5,4,2,1,4,3,5,1,8,1,1,3,8,1,6,9,5,6,1,8,0,9,7,3,1,8,3,2,7,6,4,6,5,1,2,1,8,3,7,3,2,8,5,4,2,9,4,7,1,4,4,8,8,7,6,6,7,7,5,2,6,5,5,4,8,8,4,1,8,6,8,0,3,7,2,1,3,6,1,3,9,3,5,8,6,3,5,4,1,6,1,7,1,9,7,2,7,3,7,6,2,4,6,8,7,2,2,9,1,3,7,0,6,1,5,7,0
73,4,5,2,8,7,5,8,6,8,3,7,7,2,7,7,7,7,5,5,3,2,0,1,1,7,7,4,2,0,2,1,8,3,8,6,8,1,4,3,6,1,5,9,1,0,4,6,6,8,0,9,6,7,4,4,2,3,0,3,6,1,2,0,5,3,8,5,9,6,7,7,1,0,2,8,6,2,5,5,6,6,0,4,4,5,3,4,5,3,2,8,8,9,3,5,3,3,6,6,5,3,7,6,3,2,7,1,9,7,6,8,6,0,5,4,8,3,2,1,9,4,8,7,6,7,5,2,2,6,7,9,4,7,9,8,5,2,2,7,8,4,4,1,6,6,6,9,6,2,7,6,0,5,2,2,4,2,4,6,8,4,1,0,2,8,3,3,6,1,4,0,9,6,3,6,4,6,1,1,8,8,1,3,5,9,8,2,9,5,7
74,5,1,6,5,8,6,2,7,5,4,7,3,2,0,4,6,4,4,8,6,4,6,4,5,4,0,3,6,1,9,1,2,4,6,1,7,3,2,8,1,5,7,3,7,8,4,3,5,2,8,9,3,1,8,6,7,7,6,2,1,9,4,6,0,8,1,2,3,4,6,6,8,2,0,8,1,1,5,1,4,2,4,4,2,8,9,2,6,6,3,4,8,2,5,5,8,8,6,4,9,2,9,0,4,5,3,8,1,7,5,9,5,2,7,9,1,5,8,8,3,1,5,6,3,4,3,2,8,8,6,5,7,5,5,8,2,7,6,2,8,4,6,7,2,5,3,2,7,5,1,3,5,1,4,6,5,5,6,4,7,9,5,8,4,4,5,6,4,7,4,1,7,4,2,1,5,3,8,6,5,6,0,1,1,5,4,3,9,5,8
75,1,4,4,7,8,0,8,8,4,8,5,6,3,3,8,5,5,2,7,2,6,6,3,1,0,7,6,4,8,3,4,8,2,7,9,1,3,0,3,4,8,9,4,5,4,5,3,5,5,5,8,1,4,3,5,8,1,4,1,3,6,0,9,2,5,3,0,5,5,6,6,7,7,3,0,4,7,4,4,4,1,4,5,1,5,7,9,3,4,2,8,2,6,5,2,8,6,0,5,9,6,8,8,8,1,6,5,2,6,3,7,2,9,4,4,6,5,2,1,8,4,5,1,3,7,4,6,5,5,1,0,6,2,5,4,2,2,5,5,7,3,7,8,7,5,2,8,2,7,2,1,5,0,8,4,6,3,2,3,4,8,8,4,7,1,3,6,2,1,8,5,3,2,1,3,0,9,5,8,6,5,4,0,3,1,6,7,7,9,3
76,4,3,2,2,1,5,2,8,3,6,1,3,8,5,8,6,5,3,2,5,3,1,4,8,6,4,4,4,5,9,7,8,0,4,8,3,7,1,5,8,7,8,7,7,4,7,1,4,5,8,5,8,7,1,5,7,9,8,3,9,5,8,4,6,1,8,3,3,3,7,9,1,3,5,4,0,1,2,2,5,3,7,1,5,8,7,3,8,5,8,2,5,1,7,9,4,7,5,3,8,4,8,3,5,1,7,6,6,9,3,3,3,6,4,3,7,6,6,0,8,9,2,6,0,8,1,8,3,6,3,6,7,7,2,8,9,8,4,0,6,2,9,8,1,5,0,0,4,1,4,7,2,6,5,4,3,3,9,5,0,2,1,5,5,1,6,3,5,1,9,4,2,3,1,9,7,2,1,5,7,7,6,7,6,8,7,3,5,5,6
77,2,7,7,8,8,4,3,5,8,3,4,6,9,6,9,5,3,6,5,7,2,4,9,3,8,1,4,7,8,8,3,7,5,9,8,0,2,1,6,7,8,6,2,4,6,1,1,6,1,8,3,5,3,5,4,0,6,3,4,3,5,3,3,7,8,8,4,6,8,6,4,4,4,9,8,6,0,4,0,5,4,1,1,4,9,4,5,2,1,6,0,3,3,6,3,7,4,8,8,0,3,9,0,0,7,2,3,0,4,1,6,6,6,1,0,6,6,4,4,4,8,3,7,6,0,5,1,0,0,1,5,3,4,1,4,2,8,1,3,7,9,1,8,2,7,9,2,5,6,9,2,8,0,8,9,8,7,8,5,5,9,3,5,3,4,5,1,7,5,8,7,0,8,1,4,8,2,6,5,6,7,4,4,2,2,1,5,7,3,8
78,1,7,2,9,3,6,5,8,1,5,0,2,1,2,5,2,3,5,5,7,6,2,4,1,7,6,1,7,3,4,2,9,7,4,3,6,7,8,1,4,0,7,5,8,3,1,6,5,7,7,1,8,6,5,3,6,1,4,5,6,2,2,6,1,8,6,2,7,7,9,3,6,2,6,8,3,7,0,1,2,4,2,9,1,6,1,8,8,5,2,4,0,2,1,7,0,3,1,0,6,3,4,2,1,1,0,0,1,2,8,4,6,2,5,1,3,3,8,2,3,3,5,8,8,6,2,5,6,2,1,5,1,7,2,4,4,4,6,1,6,3,4,5,3,2,3,5,6,4,0,4,5,2,3,3,3,7,3,7,1,8,3,3,1,1,3,2,2,3,6,2,2,2,1,5,0,2,9,0,6,9,1,2,3,3,6,4,8,6,3
79,9,5,5,2,1,3,7,2,7,9,9,6,4,3,4,1,1,1,4,6,7,1,8,6,4,5,1,4,7,2,0,7,4,1,5,2,1,4,3,5,6,2,6,5,1,6,6,5,4,1,5,3,7,4,6,3,8,5,3,5,9,6,8,6,9,1,6,2,7,4,7,4,2,1,5,3,6,5,0,5,6,8,2,7,3,6,6,0,1,1,3,8,4,6,2,7,8,0,4,6,3,5,3,4,5,6,8,2,0,6,8,4,1,3,1,5,2,7,3,4,4,1,8,8,8,1,1,7,7,8,5,8,2,6,3,7,8,5,6,9,3,2,5,2,2,7,1,9,4,4,3,6,8,1,6,2,8,8,2,3,6,4,4,7,7,4,1,7,6,6,9,4,0,7,9,2,5,8,1,1,1,7,0,8,1,5,2,3,7,2
80,5,3,9,4,1,6,7,5,6,6,6,1,7,7,5,0,1,6,7,1,2,1,0,6,6,7,5,6,0,4,4,9,2,3,8,6,8,6,8,6,8,6,2,9,8,8,1,4,2,5,5,6,5,5,8,5,7,4,3,6,2,4,6,0,6,5,2,7,3,9,8,0,9,4,1,5,3,3,4,0,0,6,5,2,1,4,7,7,4,0,3,7,8,1,7,5,9,2,5,6,1,7,6,4,2,5,5,0,6,8,9,7,1,7,5,1,2,2,4,0,4,3,4,2,1,1,3,7,4,2,2,0,0,7,7,3,2,5,5,3,6,9,3,2,9,5,1,1,3,8,5,7,1,6,0,7,6,7,2,0,6,6,0,8,2,7,3,7,4,7,3,6,4,7,4,4,8,6,6,1,4,2,3,1,1,1,9,3,2,0
81,3,2,8,8,0,5,0,8,0,4,3,5,5,5,7,1,2,6,1,3,8,2,8,2,5,4,8,5,1,8,4,4,6,0,5,6,5,1,3,8,3,5,7,2,4,7,8,8,8,3,2,3,6,3,2,0,0,4,8,5,8,2,7,3,1,1,1,5,2,4,4,5,5,1,3,5,1,2,6,3,0,6,2,7,0,8,1,8,6,6,0,1,2,7,5,8,3,6,8,7,4,7,4,3,4,9,1,6,1,5,9,3,2,6,2,8,7,4,4,5,1,9,8,3,2,8,4,8,1,7,2,8,6,7,1,2,2,1,7,1,6,7,2,7,7,9,4,2,4,4,1,2,2,7,8,6,2,7,8,5,1,1,3,4,8,8,8,1,7,7,1,7,7,0,8,6,1,6,3,8,3,8,8,4,2,7,1,7,3,8
82,3,4,8,7,7,4,3,4,4,4,1,6,4,7,5,1,4,8,9,8,7,9,5,6,0,5,7,3,1,0,7,0,7,3,8,7,6,4,1,3,1,1,1,4,6,7,4,7,6,8,6,4,9,5,8,9,1,4,2,3,3,4,3,1,1,3,8,5,2,7,3,1,3,5,0,2,4,2,4,7,3,0,1,7,6,7,6,8,4,5,5,9,5,7,5,6,9,6,1,2,3,1,2,2,6,6,6,8,6,1,1,5,2,7,8,3,8,7,4,5,7,2,6,9,8,7,1,6,8,7,8,8,7,7,7,8,8,3,6,1,5,4,7,1,2,8,0,5,3,2,2,0,7,8,4,8,8,2,8,1,0,7,2,5,3,6,6,5,3,4,4,6,3,9,5,7,7,2,2,8,2,4,8,8,5,7,5,3,7,1
83,6,5,5,5,2,6,4,6,2,9,7,5,6,5,0,3,8,0,0,9,1,4,2,0,4,1,7,7,4,9,5,7,3,0,2,7,0,4,5,3,5,1,4,7,1,4,4,2,4,8,3,2,5,3,6,8,8,8,2,2,3,9,6,1,0,3,6,8,5,5,3,2,1,2,1,5,7,2,8,0,7,6,0,0,5,5,4,6,9,4,1,1,3,3,5,9,9,5,7,4,3,4,4,1,6,9,1,3,5,1,3,2,7,6,8,3,8,8,8,5,3,5,6,4,1,3,6,2,5,2,5,0,6,3,9,2,5,3,2,3,4,2,4,3,7,9,6,3,3,2,8,0,2,1,9,0,5,1,6,8,7,8,1,6,8,7,6,5,1,7,6,8,8,4,1,2,3,0,1,6,5,3,4,5,8,6,8,9,1,4
84,0,7,9,3,2,2,3,4,8,0,6,2,2,6,1,5,8,1,4,0,7,5,3,3,9,7,8,5,3,8,0,9,9,3,2,9,2,6,1,7,0,8,7,6,4,7,2,4,2,8,4,9,2,4,3,6,5,2,8,8,0,6,3,5,6,1,7,8,8,6,1,6,3,9,9,7,1,3,0,5,5,3,2,0,2,5,7,1,2,3,3,3,4,5,3,0,6,2,5,4,1,2,5,7,6,8,0,8,7,6,2,1,5,5,1,2,1,6,0,5,8,2,7,3,1,0,6,0,1,6,7,6,8,5,3,7,1,7,5,0,6,4,9,4,5,2,3,9,3,8,6,9,8,2,0,9,1,3,6,8,9,7,2,9,3,8,8,7,6,5,8,4,0,8,6,3,4,5,8,6,1,3,3,3,4,6,8,3,5,7
85,3,2,4,2,2,5,7,0,1,3,4,5,9,2,5,6,8,3,6,6,5,2,3,3,3,4,2,5,4,4,6,8,3,6,4,1,8,6,7,4,1,8,8,1,1,3,8,9,1,8,7,5,7,6,4,6,8,0,5,1,5,6,8,1,9,4,4,0,4,5,6,5,8,3,7,7,7,6,6,5,5,8,3,6,0,5,4,1,8,6,2,1,8,4,2,4,4,9,2,4,1,5,6,1,2,5,7,4,7,7,8,1,7,7,1,9,8,9,4,1,8,8,5,3,4,9,6,4,8,6,0,7,7,1,9,3,4,5,8,0,4,1,3,7,7,4,3,7,4,2,8,4,3,4,3,7,4,7,8,2,0,0,1,2,4,1,5,9,7,6,7,3,8,8,9,7,7,2,7,2,8,2,3,3,2,7,2,2,9,3
86,5,6,4,3,1,9,2,7,6,6,3,2,0,9,2,1,0,3,2,8,8,6,3,4,8,8,3,4,8,2,8,4,2,4,4,7,7,7,0,2,1,5,4,2,3,8,9,3,8,5,7,9,1,1,5,0,6,2,8,5,7,9,1,8,3,6,9,1,8,2,1,7,2,1,2,6,1,8,7,5,2,3,3,0,5,0,0,5,9,5,1,3,5,4,2,4,3,7,0,6,7,7,0,3,8,4,4,3,8,3,7,8,1,8,6,9,2,9,6,8,8,7,8,1,6,4,6,5,7,5,7,8,6,6,1,4,1,1,2,2,7,3,7,3,6,7,2,6,8,6,8,7,4,6,1,3,5,6,2,1,0,1,2,3,6,6,5,9,4,8,0,3,3,3,5,5,7,4,4,8,7,0,5,1,3,9,1,1,2,4
87,1,7,1,3,9,8,5,5,8,5,0,4,1,5,1,4,9,8,5,1,8,5,4,1,5,5,8,5,4,9,4,2,8,4,6,7,1,6,4,7,9,8,4,8,9,1,6,7,7,7,5,7,6,3,8,7,6,1,3,2,1,7,0,5,6,5,3,0,5,6,5,6,1,6,6,3,1,2,9,4,3,7,7,4,6,8,0,2,0,5,2,3,8,3,7,5,6,4,2,3,0,1,8,4,8,9,5,0,1,3,3,5,4,5,6,0,5,2,4,3,7,3,0,1,7,2,1,5,2,6,0,9,6,3,3,2,4,4,3,5,6,5,1,9,1,7,8,2,5,2,7,2,2,3,8,8,2,3,3,2,3,6,3,5,6,2,2,0,6,4,4,4,4,1,4,2,2,6,1,3,8,1,4,8,2,5,4,6,8,5
88,7,2,8,9,7,8,4,4,4,9,9,1,1,3,4,8,8,5,5,2,6,5,8,3,9,5,3,9,7,0,1,1,8,3,6,0,5,2,4,8,8,6,6,4,6,0,7,9,4,7,7,6,3,3,5,3,2,3,0,1,0,2,5,1,5,4,6,1,3,4,4,8,3,0,7,7,3,3,9,0,2,3,3,7,3,0,1,0,2,2,4,6,5,4,1,4,3,8,7,7,2,4,0,2,5,3,5,9,5,1,8,9,5,6,3,7,1,7,4,8,4,2,8,6,2,8,2,1,1,4,7,1,4,7,3,7,3,7,7,3,6,6,4,3,6,4,1,1,9,7,8,6,9,6,6,5,9,4,2,6,2,3,3,1,8,3,9,2,3,1,6,3,0,4,2,1,5,2,6,2,0,2,8,8,3,9,0,5,3,2
89,4,1,8,9,6,3,8,0,8,2,4,4,5,7,6,5,2,5,1,1,8,7,4,3,8,8,6,7,7,6,1,4,5,7,6,0,6,4,4,1,8,5,5,3,8,8,0,3,8,7,6,4,5,3,3,2,1,5,5,8,3,7,1,7,4,2,6,4,4,0,4,5,2,0,2,1,0,5,9,1,2,2,0,1,1,4,8,8,0,4,8,4,7,4,6,4,8,8,4,2,0,8,8,5,7,6,4,1,2,6,9,4,2,8,5,4,5,5,5,5,1,4,5,8,1,5,2,0,0,1,7,4,9,6,8,9,5,8,4,6,6,4,2,8,5,1,3,0,1,4,6,5,2,5,1,6,8,1,6,3,2,1,6,7,0,4,5,7,5,6,6,9,6,0,4,5,6,4,3,8,6,3,6,6,8,5,8,5,2,5
90,8,2,4,3,6,5,4,3,5,7,2,9,7,5,4,8,8,5,2,3,7,2,4,3,0,3,8,0,2,2,6,4,8,2,2,0,7,1,5,7,8,9,7,2,5,8,5,3,4,4,4,9,5,6,2,4,8,6,9,3,2,7,4,3,5,1,9,7,5,5,7,1,1,7,5,6,1,6,6,5,6,1,2,3,8,0,4,6,5,0,3,3,3,0,3,7,2,2,7,9,8,7,7,5,8,9,6,2,4,3,5,8,5,8,9,2,5,4,7,4,2,2,5,0,8,4,4,1,6,3,9,2,5,4,5,4,7,2,5,2,9,3,4,3,5,2,1,2,6,8,2,3,8,6,7,7,7,4,0,5,1,1,0,8,0,2,2,6,6,5,4,5,2,4,4,6,7,1,5,4,9,2,3,8,4,1,9,6,1,3
91,5,2,8,6,4,5,4,8,6,6,5,2,9,5,4,8,5,7,2,2,0,5,3,5,3,0,3,0,7,5,5,2,6,1,3,6,6,5,7,3,6,5,5,3,1,8,7,8,1,8,3,2,3,9,4,8,3,9,8,8,3,4,8,6,6,2,4,5,2,0,6,0,2,4,8,0,5,3,7,2,2,5,6,8,6,9,9,1,8,5,0,3,7,4,2,8,8,4,3,4,7,7,3,3,7,5,8,5,3,2,0,4,0,4,1,6,9,1,3,4,4,9,3,3,3,1,3,3,3,2,7,1,1,8,4,9,1,8,8,6,1,3,3,8,8,4,6,3,3,0,1,5,2,3,8,5,7,2,1,7,8,3,1,6,6,8,3,2,1,1,4,5,8,4,5,6,2,6,4,6,1,8,6,4,6,4,2,4,2,7
92,7,8,2,5,0,5,6,0,6,0,3,2,8,8,3,6,5,2,3,5,0,3,5,3,4,4,4,1,8,6,2,3,2,1,4,6,3,7,9,6,4,1,5,0,5,1,1,2,4,3,5,6,6,0,4,6,1,7,2,1,3,2,6,4,6,0,5,2,1,8,9,2,2,2,7,5,9,5,3,2,5,3,1,6,0,8,7,9,4,5,4,0,3,7,2,8,1,4,9,5,3,5,3,3,7,7,2,4,8,0,3,6,7,4,8,6,1,9,8,5,0,7,0,7,7,7,1,2,4,3,4,8,4,6,7,8,6,7,4,3,3,3,9,0,1,1,6,1,4,5,8,8,0,5,8,9,6,1,4,1,3,4,0,1,0,3,7,3,9,7,6,3,3,3,0,3,0,3,8,1,5,0,9,9,3,7,3,6,0,2
93,7,1,4,4,3,4,1,9,1,4,8,5,2,4,0,4,1,9,4,1,8,6,8,9,2,5,4,3,4,6,8,0,2,0,4,2,6,2,8,3,5,0,6,6,6,3,3,1,5,3,2,2,3,5,3,5,8,1,2,7,4,0,2,7,5,0,4,6,5,6,0,5,8,9,0,5,6,2,6,7,5,5,7,8,9,3,7,5,7,6,1,1,0,4,2,7,1,1,0,3,7,7,2,8,3,7,1,8,7,7,2,8,5,4,3,7,7,6,5,7,4,4,7,7,8,9,7,5,9,4,3,2,7,7,4,8,5,3,7,8,3,3,4,5,9,7,8,2,2,7,5,2,2,8,8,8,3,7,6,2,2,7,3,7,3,5,6,7,7,6,6,2,2,2,7,2,8,5,3,2,5,5,5,8,6,5,4,8,7,8
94,6,4,6,7,6,9,5,7,6,8,3,8,3,3,5,7,3,7,3,6,2,6,6,8,5,1,7,1,2,1,1,7,6,2,0,5,4,8,3,7,2,8,9,3,8,2,9,6,2,5,5,5,8,9,0,6,1,5,9,7,4,8,9,4,5,7,6,7,2,2,3,4,3,3,9,4,8,1,7,4,6,2,9,2,1,9,2,4,1,8,4,5,5,0,4,4,7,3,2,6,5,0,7,7,4,8,5,5,2,3,8,7,5,1,2,9,6,3,3,3,5,9,1,1,1,4,6,4,8,0,1,1,4,4,4,7,7,3,7,2,5,9,7,4,2,3,7,3,7,5,0,3,1,6,4,4,2,7,6,7,1,0,9,4,4,7,6,1,6,0,2,4,5,0,8,3,0,1,4,7,7,6,2,4,8,2,4,8,3,2
95,9,8,2,1,0,2,7,7,1,6,1,2,1,5,2,2,2,0,6,2,9,8,9,0,6,6,4,5,9,1,3,4,4,3,4,5,8,3,5,2,3,3,8,0,8,7,4,1,7,6,4,9,8,5,1,1,5,4,0,5,1,7,8,0,3,5,4,8,8,1,1,0,0,6,5,1,1,3,6,2,2,3,8,4,9,9,5,8,1,5,5,1,6,2,0,6,1,5,6,4,1,0,6,7,3,3,5,4,4,8,0,3,1,1,6,8,8,8,6,9,6,2,5,3,2,5,1,7,2,2,2,0,7,5,6,0,2,8,1,9,4,1,5,6,1,2,2,8,0,2,8,8,7,8,9,8,8,8,8,3,6,1,4,0,1,6,4,9,5,6,6,5,0,7,8,3,2,1,9,2,8,5,0,4,6,4,7,3,8,6
96,8,8,3,4,0,8,8,2,6,4,0,7,8,2,2,4,2,4,4,3,2,5,7,8,2,6,7,2,9,1,2,3,6,7,6,2,8,6,5,2,5,8,8,6,3,0,2,4,4,8,3,4,9,6,8,7,1,6,0,3,6,6,2,8,6,7,3,4,3,4,1,0,2,5,1,1,9,8,5,5,8,1,4,5,8,7,7,9,5,1,2,1,7,7,5,0,6,5,3,1,8,5,2,9,5,7,1,1,6,2,8,6,6,6,3,1,2,1,5,7,4,7,2,2,2,3,7,5,2,3,4,8,7,8,9,3,4,5,2,2,7,5,2,8,6,5,4,6,4,4,2,3,1,4,5,2,2,5,6,7,5,4,8,9,3,0,0,6,6,3,0,6,2,5,3,1,7,6,6,1,1,8,0,8,3,6,8,0,0,3
97,5,8,2,3,5,4,2,9,8,1,3,3,4,3,3,9,6,8,8,4,5,5,9,7,1,7,3,1,3,4,3,6,2,2,7,2,1,8,1,8,1,6,3,1,2,7,2,7,5,8,0,8,4,7,5,3,9,7,3,8,1,4,6,3,1,3,6,2,4,5,7,4,7,1,3,9,2,6,3,7,7,4,5,1,1,3,1,5,4,0,7,1,7,7,2,5,0,2,1,4,1,2,0,8,0,1,3,5,6,6,5,3,4,8,8,5,2,5,6,3,2,1,5,1,1,7,3,8,5,2,4,8,7,7,4,3,3,6,8,1,9,9,7,6,5,5,1,9,7,6,4,7,2,2,6,3,6,6,8,0,8,1,8,3,1,1,4,4,0,3,5,7,4,4,3,1,0,0,1,7,8,7,2,3,4,7,1,1,1,6
98,5,6,6,9,4,0,9,7,6,9,7,4,6,7,5,8,4,1,4,5,3,8,6,1,5,0,7,4,2,4,6,6,7,1,5,8,7,5,0,4,7,7,6,7,3,4,0,3,0,3,7,5,9,9,5,7,0,2,4,1,9,9,6,1,3,3,6,5,1,7,9,1,2,3,1,7,2,4,2,3,5,8,3,7,5,9,4,6,2,7,2,9,4,7,2,9,7,0,9,5,1,0,7,3,4,7,7,5,9,3,3,2,2,8,6,2,9,4,3,1,7,4,1,1,7,7,6,8,0,6,6,0,2,6,8,1,4,0,7,5,5,0,4,3,4,4,7,1,3,5,6,3,3,4,8,5,3,3,2,1,6,3,2,2,3,6,4,6,6,0,0,5,8,3,0,5,9,4,6,0,3,7,4,6,2,6,8,7,1,6
99,1,4,4,7,1,4,1,5,8,8,4,1,1,2,4,7,3,9,2,2,7,9,3,8,3,3,3,2,5,3,8,1,6,1,6,4,6,1,6,2,3,6,3,7,1,8,3,8,5,4,5,7,2,0,7,6,7,2,3,5,5,4,2,5,6,2,3,0,5,5,4,9,8,5,9,7,7,2,2,7,0,6,1,3,0,6,2,0,8,7,3,8,8,5,1,5,7,2,0,6,8,8,4,8,6,8,3,6,4,1,5,2,1,6,1,9,7,0,8,6,4,8,8,6,6,2,5,8,8,3,2,4,5,2,4,8,8,5,8,2,5,5,7,4,9,5,6,7,9,6,2,2,4,3,6,1,2,6,4,2,6,6,6,6,3,2,8,2,5,0,7,1,1,6,9,5,6,4,3,0,3,2,5,0,3,0,4,0,1,9
100,3,5,5,6,6,0,3,3,1,9,5,4,8,5,6,7,1,1,3,1,9,6,4,2,7,6,7,9,1,0,4,7,8,7,0,2,4,2,2,7,3,2,8,3,7,6,1,1,5,4,6,6,8,4,2,5,3,5,8,5,8,7,6,4,2,4,5,5,5,4,4,3,5,6,6,8,3,7,8,3,5,1,6,1,4,6,4,3,9,5,8,3,1,8,9,3,6,8,0,0,6,4,5,3,7,8,2,3,1,6,5,5,2,4,0,4,0,8,9,1,5,1,5,3,2,3,6,2,2,8,9,5,3,0,6,0,7,2,2,5,6,1,3,9,6,0,1,5,2,1,8,6,5,5,6,8,9,0,6,2,7,7,6,6,3,4,6,7,4,2,9,8,6,2,3,7,9,4,0,7,2,5,8,2,1,9,7,7,5,4
101,1,2,8,5,0,1,1,4,0,3,1,5,4,7,4,2,7,4,7,9,5,2,2,4,2,4,4,6,5,2,1,1,1,6,3,4,0,4,8,6,6,8,0,8,8,2,2,9,6,0,4,5,5,3,6,5,4,4,9,0,7,5,0,1,6,8,0,4,4,3,2,6,6,1,6,7,1,9,4,4,0,4,2,3,7,4,2,3,8,3,4,3,4,3,6,2,6,8,2,2,0,5,0,8,2,3,1,5,6,6,8,5,4,9,4,5,2,6,1,0,1,2,0,4,4,7,1,5,8,1,3,0,8,4,1,9,3,4,4,0,5,7,9,2,8,7,6,3,2,1,4,5,8,2,3,1,8,7,5,3,2,3,1,2,7,1,7,4,0,8,2,3,7,6,8,3,1,7,0,1,2,6,8,1,3,3,7,2,5,3
102,1,6,8,6,5,9,4,5,0,7,8,9,2,9,3,1,7,2,7,6,0,7,6,7,6,5,3,1,5,0,8,3,5,1,8,3,4,1,3,4,0,0,3,1,5,3,7,1,1,8,3,1,9,2,4,0,5,2,1,3,6,3,7,2,5,9,2,0,1,7,1,4,0,6,4,0,4,6,9,3,5,1,1,4,4,1,5,7,4,5,8,9,7,9,2,7,9,1,5,1,1,0,8,1,6,5,3,7,4,6,9,0,4,5,8,8,8,9,1,3,1,4,6,8,5,4,3,8,5,1,3,7,8,4,7,2,2,8,3,7,4,7,6,6,3,3,7,4,8,9,6,8,8,9,0,2,4,7,4,3,8,4,6,4,3,8,4,3,3,3,1,3,4,6,2,8,2,1,4,2,1,8,2,6,7,4,7,2,2,2
103,7,9,3,6,6,5,4,7,6,1,2,8,7,7,4,2,2,1,2,1,1,1,0,4,0,4,7,5,4,4,1,1,2,7,5,0,3,8,3,9,5,1,4,2,2,7,7,2,0,1,2,0,3,7,5,4,4,1,2,6,9,6,6,3,2,4,9,5,8,7,4,4,0,8,1,1,6,5,2,6,1,1,8,3,9,8,7,8,4,1,8,8,3,4,5,7,0,7,3,2,9,1,0,8,9,4,7,0,5,0,6,2,5,2,2,8,5,6,3,5,6,7,8,8,5,2,4,4,5,0,6,8,2,2,7,8,9,3,1,8,7,2,5,8,6,7,7,1,7,0,4,2,6,4,8,7,4,2,7,6,1,2,4,5,0,9,7,9,6,2,9,1,6,1,4,5,8,5,2,2,4,8,7,1,7,9,6,4,7,8
104,4,3,7,2,4,0,8,8,8,3,1,5,6,2,2,1,5,5,5,6,8,5,6,9,1,7,3,3,9,3,2,6,2,3,5,9,1,7,7,1,5,9,1,5,2,8,7,5,9,9,7,1,3,8,5,0,2,2,0,7,4,6,2,7,8,3,9,4,5,2,8,8,3,1,7,5,6,2,8,0,7,3,5,4,1,4,0,3,0,8,7,6,6,1,0,5,4,4,5,6,4,1,2,0,7,6,7,4,1,2,2,7,6,6,2,2,2,3,2,0,4,2,6,2,4,1,3,4,3,8,6,2,5,5,9,6,3,7,4,1,6,5,7,7,4,6,2,4,5,6,1,4,7,6,5,7,7,1,2,6,5,4,2,6,2,1,7,2,9,3,6,0,6,5,5,0,6,6,8,0,9,1,6,4,8,6,8,2,6,5
105,7,1,8,7,8,4,7,3,4,1,9,7,1,5,2,1,0,6,1,5,2,9,4,0,5,4,9,6,0,6,2,3,0,8,6,3,8,6,3,0,5,3,6,2,3,6,2,1,2,1,9,3,1,4,5,5,1,0,6,6,3,3,7,4,0,4,6,7,0,2,5,8,7,2,0,6,1,6,9,7,7,8,7,0,0,6,9,1,9,2,7,6,4,2,2,3,4,3,9,5,6,8,1,2,0,4,3,2,7,5,1,0,6,9,4,6,4,9,4,5,8,5,6,0,1,9,8,2,8,1,4,4,8,3,5,0,8,9,2,3,7,9,2,5,3,5,6,4,4,1,6,8,4,4,7,6,2,6,7,1,7,7,1,8,2,4,8,3,9,7,3,7,3,1,1,1,1,8,4,2,0,9,6,8,8,0,1,4,6,2
106,6,4,1,8,0,3,3,0,1,2,0,6,2,1,6,8,6,2,0,2,5,7,6,2,3,8,1,4,2,6,6,4,9,8,1,6,3,4,5,3,3,0,2,3,6,9,4,4,8,2,8,4,0,5,8,3,6,0,8,5,6,4,2,4,8,4,6,5,7,1,7,8,9,4,6,6,4,9,2,9,7,5,2,3,8,6,3,8,3,4,7,7,8,4,3,6,0,6,2,8,9,9,1,5,6,0,9,4,1,2,7,8,9,6,8,3,4,6,5,1,6,3,5,8,1,1,1,5,4,5,1,1,2,8,4,3,1,8,6,8,3,8,0,7,7,6,7,2,6,3,6,4,6,8,0,2,6,6,9,2,7,8,7,4,6,3,7,1,3,3,1,9,7,8,3,2,5,2,4,8,9,5,6,0,4,7,9,1,8,1
107,6,6,8,5,0,4,1,9,4,8,1,6,0,8,6,7,4,6,2,6,5,7,6,3,2,4,5,0,8,2,2,5,5,7,5,3,9,3,1,0,3,2,3,6,2,5,1,7,5,1,4,4,5,5,8,3,2,8,3,8,3,2,5,6,1,3,3,1,1,8,3,8,5,5,7,5,7,4,5,4,5,1,1,6,2,6,1,4,6,9,1,3,7,3,5,7,8,3,0,2,2,3,9,1,7,4,0,6,6,5,3,9,5,7,5,1,7,3,4,7,6,5,4,8,6,2,8,4,1,4,0,4,4,6,6,1,4,6,7,7,9,4,8,0,2,2,1,7,2,5,7,5,4,7,2,4,8,1,1,1,4,1,2,4,8,6,7,5,2,3,8,4,7,8,1,4,7,8,5,7,5,8,5,8,1,4,4,4,5,4
108,6,9,7,3,0,1,5,2,2,1,3,3,8,3,3,4,4,6,7,2,5,6,1,4,3,2,9,5,1,3,4,7,3,8,3,7,5,8,2,8,8,5,1,2,4,1,9,5,3,1,6,2,1,5,3,8,6,2,6,3,8,8,4,2,7,3,1,5,5,5,1,8,4,9,5,0,5,0,3,6,6,3,8,8,5,8,6,8,7,6,6,9,5,5,4,8,5,4,8,3,5,6,9,8,4,7,7,0,5,8,0,8,1,7,5,8,2,4,7,6,4,1,7,1,3,7,1,5,8,8,7,8,0,6,8,4,0,4,3,4,3,8,5,1,4,9,9,0,3,3,4,7,4,1,3,5,6,7,4,3,3,2,9,3,5,3,3,4,8,3,6,2,4,3,5,1,8,9,4,5,8,3,8,6,7,6,5,2,9,8
109,9,6,4,1,3,6,8,0,5,7,3,6,0,3,7,1,6,4,5,7,4,2,7,9,6,5,7,8,4,5,4,1,1,2,3,5,7,2,7,2,3,2,2,1,3,1,8,7,1,9,6,4,2,9,7,6,3,3,5,9,6,1,6,1,7,4,4,0,6,4,8,5,0,5,8,6,8,7,1,5,4,8,0,9,6,1,1,6,0,7,4,5,1,0,5,5,7,8,4,3,1,5,1,6,5,4,8,8,0,4,3,8,9,2,0,8,2,1,1,6,9,1,5,1,9,8,3,6,5,5,7,5,1,2,2,6,2,3,2,2,0,0,8,2,1,0,6,8,3,6,6,2,4,6,7,8,7,8,2,7,2,8,6,8,4,4,0,8,7,6,7,4,8,7,5,1,4,7,5,0,1,6,1,0,1,4,8,4,6,7
110,0,7,4,7,3,9,1,1,5,2,3,3,8,2,4,5,1,1,6,4,7,6,5,3,2,6,6,8,4,7,1,1,7,2,8,4,5,3,3,3,5,3,8,5,1,8,8,5,1,2,1,9,4,2,5,1,3,5,2,4,4,2,6,1,0,2,2,2,0,6,6,1,0,6,3,6,0,1,7,1,5,8,3,2,1,2,3,6,6,5,2,1,3,6,5,8,4,8,8,4,7,8,1,6,5,9,1,3,5,0,6,3,5,3,4,0,0,6,8,1,4,7,3,6,2,6,3,3,6,7,2,1,9,6,4,8,6,6,5,0,2,4,5,7,5,1,9,1,4,5,6,5,9,4,6,7,4,2,5,7,5,3,0,7,8,9,8,4,1,4,1,8,6,2,4,6,2,7,0,1,3,4,6,7,7,5,3,7,3,6
111,9,5,0,3,4,6,7,5,6,0,3,1,2,8,7,1,6,1,3,1,7,8,0,8,4,5,4,6,7,4,6,9,3,3,8,5,8,6,3,2,7,3,6,7,7,2,3,6,2,2,1,5,1,6,4,7,3,8,6,9,6,1,4,3,8,3,3,3,3,0,4,8,7,1,8,2,6,3,7,4,9,4,6,4,8,4,5,4,1,3,4,7,7,2,7,4,2,6,2,4,1,7,6,5,8,8,8,2,4,3,0,8,4,3,2,5,1,8,4,8,1,1,4,1,3,3,5,7,2,0,7,1,8,4,9,2,9,5,5,2,3,1,8,6,6,5,4,1,9,1,1,0,3,4,7,5,8,1,2,6,7,3,2,2,6,3,1,1,3,1,5,5,5,1,7,5,1,9,1,9,6,4,8,9,5,6,8,6,1,9
112,6,5,2,2,7,4,8,5,7,8,5,6,9,4,2,3,1,6,3,1,1,4,7,7,8,4,8,6,7,5,2,6,1,2,1,4,7,1,2,3,0,4,8,4,1,9,7,5,8,2,9,8,5,6,4,6,9,9,6,1,1,8,0,6,5,7,7,7,0,6,9,2,1,2,2,1,4,2,5,4,2,8,9,8,6,5,3,3,9,5,5,3,1,1,5,6,7,3,4,5,8,5,1,3,5,2,9,9,1,3,3,0,4,2,5,1,5,0,5,4,9,6,0,4,2,3,2,5,6,1,8,2,3,4,1,4,8,6,3,3,8,5,4,3,9,7,4,3,0,4,1,1,2,6,8,6,1,4,5,1,7,1,7,7,5,0,7,4,6,0,6,6,1,4,7,7,7,6,8,1,6,2,2,9,5,9,2,5,3,4
113,7,5,7,7,0,2,5,0,8,3,8,5,2,1,9,5,5,6,5,0,2,1,8,5,1,2,9,7,5,8,0,7,8,3,1,1,6,9,3,1,8,3,1,2,8,6,5,5,9,5,9,2,6,2,3,3,6,4,4,7,4,3,6,5,0,6,2,7,1,8,2,4,8,2,4,6,0,3,6,6,5,2,5,3,8,6,4,2,1,8,3,5,8,7,1,0,5,2,3,4,7,3,6,7,3,2,6,5,6,4,3,5,0,1,4,3,1,3,7,6,4,2,0,8,7,3,6,3,7,5,6,1,5,7,3,5,5,1,4,9,2,6,0,5,8,5,0,3,7,2,5,2,3,5,4,8,7,7,2,7,8,6,7,8,4,1,5,5,5,7,5,2,4,7,3,8,2,8,8,8,1,8,4,6,2,8,2,3,1,8
114,4,3,3,8,6,0,4,2,5,5,2,4,1,5,7,0,7,4,5,3,0,8,8,6,5,2,6,7,2,1,1,1,2,0,6,6,6,1,7,6,0,9,5,4,3,5,1,2,8,5,8,1,1,8,6,4,8,5,0,2,6,6,1,7,1,9,2,2,1,4,4,4,0,1,8,4,8,4,4,9,1,3,6,2,3,7,6,8,2,7,2,4,0,9,7,5,5,4,4,5,6,8,4,0,4,1,5,1,7,4,4,6,7,0,8,7,5,1,2,7,6,2,8,7,6,8,3,3,4,7,8,0,4,9,5,8,4,3,3,3,1,4,2,6,1,4,7,4,8,5,6,4,9,7,0,8,7,6,7,3,4,4,4,1,5,6,5,9,5,7,8,2,0,6,9,3,3,3,6,6,9,5,2,3,3,7,7,1,2,8
115,5,5,1,6,2,8,5,8,6,5,4,5,6,7,8,3,4,6,2,2,3,8,0,3,3,2,3,2,7,4,9,6,8,5,2,8,5,4,5,4,5,2,1,4,1,8,0,7,6,0,0,5,4,3,4,8,4,5,3,7,2,3,9,3,1,2,3,3,1,9,2,8,2,1,7,8,2,4,6,3,2,1,6,1,4,6,8,6,2,4,8,8,2,1,0,5,8,6,6,1,6,4,2,8,7,5,6,6,6,7,7,9,8,7,0,4,4,2,1,1,5,4,7,7,7,9,9,8,1,4,5,4,6,3,8,5,4,7,1,5,3,4,6,0,2,5,3,4,0,5,5,2,4,6,5,0,4,3,7,1,6,2,3,0,8,6,3,7,8,7,4,2,3,1,7,7,8,9,8,8,1,5,6,6,3,5,3,8,3,3
116,0,0,2,7,3,1,4,3,3,8,1,8,4,2,8,5,1,4,6,1,6,4,3,4,8,2,1,1,5,8,6,2,1,5,7,8,3,0,3,8,9,7,4,5,8,8,3,2,7,2,8,8,8,6,5,0,4,6,9,4,5,5,6,0,3,4,8,7,7,7,4,2,5,3,5,3,7,1,1,9,1,7,5,4,3,3,9,6,3,8,5,9,6,2,5,4,6,9,6,7,4,5,0,2,2,2,3,6,9,1,3,2,6,3,5,0,1,3,7,1,9,2,2,1,4,6,5,3,1,1,9,4,3,4,2,5,1,1,2,5,9,4,5,4,8,3,1,4,8,1,8,6,1,3,2,8,2,2,8,2,5,1,3,7,8,6,8,1,3,8,6,4,8,4,4,2,3,8,1,3,6,6,7,4,1,8,6,1,6,5
117,7,2,6,8,2,1,0,6,7,1,3,7,8,7,2,8,4,9,5,6,6,4,9,5,8,5,8,0,7,7,8,7,2,3,4,4,7,9,7,3,3,5,6,3,5,5,5,4,2,3,5,3,2,8,8,5,4,3,2,2,1,6,5,7,0,8,1,1,4,1,1,1,6,6,8,1,6,6,6,8,1,5,4,5,4,4,6,1,8,2,3,4,1,0,7,4,9,1,0,3,2,5,5,8,3,3,7,5,6,2,9,1,2,4,2,5,0,4,7,4,5,5,6,4,8,0,5,7,2,3,2,7,7,1,6,6,0,9,2,1,4,6,6,3,5,3,8,3,4,2,1,8,3,8,2,6,8,2,8,5,3,4,8,6,7,7,4,3,1,2,4,7,4,8,2,7,5,5,4,5,8,8,7,3,5,6,1,0,0,2
118,2,5,7,4,4,2,6,4,7,4,8,2,1,1,3,4,2,8,7,5,6,0,7,5,6,4,1,5,1,2,5,3,2,5,2,6,8,7,4,9,3,3,8,1,7,3,3,1,1,1,2,2,7,8,5,3,1,5,4,1,3,6,6,4,2,6,1,0,1,3,6,5,1,2,2,6,4,1,5,3,0,6,0,2,4,7,8,3,5,8,3,5,0,2,6,6,8,8,7,3,4,1,1,5,3,4,8,3,6,4,7,8,6,5,6,9,1,0,1,4,2,6,4,9,4,9,0,0,8,4,3,6,6,4,6,8,2,8,8,7,7,8,0,6,4,6,7,1,7,5,6,6,7,1,6,8,5,3,2,1,6,3,6,8,2,6,6,0,8,7,9,3,4,9,1,5,8,0,9,7,8,3,7,0,9,2,0,5,7,1
119,7,4,8,7,8,4,0,4,2,7,6,2,7,0,9,3,3,6,7,6,2,5,6,1,4,5,5,8,4,9,5,1,0,3,2,9,2,8,3,2,1,8,2,8,0,3,4,5,6,5,8,0,1,8,5,4,7,5,6,4,5,1,8,1,4,2,3,3,4,2,8,4,7,6,1,9,4,7,6,6,8,4,8,1,5,9,4,5,2,7,2,9,5,0,7,5,2,3,8,9,2,2,6,1,1,1,3,5,7,2,8,5,4,4,3,3,3,8,0,3,1,7,0,9,9,9,6,5,8,8,2,8,0,4,3,3,6,7,5,5,8,7,1,2,5,6,6,1,4,2,0,5,1,6,3,8,2,2,6,6,7,1,4,9,2,8,2,8,1,3,8,5,6,2,1,8,4,4,9,8,5,4,3,6,4,3,9,4,2,9
120,6,5,7,1,0,8,8,2,5,2,1,6,4,7,6,8,8,1,3,6,3,1,2,6,3,5,3,4,0,3,5,1,3,3,1,8,3,8,7,8,4,4,4,6,3,7,8,5,9,2,3,3,3,5,3,5,5,2,8,1,5,6,6,4,6,8,8,4,5,1,7,4,6,8,1,4,1,8,7,1,3,9,0,5,8,0,6,3,5,6,6,7,4,0,8,7,8,9,8,4,2,1,6,4,1,0,2,1,9,3,2,5,7,9,1,8,1,6,4,0,3,7,5,6,1,4,2,4,3,0,2,4,9,7,7,6,1,1,5,4,5,8,2,3,2,5,7,3,4,8,5,0,4,5,1,5,6,1,4,4,6,0,2,6,5,8,7,8,8,4,7,7,5,1,3,1,0,6,5,6,9,4,0,1,6,8,8,2,4,7
121,7,8,5,1,2,3,7,2,1,3,3,6,6,5,0,1,4,3,8,8,5,0,3,4,9,9,1,5,4,8,1,9,7,8,4,6,5,3,4,9,5,2,3,1,4,5,0,2,5,6,6,3,0,0,3,4,7,1,1,3,7,4,4,4,1,8,8,5,2,2,8,4,4,5,5,3,7,6,6,8,2,4,5,0,7,1,1,0,7,6,6,1,3,1,7,6,3,0,3,4,7,1,5,6,7,8,9,9,2,6,0,0,8,2,9,6,1,2,0,4,0,2,5,7,6,6,2,5,8,4,8,4,7,7,2,8,1,1,0,3,8,5,6,1,1,8,8,4,6,1,4,0,5,4,8,3,2,1,1,8,8,3,8,6,3,6,2,4,5,8,0,2,3,1,0,2,9,9,2,5,1,0,8,3,6,6,6,9,1,6
122,2,0,7,7,2,3,0,5,8,3,5,9,5,4,7,1,5,7,1,1,6,4,4,3,7,8,6,8,5,2,1,6,7,7,6,6,8,6,6,6,4,3,2,7,4,8,6,6,1,3,3,1,7,7,5,2,2,1,0,2,7,7,6,9,5,7,5,1,7,0,3,6,8,6,6,3,4,4,6,6,1,4,6,8,3,4,0,8,0,8,7,0,1,6,8,4,6,9,2,9,9,2,7,2,3,3,4,0,3,9,3,9,9,7,2,3,6,6,4,0,3,0,0,4,4,4,1,9,0,6,4,5,0,5,4,1,9,3,1,3,8,3,2,3,5,6,7,3,8,3,0,2,5,4,3,3,9,7,4,5,7,4,8,3,5,8,2,4,6,6,7,5,6,1,7,4,8,9,4,9,9,9,2,5,9,1,1,8,1,6
123,1,6,4,1,1,2,2,5,9,2,8,3,1,4,1,0,9,5,5,8,8,2,5,7,7,5,2,6,5,2,7,7,2,8,5,1,2,6,4,8,1,4,2,7,4,7,3,3,7,4,3,7,4,1,4,1,1,8,8,2,6,8,3,7,4,7,1,5,3,1,7,4,2,4,3,3,6,5,3,2,5,8,5,8,8,0,1,7,0,3,9,7,8,1,3,5,8,1,7,8,8,0,5,1,3,4,2,7,9,1,1,0,7,2,5,3,7,2,0,2,2,5,0,7,3,2,8,9,7,1,3,6,2,8,4,6,8,8,6,6,0,5,3,2,1,4,4,7,9,1,7,3,0,6,2,3,3,3,3,8,8,6,2,7,2,2,5,1,1,2,3,9,2,1,6,3,5,8,4,2,6,6,3,0,3,6,8,4,1,3
124,1,7,2,0,5,7,7,6,8,9,5,1,2,2,4,6,9,7,5,3,7,4,3,8,9,2,9,3,1,2,1,2,9,7,1,7,3,5,7,7,3,3,3,3,1,4,6,7,2,7,3,5,8,2,9,6,5,7,5,8,8,7,4,6,2,9,8,3,5,0,3,4,3,7,6,5,3,0,6,2,0,2,3,3,2,7,3,4,4,6,0,1,7,6,7,3,9,1,3,1,0,5,9,1,8,1,4,9,4,7,7,7,4,4,9,7,0,2,1,7,9,2,3,0,3,3,3,8,3,9,6,5,3,9,2,8,1,4,4,9,2,2,4,8,7,9,8,1,4,6,7,2,8,8,6,2,7,4,3,2,2,1,3,5,3,5,8,8,1,1,3,2,7,3,7,4,7,8,3,5,2,8,4,8,2,7,8,6,4,8
125,4,4,9,6,2,4,5,6,6,0,8,3,9,3,1,5,6,9,6,2,7,8,1,3,5,8,6,3,8,7,6,7,7,8,4,1,1,6,8,7,2,9,1,1,8,2,5,3,8,5,9,1,8,9,9,1,0,4,4,5,7,1,8,2,7,6,8,9,4,1,3,4,8,9,1,7,2,5,2,6,4,2,3,2,2,7,6,4,5,2,3,7,8,4,0,2,7,4,2,3,6,6,2,1,8,3,2,6,6,4,6,6,0,7,3,0,1,9,2,2,6,2,8,7,0,1,9,4,7,2,7,4,6,4,3,1,6,6,7,1,8,7,6,9,5,6,8,6,6,7,3,8,2,2,4,5,2,4,3,6,5,2,8,4,4,0,6,4,6,3,1,6,6,5,3,4,1,9,2,5,7,9,7,6,2,3,4,0,6,9
126,7,2,3,3,9,1,3,5,1,8,5,7,7,6,5,6,8,8,5,3,2,1,3,8,2,6,3,8,6,9,5,1,6,4,6,6,6,3,5,5,2,4,4,1,5,6,6,3,0,5,2,6,3,2,3,5,4,3,4,4,5,3,9,5,4,4,8,5,0,0,6,0,2,2,8,4,4,4,4,2,4,1,2,2,4,7,6,3,2,3,6,5,6,6,2,6,4,8,6,2,8,4,6,7,7,2,1,5,9,7,1,2,2,5,5,5,2,1,0,0,7,8,7,8,3,0,3,3,5,1,4,9,2,4,9,6,7,8,2,3,4,4,2,7,3,6,3,2,3,8,1,0,1,8,0,1,5,2,8,6,7,3,0,2,3,4,8,9,2,2,0,0,6,8,8,1,2,5,5,6,8,7,4,4,1,8,4,8,6,5
127,4,3,6,5,2,4,2,8,7,7,5,3,5,6,6,6,3,2,1,8,6,6,8,7,1,4,7,9,4,9,1,8,2,9,0,4,4,7,7,0,9,9,0,2,1,4,7,4,2,7,9,3,4,7,3,9,6,0,2,2,6,0,7,7,1,1,6,6,9,6,4,2,6,1,8,7,8,4,9,9,1,6,4,4,9,6,2,8,6,8,1,0,4,0,8,6,2,6,1,9,7,5,3,6,8,6,6,5,5,2,6,5,2,1,9,1,0,7,1,2,5,1,8,1,0,2,0,4,1,3,2,3,4,4,8,6,5,5,8,1,4,1,1,6,6,8,7,6,5,1,2,0,7,2,0,4,0,3,9,5,7,6,6,2,2,2,8,0,5,6,4,4,7,7,8,9,4,6,3,3,0,4,1,4,4,5,7,1,8,0
128,2,6,2,4,1,0,2,2,4,0,7,1,5,6,4,4,8,9,7,8,4,7,7,7,7,2,7,3,1,4,4,5,5,0,9,5,2,7,1,9,2,4,8,6,5,4,3,9,2,6,7,7,4,5,6,1,4,8,6,0,6,6,0,6,1,2,3,1,3,6,1,4,8,6,4,3,4,5,8,1,6,6,3,8,4,1,1,8,9,4,7,4,5,7,1,5,3,2,9,2,5,5,6,2,3,2,9,1,7,3,7,6,2,5,1,1,7,4,7,4,2,4,8,1,4,4,6,0,3,7,7,2,0,5,4,4,7,3,3,7,4,1,7,7,2,5,5,8,3,0,9,4,4,7,5,7,1,3,6,5,5,1,9,8,9,4,7,5,6,3,2,8,2,8,5,7,4,8,2,4,3,4,9,6,3,7,2,5,5,2
129,6,1,2,1,7,9,2,6,2,8,9,4,1,1,7,9,5,3,1,1,2,7,5,1,8,5,8,7,1,0,3,7,8,8,8,9,6,7,3,9,0,1,5,7,7,4,0,1,1,8,3,3,1,8,9,7,2,8,4,7,4,9,7,6,8,6,6,2,8,1,1,1,2,7,6,2,4,8,4,4,1,2,3,5,3,6,1,1,4,5,2,2,2,2,6,8,7,5,3,9,5,4,2,6,6,7,1,3,4,4,5,7,3,5,8,5,6,7,7,0,8,7,3,0,6,6,8,6,0,8,6,4,8,7,8,2,5,2,0,1,3,3,8,4,2,7,7,3,7,8,5,7,9,3,3,2,5,6,4,5,8,4,3,8,9,3,1,7,8,4,9,2,8,1,4,3,8,4,3,1,3,5,2,3,1,2,2,1,4,2
130,2,5,9,5,8,0,3,1,9,6,7,8,4,5,0,6,5,6,3,1,2,6,1,2,4,3,2,4,9,3,4,3,5,1,6,2,5,1,1,2,7,7,5,4,9,4,3,4,5,6,8,8,5,1,2,9,6,3,1,3,7,0,6,2,4,5,8,1,9,4,4,1,9,7,2,6,3,4,6,2,7,1,1,8,4,2,3,2,3,3,2,6,5,6,8,1,3,7,3,1,7,7,0,0,1,3,2,8,0,1,5,7,4,1,8,1,8,7,8,6,9,2,4,8,0,7,5,2,2,0,8,5,6,3,7,5,9,6,7,7,6,0,6,5,5,6,7,4,4,3,4,6,6,4,8,5,7,7,4,1,1,3,1,2,4,6,2,7,4,7,6,8,7,0,4,2,1,6,8,7,7,2,8,8,4,1,9,8,1,8
131,5,5,7,6,3,6,6,3,8,4,4,7,7,1,2,1,1,3,1,2,7,4,7,4,7,5,1,2,1,3,6,7,8,5,6,5,1,9,1,2,3,6,6,6,0,6,4,6,2,1,5,1,7,3,2,4,3,4,1,8,0,7,5,9,5,4,0,4,7,6,1,8,9,3,5,8,7,9,5,7,1,9,7,1,4,9,3,7,2,5,0,8,7,2,9,8,2,7,8,8,2,4,9,4,4,2,2,8,0,5,1,2,7,9,3,6,8,3,6,5,5,4,3,4,5,1,4,2,8,1,0,0,9,1,3,1,7,2,1,7,4,4,1,0,6,5,9,1,0,2,6,3,3,9,9,6,2,8,3,3,5,2,6,6,8,3,6,1,4,7,8,9,4,5,2,1,7,2,9,5,5,3,6,0,6,8,4,7,1,6
132,1,5,6,1,0,0,8,6,5,3,5,5,6,4,4,5,2,8,3,7,1,2,6,1,2,3,7,4,1,5,3,4,4,8,6,2,3,1,8,2,4,8,4,6,3,3,7,1,7,0,9,4,8,3,3,4,6,0,8,7,8,3,3,8,7,4,9,7,8,7,3,6,5,8,7,0,7,6,5,1,7,5,5,2,6,7,5,4,3,8,4,2,7,6,7,2,5,0,4,4,0,1,3,5,7,0,5,5,8,7,6,5,6,1,6,2,9,0,8,6,8,3,1,1,5,1,8,8,6,4,2,0,0,3,8,8,4,3,8,4,6,7,3,2,8,1,2,3,6,7,7,8,3,8,3,5,1,2,4,9,4,1,1,1,6,4,8,5,5,1,5,9,6,3,4,7,1,1,1,1,5,8,5,3,6,7,1,6,4,6
133,9,9,6,4,6,6,2,7,1,1,1,8,1,9,1,3,4,2,7,2,8,8,9,5,4,4,3,6,5,7,8,6,7,3,7,1,0,1,9,4,3,0,2,6,7,8,8,4,8,7,4,5,4,8,5,1,2,6,6,1,2,3,8,4,6,8,4,7,0,7,7,6,9,0,4,5,9,2,1,3,1,4,0,5,8,6,6,3,6,5,3,4,4,4,9,3,2,8,9,6,9,0,1,5,7,1,7,8,3,0,7,0,2,7,2,2,3,3,8,7,7,8,1,6,5,3,5,7,4,3,8,9,0,7,3,7,1,3,7,0,8,0,7,7,7,7,9,5,7,2,3,5,4,3,7,3,0,6,5,4,6,2,2,9,2,7,6,2,4,1,2,1,0,9,6,2,7,9,6,5,4,5,8,9,2,6,3,5,6,1
134,2,4,7,7,6,4,1,2,3,9,4,3,1,4,1,5,3,6,8,2,8,0,8,9,4,2,6,5,8,6,1,4,7,8,7,3,2,2,0,8,6,5,7,1,5,7,5,2,8,6,4,1,9,5,2,8,0,5,1,6,8,8,6,4,9,8,6,2,6,4,8,1,6,1,4,6,7,8,5,7,9,8,2,9,2,7,7,8,4,0,4,1,2,8,7,9,2,5,6,6,1,7,3,6,2,1,4,3,5,3,6,7,5,7,8,7,5,2,7,5,9,6,6,6,3,1,6,1,4,2,2,5,4,0,4,3,2,0,1,3,7,0,4,8,5,6,1,3,2,5,0,2,2,8,8,4,0,0,3,7,7,3,3,5,1,1,0,4,3,2,6,1,9,5,4,3,1,4,4,8,8,6,9,4,6,6,2,1,1,8
135,4,4,9,4,8,1,4,7,3,8,8,3,9,5,8,6,7,0,5,1,1,2,2,2,7,5,8,8,7,0,2,2,2,1,3,6,3,3,3,4,2,9,7,0,8,1,6,4,4,4,3,6,1,8,4,6,1,8,1,6,4,3,3,5,2,2,4,0,8,3,5,6,0,0,7,2,3,7,6,9,8,1,5,3,9,4,1,3,2,9,3,9,8,9,9,8,3,3,8,4,3,3,2,2,8,5,6,6,7,4,7,5,0,5,6,3,5,9,5,1,4,4,2,7,4,5,5,3,4,2,7,1,1,7,0,7,6,7,1,2,2,7,2,7,9,7,3,7,2,3,6,3,8,0,6,2,9,0,7,4,1,4,6,3,5,7,6,2,6,0,3,5,7,8,2,0,5,2,8,8,1,7,1,7,7,8,0,7,9,4
136,5,6,4,7,4,2,4,9,8,3,7,7,7,5,1,1,4,6,2,2,8,9,0,6,3,7,6,2,4,6,2,9,4,5,6,8,9,7,0,7,9,2,8,4,9,4,1,9,8,7,3,4,6,0,2,8,2,8,3,5,5,5,5,2,6,4,8,1,1,6,7,0,3,7,5,7,1,7,1,5,8,5,4,1,2,4,0,4,2,2,1,4,7,3,4,8,3,2,3,4,3,1,8,2,5,8,1,9,4,2,4,2,2,1,1,2,2,2,4,3,5,5,1,6,8,2,6,4,7,7,8,1,0,6,6,0,7,4,3,2,9,7,3,0,8,8,8,4,0,3,2,5,3,2,5,1,2,1,5,8,5,4,2,1,0,0,1,0,1,8,6,2,7,5,2,8,4,5,2,2,6,4,6,1,3,5,3,7,4,4
137,4,1,3,1,2,2,6,5,7,4,3,6,4,4,7,6,1,4,2,4,4,6,6,4,6,1,2,3,7,4,2,3,4,2,3,3,4,7,5,4,7,4,0,3,7,1,3,7,2,8,8,7,5,6,7,4,6,5,4,7,5,1,4,3,3,2,5,6,0,7,5,4,1,7,0,5,9,3,4,3,6,6,3,3,4,9,5,1,4,7,4,6,7,4,1,5,9,2,6,5,5,1,9,2,8,7,6,0,6,9,7,5,4,8,0,5,0,9,7,6,3,4,3,8,6,6,4,9,5,1,3,7,3,7,5,5,0,3,6,8,3,2,3,6,4,2,4,9,7,7,8,9,6,1,9,3,1,0,5,5,2,1,2,3,3,8,3,3,9,2,5,1,4,2,3,2,5,3,3,4,9,2,4,6,4,2,5,4,4,8
138,7,4,5,4,6,7,7,2,5,2,5,3,5,3,2,5,3,4,3,5,5,7,0,0,3,9,7,8,5,6,4,1,4,4,4,5,6,8,4,5,9,1,6,5,3,4,1,2,6,5,7,3,1,1,2,1,6,1,3,4,4,5,7,4,7,6,9,5,2,2,7,7,8,5,5,8,7,2,4,2,6,8,1,5,7,7,1,4,3,3,4,0,5,2,6,3,6,5,3,4,4,3,5,8,6,2,4,2,8,3,9,6,4,4,8,3,7,4,1,4,3,4,6,0,2,5,1,7,6,9,9,1,3,5,0,4,9,0,8,3,2,2,5,3,4,6,9,3,4,8,5,5,1,5,6,3,6,2,3,8,5,0,2,4,0,2,7,5,4,6,7,2,9,4,4,5,3,8,5,5,3,2,5,9,2,1,4,0,2,2
139,8,6,4,3,1,6,8,5,1,5,6,8,1,5,5,5,5,1,8,5,3,6,6,5,3,1,9,7,8,2,8,2,9,7,6,5,6,4,4,0,1,3,2,8,7,3,0,2,9,7,1,8,2,4,7,7,1,7,2,1,3,5,2,6,3,7,5,7,4,5,1,5,6,7,8,7,5,9,0,1,5,5,1,2,4,4,1,8,8,3,6,7,3,1,9,5,3,4,2,8,9,3,8,1,3,8,1,2,1,3,7,7,3,3,5,3,3,3,4,1,5,3,2,1,3,5,8,6,2,8,0,0,1,1,3,3,7,1,0,3,1,6,8,8,7,3,7,3,8,8,1,6,7,6,4,6,3,6,6,4,9,3,6,6,9,0,4,2,7,4,0,4,5,5,5,2,3,4,8,6,8,9,7,4,2,6,6,4,0,8
140,8,8,8,1,5,0,7,8,9,2,8,6,2,5,7,8,1,2,4,5,5,5,6,5,6,9,6,1,5,2,9,5,6,5,3,7,8,5,5,3,6,6,0,5,5,2,4,5,7,2,8,9,3,1,4,7,1,4,7,1,4,1,3,1,3,6,8,8,7,4,8,0,2,8,8,7,1,7,3,7,2,8,9,8,6,2,4,8,1,2,2,0,8,2,5,2,3,7,5,4,1,5,5,3,3,5,8,4,2,1,5,7,6,8,5,3,7,1,3,6,8,4,1,6,4,5,0,4,4,2,6,6,6,5,8,3,1,8,6,0,9,3,5,9,5,5,8,6,8,2,7,0,8,6,5,0,5,2,8,5,6,7,7,1,4,4,8,3,2,4,4,2,7,9,2,1,4,3,6,4,7,7,1,6,5,4,1,8,1,3
141,7,1,5,5,2,3,5,7,5,5,1,7,8,5,4,4,5,6,6,2,3,2,7,1,7,0,8,3,3,7,7,0,3,5,5,1,8,7,7,7,6,8,1,2,2,8,4,2,5,2,7,8,6,3,4,2,6,1,2,5,5,8,7,4,7,9,3,3,5,3,9,7,3,8,5,1,5,6,7,2,5,8,9,4,4,1,4,2,7,8,2,1,2,0,4,3,8,0,5,8,4,9,8,8,4,6,0,3,2,7,1,2,5,9,1,9,6,8,2,4,4,1,5,4,8,4,6,4,1,9,9,0,1,4,6,2,4,4,3,0,0,3,9,7,8,5,5,3,8,9,6,6,7,8,1,6,9,4,9,7,7,5,8,7,2,4,5,6,8,6,6,7,9,0,4,0,9,0,2,6,5,2,0,5,7,7,8,7,6,8
142,6,5,7,1,3,2,4,8,4,4,7,0,9,1,5,6,5,5,3,2,7,9,4,4,1,9,1,2,2,1,5,6,8,7,0,8,6,1,6,8,7,6,7,5,7,3,8,8,8,5,8,8,8,3,4,3,0,8,4,6,4,3,8,4,8,5,2,2,5,6,4,4,1,7,7,5,2,3,5,1,4,8,5,8,2,7,2,4,7,8,8,8,7,7,8,4,9,5,9,9,8,2,3,6,4,5,1,8,2,0,5,4,7,9,2,7,2,4,3,3,2,7,7,2,5,3,4,1,5,8,1,2,2,2,1,7,7,7,8,8,8,0,1,7,9,6,6,2,6,2,1,7,4,3,1,2,6,7,0,3,8,8,7,2,9,6,4,8,3,6,1,3,3,1,6,3,8,2,1,6,5,4,2,3,9,6,1,6,0,9
143,8,8,2,1,7,8,3,7,3,1,0,7,4,2,3,2,1,3,6,7,2,5,7,2,9,6,5,8,1,6,3,2,6,0,7,4,6,1,4,8,4,9,7,7,2,0,2,2,5,5,9,6,2,4,0,5,0,7,2,5,6,1,2,7,3,1,2,5,2,1,4,6,8,6,3,7,7,6,9,7,2,8,3,2,7,7,3,7,2,6,2,2,1,4,8,9,2,6,3,5,2,8,2,2,4,1,1,6,3,3,3,7,1,0,8,2,6,5,3,0,4,3,7,1,7,2,4,8,5,6,5,8,8,4,4,2,6,1,8,3,9,4,0,3,4,3,2,7,0,6,8,4,2,8,1,3,6,7,6,3,9,7,6,5,0,5,4,4,4,6,3,6,4,8,9,2,1,5,3,6,1,8,5,8,6,6,1,4,3,6
144,1,8,0,3,3,9,6,2,4,3,8,4,1,2,8,5,3,7,2,2,7,8,9,7,2,3,2,4,6,4,1,4,1,7,2,2,9,7,6,3,0,6,2,5,5,3,7,3,7,0,2,5,9,3,5,4,8,3,6,8,7,8,5,8,7,5,1,1,8,6,6,6,3,4,7,2,1,3,8,2,3,5,2,5,3,7,2,9,5,7,2,8,2,8,4,5,3,1,1,5,2,4,8,6,5,9,3,7,8,5,1,1,0,4,6,4,1,7,7,9,7,1,6,6,5,6,7,8,0,7,8,0,7,5,6,8,7,7,4,9,4,1,8,0,7,2,1,5,3,8,2,4,7,5,5,1,8,1,4,4,3,5,4,8,7,8,9,6,8,8,0,0,1,9,1,0,5,7,8,3,2,5,8,2,3,6,4,4,3,3
145,4,4,6,5,2,9,2,1,8,7,6,0,5,5,0,3,6,9,3,1,3,7,0,0,8,1,6,5,3,5,0,3,8,3,9,0,3,6,3,3,1,9,2,8,1,6,5,2,0,7,4,2,1,7,8,5,6,2,3,4,9,2,9,0,6,9,2,6,2,3,7,3,9,4,3,5,6,1,2,2,2,5,1,7,1,6,5,0,6,5,1,1,4,2,2,3,3,7,6,3,4,8,8,8,8,8,8,4,4,0,2,7,4,0,7,4,6,7,1,6,1,3,1,1,6,0,2,1,1,9,4,9,6,4,3,8,9,6,2,8,7,8,7,8,0,4,6,3,7,5,0,3,5,2,5,9,1,1,1,1,4,4,8,2,0,8,3,5,5,7,1,6,3,6,0,5,7,3,3,3,3,6,8,6,1,7,6,6,3,5
146,7,8,8,3,7,1,3,9,3,1,4,6,3,5,1,4,5,7,2,4,6,2,2,0,5,3,8,5,1,6,8,2,2,2,3,4,6,3,9,0,4,6,4,4,6,6,0,2,4,6,5,1,9,7,1,7,4,6,8,8,4,2,1,7,2,8,5,5,8,4,9,1,7,1,1,5,0,7,0,7,2,3,5,1,7,5,2,5,7,6,0,5,5,2,1,7,3,6,3,4,7,3,1,6,1,7,2,3,3,1,5,3,3,4,3,4,5,2,3,0,2,6,2,3,3,1,5,6,8,4,0,7,4,0,5,1,2,3,7,2,4,5,7,3,2,0,7,6,1,2,2,3,6,1,1,6,8,0,2,2,4,0,4,7,0,1,4,8,6,4,9,3,5,7,9,3,7,3,3,4,7,7,5,9,4,4,6,1,0,3
147,4,1,1,7,0,2,9,5,1,1,5,6,2,1,7,4,5,5,8,8,8,2,1,7,6,0,1,9,5,1,7,8,5,8,8,0,7,6,4,1,5,9,3,9,2,4,7,3,7,2,6,7,3,8,8,4,6,4,4,0,2,4,8,7,8,2,5,6,9,8,9,3,7,1,7,9,7,5,0,4,4,7,7,8,0,6,9,3,3,0,8,0,2,2,3,2,3,8,0,7,6,2,7,5,2,7,8,6,2,8,5,3,3,2,6,4,4,6,8,6,7,7,7,3,1,2,3,3,6,4,4,4,5,9,9,7,1,0,6,7,3,1,3,3,0,3,0,4,7,6,6,9,3,2,8,6,3,5,6,5,6,9,1,1,4,6,4,2,4,7,2,0,7,3,6,7,5,5,7,8,6,6,1,5,8,0,0,1,4,8
148,0,8,2,1,6,8,0,3,9,1,4,4,3,6,8,6,7,5,6,4,0,2,8,1,0,5,1,1,2,5,4,8,1,0,0,4,6,6,1,5,3,4,7,3,6,2,4,7,4,9,2,0,8,1,1,8,0,8,7,0,7,3,4,6,3,6,2,0,3,1,9,1,8,9,4,8,0,4,8,2,2,5,4,9,8,2,7,2,2,7,6,4,5,3,4,4,9,1,2,1,2,8,2,1,8,1,4,5,8,3,5,7,2,8,1,4,8,2,4,5,8,7,4,9,9,3,2,3,2,4,7,2,4,4,5,5,4,8,2,2,5,1,3,8,0,6,8,0,6,1,0,1,3,8,2,7,6,2,2,3,0,6,2,3,3,2,2,4,6,3,0,7,2,6,2,6,6,7,1,8,7,4,6,4,1,5,1,1,1,6
149,4,2,2,6,4,8,2,2,0,9,2,5,9,4,3,1,2,3,3,0,4,1,9,1,6,3,2,6,5,0,3,4,1,0,9,5,3,8,6,8,9,0,8,2,4,7,6,6,7,1,8,1,2,8,1,4,6,0,0,5,3,3,7,5,2,7,3,7,0,5,0,1,4,3,2,5,5,4,1,7,5,8,7,4,2,6,8,1,2,3,5,3,3,5,2,9,6,3,6,8,7,5,5,9,4,7,3,5,8,7,4,4,5,1,5,3,5,6,4,3,6,3,4,6,3,9,4,9,8,7,3,3,2,4,6,8,8,2,8,8,5,7,6,3,2,6,1,1,0,2,4,3,6,9,9,6,2,7,5,6,9,3,9,7,7,9,4,0,7,2,6,9,1,1,4,3,6,0,8,4,1,5,5,0,9,6,1,4,3,8
150,8,3,5,4,6,1,9,2,2,7,6,2,4,7,6,6,3,8,1,0,2,4,3,2,7,3,2,1,1,2,3,9,6,6,8,5,3,9,2,9,6,0,4,4,6,4,8,0,4,1,3,8,6,9,6,5,8,8,2,7,3,9,3,3,9,8,4,2,6,6,2,8,9,3,4,3,6,5,8,1,8,6,7,4,7,0,7,1,6,3,5,7,8,8,5,5,4,8,0,7,8,1,5,2,7,1,8,4,2,7,1,8,1,2,4,2,1,9,5,8,2,1,6,4,3,5,6,6,4,6,2,2,3,6,7,5,7,1,3,0,3,4,5,8,5,4,4,2,5,0,6,4,7,6,1,4,5,1,1,7,6,7,7,4,4,7,4,9,1,6,4,2,7,3,7,2,2,5,8,0,8,1,3,4,3,4,3,2,6,0
151,6,0,9,6,2,5,2,7,2,4,5,5,0,7,7,7,5,4,5,4,2,2,2,3,4,7,7,8,5,3,8,9,0,0,6,1,3,4,7,7,0,7,2,7,7,5,2,0,3,8,0,6,7,5,1,3,5,8,8,2,5,1,3,5,8,2,7,7,6,2,4,4,7,4,2,5,0,8,4,9,4,8,4,6,2,1,3,0,8,2,7,6,2,1,1,5,0,0,5,1,5,3,5,1,7,2,6,1,8,6,6,1,4,8,1,8,0,8,2,3,6,8,2,3,1,3,3,1,5,8,8,4,8,1,9,9,7,4,1,9,7,5,1,0,4,6,0,0,8,4,0,4,1,6,7,7,8,6,1,1,7,8,9,1,5,7,1,8,2,1,1,5,3,8,6,3,5,2,3,3,1,3,4,1,5,0,1,3,5,4
152,1,5,7,6,1,6,5,6,7,3,8,9,5,8,8,1,8,4,3,7,0,8,8,4,9,4,2,5,4,3,6,5,1,1,4,1,7,6,5,2,6,8,1,4,4,3,5,0,4,1,1,2,1,4,8,4,7,3,4,5,2,1,4,9,1,3,6,2,5,2,5,7,5,3,7,3,1,6,4,5,5,6,5,4,4,2,6,5,6,8,2,7,0,7,6,4,6,3,5,6,8,2,5,4,9,7,0,1,2,4,6,7,8,7,3,4,6,4,2,1,6,4,5,8,8,1,7,5,6,1,4,3,2,0,6,4,0,2,3,4,0,7,9,0,1,2,1,3,2,4,7,0,5,5,7,3,4,3,0,6,2,7,5,3,5,3,3,9,0,6,6,8,8,7,8,4,5,2,7,2,9,2,1,1,5,5,5,5,7,7
153,4,0,5,9,9,9,0,3,3,3,2,0,2,3,0,9,3,5,6,2,5,3,4,8,2,7,8,0,1,7,9,5,4,5,5,2,5,0,8,7,0,6,4,3,5,8,9,2,5,5,6,5,1,2,0,2,3,5,1,6,0,3,5,5,2,2,6,2,7,6,2,6,7,5,7,2,4,4,7,5,7,6,8,1,1,3,3,6,6,2,7,3,3,6,8,5,6,0,9,3,7,5,6,8,6,4,2,6,5,5,1,9,4,5,7,7,8,6,3,6,9,9,5,8,2,0,9,1,1,3,3,8,3,5,9,8,3,4,4,8,2,8,3,7,5,5,8,5,4,1,7,4,0,8,9,5,1,8,7,7,8,4,6,5,3,6,6,0,2,9,7,6,9,4,8,2,5,2,2,0,4,6,6,6,1,2,2,1,7,5
154,0,3,8,5,0,4,8,4,9,3,9,3,6,5,4,7,3,9,2,7,1,3,7,8,1,1,4,3,8,3,8,2,2,4,3,2,1,4,0,8,8,3,9,5,2,6,3,7,2,8,9,2,5,4,3,1,1,8,7,8,3,5,5,1,5,4,7,6,6,2,6,2,4,6,5,1,4,0,3,8,6,3,0,1,1,1,5,8,3,3,6,8,3,0,2,8,4,7,2,8,2,9,1,7,5,1,4,6,6,4,4,8,0,5,6,1,6,2,5,4,7,1,1,6,1,6,4,2,0,4,5,9,2,6,4,2,5,1,2,6,2,6,8,7,2,9,7,5,4,7,8,6,2,0,7,7,2,8,8,7,4,3,7,9,2,3,6,3,9,1,9,4,7,1,5,2,9,3,4,0,3,8,1,6,2,5,2,8,2,5
155,4,6,7,6,4,3,4,0,4,0,0,8,2,7,4,1,8,4,4,7,2,6,7,3,7,7,7,5,7,1,2,8,2,0,6,7,5,4,7,3,3,8,3,5,0,0,5,4,5,3,1,7,7,7,9,4,8,2,3,1,3,9,6,9,2,4,5,9,2,6,5,6,0,1,3,5,5,4,3,7,7,4,1,0,6,3,7,6,1,4,5,4,1,5,2,7,8,0,5,5,6,2,5,6,7,4,9,5,4,3,8,7,7,6,4,4,9,4,3,2,7,5,4,6,5,7,9,0,8,9,7,7,2,8,9,7,0,6,1,7,7,3,9,0,3,0,1,6,2,6,3,5,4,0,0,3,0,4,3,2,3,9,2,4,1,1,2,6,3,7,6,3,4,1,5,3,5,8,2,5,4,3,6,3,4,8,1,3,7,5
156,2,1,2,7,6,8,8,8,4,6,4,7,1,5,4,7,6,5,3,2,5,5,8,6,8,0,4,8,1,6,4,8,8,3,5,5,7,3,2,2,5,4,4,1,8,5,7,3,6,3,1,7,6,8,6,7,7,0,9,0,1,3,9,0,6,1,2,3,4,6,1,4,2,4,6,5,6,4,0,0,4,2,9,0,1,2,0,6,8,4,6,7,7,3,3,4,8,0,6,7,8,2,1,6,7,2,9,4,9,8,0,5,9,8,3,1,8,6,0,1,5,0,7,9,8,4,7,6,8,1,1,1,5,7,7,3,1,6,6,6,7,8,4,4,0,4,0,2,9,2,1,8,5,2,7,0,3,6,9,2,1,5,4,0,7,7,4,5,3,9,4,1,1,2,5,9,4,5,8,7,3,3,4,1,6,4,7,2,5,8
157,3,1,1,7,1,0,6,8,9,8,4,3,5,4,8,5,7,4,3,7,9,3,8,6,5,6,2,5,1,6,5,1,6,5,2,6,4,0,3,1,1,8,7,5,7,1,7,2,7,9,0,7,8,8,2,5,4,6,9,4,3,4,9,8,3,4,4,3,5,1,7,2,3,1,6,8,9,4,5,6,6,2,4,4,9,7,8,9,6,9,3,2,9,8,2,2,8,6,0,3,8,3,8,4,4,6,8,3,5,8,4,4,5,1,4,3,7,0,6,8,4,9,4,4,3,1,6,1,6,2,1,1,5,2,1,3,7,8,3,6,2,1,2,5,2,4,4,2,1,2,3,5,2,8,8,7,0,1,0,7,7,3,5,4,4,7,2,4,2,8,3,6,3,8,5,0,8,9,5,4,2,2,3,1,9,2,6,1,4,2
158,4,7,9,8,8,4,5,7,3,7,9,0,7,1,0,2,8,6,7,6,3,1,6,4,9,4,6,3,3,5,8,7,6,8,4,2,3,2,5,2,4,5,9,9,1,1,2,2,2,8,2,7,8,5,1,7,3,7,7,2,2,8,8,3,1,6,8,8,2,3,6,4,0,6,5,5,6,1,2,4,7,8,2,9,0,6,0,8,3,8,3,5,3,0,9,3,7,7,9,2,4,2,0,6,8,6,1,8,1,4,0,3,7,6,5,3,7,3,4,4,5,4,4,1,2,8,2,0,3,1,6,1,7,1,4,5,7,8,4,5,3,9,6,2,3,2,4,1,9,1,5,9,6,0,2,8,3,0,4,8,8,0,4,1,6,1,5,7,2,5,3,8,3,0,2,1,1,8,1,1,1,3,8,0,1,5,1,8,1,3
159,8,4,3,2,1,7,7,2,6,1,5,4,3,8,8,4,6,7,8,2,0,5,2,2,5,8,8,5,3,6,3,3,4,8,4,5,2,7,0,7,4,5,5,8,8,8,7,2,5,6,4,8,5,3,5,4,5,7,2,4,8,1,7,5,6,4,3,7,6,3,8,3,8,3,2,2,6,5,1,3,2,8,3,2,8,9,9,0,8,6,8,3,9,0,1,2,5,4,1,8,0,2,8,8,1,8,0,8,7,1,8,4,5,2,1,5,5,0,0,3,4,4,0,8,8,7,8,8,5,0,4,7,6,7,0,1,2,0,5,2,0,7,4,4,2,9,0,2,1,8,5,7,1,5,7,7,6,9,0,0,6,4,5,8,6,4,7,7,5,8,8,6,4,6,5,6,8,4,8,4,9,4,7,5,2,2,5,5,8,9
160,0,2,4,9,7,4,4,3,8,5,5,2,8,8,5,2,6,9,1,9,3,1,1,4,7,6,8,8,1,3,7,7,6,9,2,1,1,7,6,2,4,8,3,5,3,6,7,4,1,8,3,3,2,5,4,8,6,1,2,5,2,9,4,6,1,3,3,7,8,9,1,5,8,6,4,1,8,5,8,6,3,9,2,1,1,8,6,8,5,9,5,6,2,8,5,7,2,4,3,8,2,2,7,7,8,2,2,6,9,4,6,5,5,1,7,1,7,6,7,8,4,4,6,1,8,1,8,3,5,1,8,5,1,6,6,2,4,0,1,4,4,3,1,4,4,1,5,4,1,1,8,3,2,1,9,4,7,4,7,0,6,1,3,7,2,5,1,2,8,6,8,1,3,5,3,1,5,2,1,1,3,8,8,5,6,8,2,0,7,1
161,1,6,4,8,1,3,5,4,4,2,2,1,5,6,2,3,3,5,2,8,0,9,9,2,8,4,1,4,0,4,9,6,6,3,4,4,8,2,3,2,7,0,7,6,3,2,7,5,4,1,1,0,6,4,9,0,3,1,7,7,7,7,7,4,9,7,3,8,1,1,3,3,7,5,3,6,5,8,8,0,8,3,6,4,5,5,4,4,7,8,1,8,6,3,0,8,3,9,5,4,4,4,3,3,5,7,2,2,2,0,8,5,7,6,1,1,3,4,6,2,5,1,4,2,6,5,7,1,3,4,0,5,8,7,7,3,7,4,2,4,1,6,8,7,1,2,7,0,5,5,8,7,7,5,0,7,4,4,2,2,0,5,6,3,4,7,8,3,4,3,3,9,2,1,1,8,7,8,9,0,2,6,8,4,3,7,3,5,5,6
162,7,8,2,5,1,8,4,3,5,1,8,2,8,4,0,3,5,5,3,1,1,8,7,8,4,7,0,8,1,0,6,2,8,4,0,4,1,8,1,4,5,6,9,8,8,0,8,3,4,2,1,2,8,5,5,9,1,6,6,3,1,9,6,9,2,8,3,4,5,0,7,6,1,3,8,3,4,2,3,6,2,7,7,2,6,2,1,3,8,6,2,2,5,0,7,7,7,7,5,2,7,8,1,5,3,5,0,7,0,7,6,4,7,9,2,4,8,2,8,6,1,7,1,3,3,8,1,4,5,1,9,5,5,3,6,2,5,9,4,1,7,6,8,3,9,7,7,9,6,1,5,9,7,0,5,4,3,5,0,1,1,0,9,6,2,4,8,7,6,2,1,8,8,1,5,3,3,8,4,4,0,7,9,3,5,6,4,7,3,0
163,8,5,1,3,0,1,7,1,3,4,7,6,2,1,6,4,4,5,9,5,4,5,2,3,4,1,5,4,8,5,4,2,4,0,3,3,4,2,1,7,6,1,2,0,8,8,2,9,1,0,4,3,4,2,6,7,0,1,5,7,0,2,5,7,2,7,1,5,6,8,3,7,6,5,5,1,3,6,9,8,7,5,1,2,6,2,6,2,8,3,7,1,4,3,0,9,5,3,2,9,3,6,0,6,2,2,3,7,4,1,5,8,3,2,4,3,7,1,5,7,5,8,3,0,3,1,8,5,1,8,8,5,9,2,7,1,4,8,1,5,8,0,5,1,9,6,8,3,2,6,6,5,5,3,6,5,6,3,2,5,6,4,0,3,6,5,8,2,4,3,6,6,5,4,6,9,1,1,9,8,3,4,8,0,6,1,5,3,2,1
164,1,8,9,2,5,3,7,3,6,3,1,4,0,6,1,2,8,1,2,8,8,4,8,2,8,4,0,9,2,1,1,8,3,4,4,7,4,8,1,6,5,7,8,3,3,6,9,1,4,8,3,5,7,3,4,4,4,5,5,9,6,8,1,9,6,2,5,5,5,2,2,8,5,3,7,4,4,3,5,7,4,7,3,1,2,1,5,3,8,0,2,6,3,5,9,1,5,1,2,6,3,0,7,4,0,4,8,5,1,3,9,2,9,8,2,3,4,9,3,3,7,8,8,6,1,0,6,0,7,7,2,2,7,3,8,4,8,4,5,1,3,6,5,4,8,1,1,2,1,5,5,3,2,6,4,3,9,1,3,7,0,4,6,0,1,4,6,6,0,2,1,2,8,1,3,1,1,0,4,3,7,1,1,4,5,2,2,7,5,5
165,1,0,8,4,1,4,3,8,1,6,2,2,1,5,3,4,6,1,7,4,7,2,5,3,7,7,6,0,2,4,5,3,3,2,2,7,9,5,5,2,8,4,3,0,6,2,2,4,6,9,3,5,1,5,1,1,6,9,9,2,3,8,4,6,5,3,7,1,4,9,1,5,5,5,0,5,5,8,2,6,1,5,2,4,4,7,2,2,5,8,6,0,7,1,9,6,4,2,7,5,5,7,5,7,9,5,0,6,8,2,9,5,9,0,6,6,5,3,1,5,2,0,2,4,5,8,7,9,5,6,0,5,6,3,4,2,2,3,2,5,5,4,6,8,6,9,8,6,5,4,3,3,3,3,3,7,5,5,3,8,8,8,4,8,0,8,5,4,1,6,5,8,5,3,1,6,1,8,7,1,0,6,1,5,5,4,1,3,4,1
166,6,4,9,5,5,5,5,3,1,1,3,8,7,0,7,8,1,3,5,7,7,0,5,9,8,4,7,5,9,4,2,8,3,5,7,3,6,1,0,7,5,3,0,4,4,3,7,3,5,6,2,2,2,2,7,6,2,2,7,3,4,2,9,5,4,2,7,1,3,8,3,2,8,0,1,9,0,0,2,5,6,7,7,6,6,6,5,9,8,4,8,4,4,1,8,7,5,2,3,4,2,6,7,5,3,5,2,7,9,8,1,2,4,1,9,1,0,1,3,7,6,7,0,6,7,4,1,4,6,4,0,8,3,5,9,3,3,3,9,1,4,6,3,4,4,7,8,6,8,2,8,1,0,9,2,8,0,4,6,6,5,7,5,0,3,0,8,6,3,5,2,1,3,5,1,2,2,4,4,3,2,6,4,3,3,3,8,1,1,5
167,0,3,0,0,7,9,9,3,2,7,6,8,4,7,6,5,2,4,4,2,6,2,3,7,3,8,7,7,6,1,6,7,8,5,4,5,4,7,1,3,7,2,7,9,8,3,0,3,8,2,2,2,4,2,4,1,9,4,4,0,4,9,7,7,7,4,6,2,9,7,4,0,4,6,1,5,8,5,5,2,8,8,5,4,3,3,8,1,6,2,5,8,1,9,3,2,4,8,8,6,4,9,8,8,3,5,3,6,8,8,6,1,1,1,1,9,3,1,4,7,3,2,1,7,1,4,5,6,4,2,8,1,5,9,5,6,1,4,7,9,2,8,8,5,1,5,7,4,8,2,3,4,9,4,7,3,1,8,3,8,3,6,6,3,4,9,0,6,6,5,1,4,1,1,6,0,7,3,6,7,2,4,5,4,2,5,6,6,8,4
168,5,3,4,4,5,8,2,3,2,0,0,6,6,8,3,2,8,7,1,7,7,0,3,8,8,2,4,2,7,1,7,7,0,3,5,5,7,1,5,7,4,1,4,3,3,2,6,3,4,3,6,4,8,3,6,1,5,5,1,5,8,8,4,2,1,3,2,6,3,3,6,5,8,6,6,4,0,5,1,1,2,8,8,2,4,5,3,6,1,1,4,4,6,7,6,9,7,1,6,0,1,3,3,1,2,1,5,8,6,4,7,1,7,7,2,7,3,1,9,2,5,8,8,2,6,3,4,5,8,3,5,2,8,0,7,1,7,7,6,4,8,5,5,6,2,6,5,1,2,0,3,6,9,4,5,6,5,7,3,6,6,2,5,9,0,6,6,0,3,5,4,1,2,9,8,1,5,8,7,9,8,8,4,3,7,1,5,1,4,6
169,5,6,7,6,8,6,5,8,4,7,0,8,8,5,3,8,5,0,5,3,5,5,3,6,0,3,4,6,1,9,9,3,1,1,5,2,7,7,2,6,7,5,2,8,1,0,2,1,1,2,7,9,2,2,1,8,6,9,1,8,6,6,4,3,1,2,8,4,7,8,4,8,3,7,8,5,1,1,2,3,2,2,8,1,3,1,8,3,9,9,9,7,4,0,2,4,8,9,8,6,1,6,6,0,8,8,1,5,3,5,6,6,4,2,4,1,1,8,4,8,7,8,9,2,7,5,2,6,8,3,5,3,8,9,2,6,6,3,7,2,7,4,5,2,7,8,4,5,7,6,7,0,1,6,0,7,6,8,1,5,1,3,4,4,1,9,2,7,0,1,3,0,7,3,7,8,8,1,9,7,1,2,3,8,1,6,7,6,7,6
170,2,9,1,4,5,8,5,4,6,8,7,2,3,8,1,2,5,2,9,3,7,9,8,8,3,3,5,7,8,6,7,8,1,0,4,5,7,3,1,8,6,4,1,8,7,8,5,4,9,7,1,7,7,0,8,4,4,5,1,1,6,7,1,4,7,4,8,5,9,7,4,6,6,1,6,2,9,7,9,3,2,4,4,8,4,8,7,7,2,3,6,0,4,6,6,3,2,2,5,1,8,3,1,7,6,2,5,6,4,7,1,2,4,6,2,7,3,4,3,7,3,4,1,1,6,3,9,0,2,3,2,3,6,7,7,7,8,9,7,3,2,6,5,4,9,8,3,3,4,1,7,8,8,1,6,9,1,3,7,6,1,7,3,1,8,7,2,2,7,0,4,2,8,2,5,1,5,4,4,4,1,0,2,8,5,8,7,8,3,9
171,2,2,3,7,0,3,5,4,5,8,4,2,4,8,3,6,7,1,2,5,2,3,1,5,2,6,1,9,7,8,1,2,0,9,6,3,2,3,8,9,6,1,8,8,7,2,3,3,2,7,8,9,2,8,4,9,4,1,5,1,3,1,2,5,9,1,1,4,5,1,4,4,5,4,6,5,5,9,7,6,6,6,2,3,2,2,8,1,1,2,1,6,8,6,7,6,9,1,7,8,9,2,4,7,3,2,6,4,3,3,6,1,2,1,4,7,9,2,4,1,4,9,1,3,5,5,4,3,0,4,5,2,6,2,4,8,7,5,4,4,2,7,3,4,4,3,7,3,7,2,2,1,7,3,7,4,2,2,9,2,1,7,7,3,1,5,7,3,6,8,0,8,4,5,8,6,4,7,2,1,6,2,0,4,9,4,8,5,0,0
172,6,1,4,3,7,8,3,0,2,8,1,1,4,4,9,5,8,2,8,1,1,6,1,4,3,1,7,5,2,7,3,6,5,8,8,8,7,2,2,7,0,5,2,2,1,2,3,2,7,4,1,3,1,6,3,9,3,0,1,8,5,1,8,3,6,6,4,6,7,2,8,8,7,4,3,5,9,3,3,2,0,5,0,6,8,1,2,6,8,7,9,8,4,6,1,8,8,4,6,2,6,8,7,1,1,0,1,8,4,6,2,0,3,4,2,3,3,8,3,7,6,5,1,2,4,6,5,8,5,2,4,1,5,3,7,1,9,3,5,8,1,3,4,8,1,3,3,4,3,8,8,4,4,6,2,3,8,6,5,1,7,3,3,4,8,0,0,3,7,6,2,0,7,0,4,6,6,2,7,8,3,2,5,3,2,6,8,7,9,1
173,0,3,4,2,9,7,5,2,9,1,3,7,6,9,7,5,1,7,8,6,7,7,8,4,9,7,1,1,3,3,8,2,1,8,3,1,3,4,3,6,4,2,2,5,1,9,5,5,6,5,1,2,5,1,5,4,8,7,5,7,8,2,2,0,1,0,6,2,8,8,2,6,3,8,5,5,8,7,1,9,6,2,0,1,1,2,4,6,8,2,8,5,1,1,2,6,6,4,8,7,4,1,4,4,2,7,3,2,5,5,1,8,6,1,0,2,2,7,4,6,2,5,5,8,3,8,4,2,7,8,6,8,1,7,4,9,3,7,4,3,5,9,8,3,3,7,7,2,6,9,3,6,4,7,3,6,5,7,6,3,8,6,2,4,8,6,0,6,3,9,3,3,0,5,4,5,5,7,5,6,7,1,4,1,3,7,3,9,2,3
174,1,3,7,8,5,3,7,1,4,3,5,3,6,7,3,0,6,2,4,2,9,2,5,2,9,9,0,1,7,7,4,6,3,8,4,9,3,2,7,9,6,1,8,6,7,9,4,1,3,3,7,0,3,0,6,7,2,7,3,8,4,6,7,5,8,7,7,1,8,8,1,9,1,2,9,5,8,3,9,2,5,2,4,4,1,2,7,9,2,2,3,2,3,2,2,2,7,3,9,6,0,5,0,4,8,4,9,9,3,3,5,2,2,1,1,6,4,3,0,5,3,6,2,9,1,7,6,5,7,9,4,6,6,2,2,8,3,2,1,8,5,5,3,7,2,6,1,5,4,3,1,1,2,4,0,8,5,4,3,7,1,4,2,4,5,1,5,8,2,9,7,6,8,0,0,8,7,1,6,4,3,1,1,8,4,8,7,8,7,5
175,4,2,6,8,3,2,3,3,6,8,3,6,2,1,7,2,8,4,3,4,8,3,3,6,8,7,4,5,6,4,8,9,1,5,2,3,7,7,4,7,6,1,5,9,1,9,0,4,7,1,0,1,6,9,1,7,3,1,5,1,8,4,3,8,7,1,5,4,1,1,5,2,7,8,9,3,4,7,4,8,2,4,1,4,1,2,1,4,8,5,6,6,0,7,0,0,8,0,1,7,5,3,4,7,5,4,2,8,1,7,4,7,2,3,0,7,4,1,7,0,9,2,0,5,5,4,7,3,8,9,1,6,6,2,9,6,1,7,7,1,7,8,7,5,7,1,5,8,4,7,3,1,4,8,3,1,1,7,5,9,8,4,3,5,4,8,8,4,1,0,7,0,7,4,0,2,3,3,5,1,9,4,8,4,7,8,8,1,4,4
176,9,9,7,2,0,8,6,5,3,5,5,9,7,5,7,2,5,7,6,2,5,5,3,3,2,1,5,1,3,4,1,3,7,8,2,2,0,3,8,6,5,5,5,1,2,6,9,2,7,2,8,8,1,2,5,8,0,0,7,1,4,4,8,3,3,7,6,8,0,3,1,2,4,3,4,8,0,2,2,3,2,2,1,2,6,7,1,7,8,5,8,9,5,9,6,6,5,0,2,5,4,5,8,4,0,8,6,1,0,2,0,5,9,2,2,6,6,1,2,2,5,1,6,4,8,0,6,3,3,1,6,8,7,3,7,9,2,4,8,9,1,2,5,0,9,8,9,4,2,1,8,9,8,7,6,4,1,8,2,8,5,8,8,3,7,6,1,6,3,1,5,0,2,8,3,0,1,7,3,5,3,6,7,7,1,8,3,9,5,8
177,9,9,7,7,7,1,9,3,1,7,4,0,6,0,5,6,2,2,3,2,7,4,7,7,9,6,1,8,8,3,9,1,2,8,7,5,0,3,0,5,4,4,4,3,3,1,9,5,6,3,4,0,4,5,6,4,2,6,9,3,3,1,3,5,6,1,2,8,8,5,4,8,3,2,1,5,1,7,1,7,8,2,8,6,6,8,2,3,1,9,1,5,9,4,9,7,0,5,1,9,6,4,0,7,2,9,2,3,2,4,1,2,3,2,5,3,0,9,7,1,6,6,1,7,9,5,3,4,6,5,5,4,6,3,3,7,8,3,6,3,6,3,6,3,8,4,4,7,1,6,6,1,2,6,1,4,5,6,4,3,4,8,4,6,9,4,5,9,2,8,4,2,5,8,8,3,0,1,6,2,8,7,9,0,1,8,1,4,4,2
178,0,8,2,1,1,5,7,1,8,0,1,7,3,7,0,7,7,5,3,6,2,4,8,2,6,7,0,5,1,4,2,5,4,0,4,5,8,7,9,2,3,3,6,2,3,1,8,6,2,7,0,8,7,8,5,5,0,2,0,3,1,5,7,6,1,0,1,0,8,6,7,5,3,7,3,1,3,5,8,8,6,9,6,2,3,6,9,5,1,4,1,9,5,7,7,2,3,4,6,2,6,5,7,5,4,0,3,7,1,3,6,6,5,5,2,3,4,9,4,6,1,8,9,2,8,8,1,1,3,2,7,5,7,4,6,4,2,3,1,8,3,6,5,3,7,2,4,3,2,8,8,1,8,1,6,0,4,7,4,5,2,2,6,4,3,7,3,4,0,2,6,7,2,0,4,7,4,0,7,3,8,0,2,9,5,2,4,0,7,3
179,4,8,0,8,9,2,9,2,6,9,9,8,6,8,1,2,1,2,4,4,6,8,8,7,7,6,5,8,8,4,4,8,4,1,3,9,6,6,9,4,6,3,1,6,8,4,9,6,8,2,8,4,2,8,4,6,6,5,5,9,5,6,7,6,7,7,7,8,4,0,1,5,8,1,8,8,2,2,4,3,2,4,6,6,2,8,1,6,4,7,2,3,5,6,1,3,3,5,7,5,6,4,2,4,1,6,1,4,1,2,8,0,1,2,5,4,8,7,5,1,5,9,2,5,4,7,4,7,7,6,6,7,7,8,1,7,1,4,2,3,2,4,0,5,7,6,8,0,4,4,3,4,8,5,1,6,9,5,3,2,7,7,0,6,9,8,5,2,4,5,8,0,9,0,1,2,6,4,0,7,6,5,5,4,2,3,1,1,8,3
180,6,0,4,9,4,1,9,3,1,7,8,7,5,4,2,6,4,4,1,1,5,0,5,5,3,8,0,0,8,4,6,6,9,5,4,2,5,4,3,7,0,7,2,2,6,8,7,9,3,4,9,0,7,6,2,6,4,4,9,4,0,0,6,5,4,0,0,3,4,2,3,7,5,9,1,1,8,2,5,1,0,1,3,4,7,5,3,2,2,4,3,5,1,6,1,5,8,1,2,2,3,7,9,4,0,4,7,1,6,3,4,5,0,3,5,8,6,1,1,2,0,3,1,0,8,5,7,0,1,1,4,7,2,7,2,5,6,8,4,5,8,5,1,7,5,8,7,3,3,9,0,8,4,4,1,7,6,9,0,8,9,5,3,3,2,4,3,6,1,3,1,0,4,0,0,1,6,6,7,0,2,7,4,1,6,6,4,3,8,1
181,0,4,8,4,5,4,2,1,5,4,4,1,8,6,6,4,5,1,8,8,5,5,3,4,8,8,3,8,2,3,1,6,8,5,3,8,8,6,2,6,8,3,3,1,3,0,2,9,6,8,8,3,7,6,8,8,8,6,2,2,8,3,3,8,1,9,6,3,1,8,3,7,8,9,2,0,6,1,4,6,3,7,3,6,7,2,5,7,6,5,7,7,7,6,9,5,5,9,3,6,8,1,8,3,9,6,1,0,1,7,2,5,4,8,2,7,9,5,2,4,9,9,5,8,7,5,4,3,1,6,7,8,3,3,8,8,4,9,7,4,8,4,4,4,1,2,6,5,7,1,5,5,1,8,1,9,1,6,5,3,0,7,1,2,8,3,4,4,7,3,3,0,4,5,6,3,5,8,6,3,0,5,7,6,8,5,6,6,7,2
182,3,1,3,2,9,3,9,8,3,7,1,4,5,8,5,5,8,6,4,4,7,4,3,8,4,5,5,2,7,5,8,8,6,6,1,3,2,5,1,7,3,9,6,6,5,2,2,7,0,6,7,1,2,6,7,4,1,7,4,2,1,5,6,6,4,3,7,9,2,0,0,1,1,4,4,1,6,1,3,1,6,0,8,4,0,5,3,3,1,6,6,9,1,4,5,8,8,0,6,0,2,8,5,7,2,8,8,8,4,6,1,0,5,2,4,0,0,3,4,4,4,5,6,8,0,3,1,5,5,3,9,3,2,5,2,3,9,5,4,3,9,0,7,2,3,3,8,3,1,7,5,7,6,2,7,3,5,1,2,2,2,1,1,8,6,0,2,1,5,4,8,4,4,3,2,1,9,1,9,8,7,0,3,6,7,8,5,6,7,0
183,5,9,3,2,7,0,5,8,7,1,5,3,5,7,9,4,5,0,5,6,2,3,8,1,3,1,0,7,3,8,7,3,7,9,2,8,3,1,0,5,4,3,4,2,5,0,1,9,2,3,6,2,4,8,2,3,1,8,8,2,7,3,7,9,7,3,2,5,4,1,6,1,6,8,7,6,5,5,9,9,5,8,5,3,1,6,9,1,0,4,0,5,1,0,0,1,3,4,8,0,5,9,0,5,2,6,5,4,6,7,7,8,1,8,6,1,1,8,2,4,6,3,9,8,7,2,5,4,1,3,8,4,7,5,5,3,3,5,5,4,5,5,4,7,3,3,6,3,8,5,7,4,5,3,6,4,3,2,5,6,6,9,4,2,9,0,2,6,5,8,0,3,5,5,7,4,0,7,3,8,4,3,0,4,5,8,4,7,5,7
184,5,7,6,5,1,3,4,2,7,1,7,1,4,0,6,7,4,3,6,8,8,4,3,2,3,1,1,2,2,2,8,1,1,8,7,8,0,5,2,2,3,4,5,0,3,9,0,5,9,3,5,4,4,8,1,0,2,8,5,6,5,8,8,5,0,7,8,4,6,1,2,5,7,6,1,4,7,5,8,5,2,7,7,1,2,2,4,4,9,1,5,5,2,3,5,7,8,2,1,3,4,9,3,8,6,6,4,4,2,8,9,4,9,8,3,8,7,4,4,3,1,3,4,3,7,6,9,2,0,9,8,5,3,4,9,0,1,0,4,1,6,8,7,6,7,5,3,9,5,9,4,6,0,4,3,2,7,3,2,9,2,7,6,1,1,6,0,4,6,5,4,8,6,6,7,3,7,0,6,5,5,2,7,0,3,4,5,7,6,5
185,2,2,3,9,2,2,6,3,8,8,4,0,0,1,1,9,3,3,8,1,1,1,5,2,1,9,1,7,8,1,1,9,0,3,2,6,8,6,9,1,6,2,4,9,6,8,2,3,6,2,3,5,2,5,6,1,7,1,1,0,1,1,2,3,4,5,7,6,6,0,7,0,7,8,8,5,6,6,6,3,4,2,4,1,7,6,5,6,4,4,1,4,8,7,6,5,1,4,9,2,0,4,3,0,4,8,4,0,7,1,1,5,7,2,2,5,2,3,5,2,1,4,7,3,4,5,5,6,8,0,8,5,6,8,8,0,0,3,4,7,7,8,1,9,9,3,6,4,5,9,8,8,7,8,7,4,7,3,1,4,0,0,9,7,1,7,6,4,6,8,7,5,4,7,5,2,0,5,1,1,1,8,7,5,0,4,1,6,4,7
186,6,8,1,5,2,3,3,7,6,6,6,9,9,2,2,7,4,8,1,8,2,6,3,1,1,6,9,4,6,5,8,8,9,6,4,7,3,1,4,1,2,1,0,0,3,1,4,9,8,1,6,6,5,9,6,5,4,5,2,1,4,4,3,3,6,6,2,1,4,4,9,3,5,5,7,3,3,6,4,6,6,3,3,9,1,1,6,8,5,0,5,7,5,2,3,0,1,7,0,2,7,0,3,4,4,5,3,7,8,3,5,9,1,7,9,7,2,2,3,8,8,8,9,2,2,6,2,4,5,6,9,1,8,7,4,7,7,3,8,3,5,8,5,7,1,1,1,7,2,8,3,2,6,1,3,5,2,4,7,4,2,8,1,8,7,2,7,9,4,1,1,7,3,9,3,6,9,6,1,1,2,3,5,1,6,0,4,5,9,4
187,6,4,5,5,6,4,3,4,2,4,6,2,9,2,8,7,2,1,1,5,5,8,2,4,4,1,9,8,9,7,3,4,3,7,7,5,5,8,5,7,4,4,6,7,3,6,7,1,3,8,6,6,4,0,5,2,8,2,3,4,8,8,4,6,0,5,2,9,4,3,4,0,1,4,8,3,5,1,2,0,1,3,0,4,6,8,7,6,5,6,7,6,4,8,8,5,5,2,5,5,1,2,3,8,4,0,5,6,0,7,1,3,1,4,5,4,5,7,2,2,6,6,3,2,6,3,8,1,7,8,8,0,8,0,3,3,3,1,5,8,7,3,4,6,3,5,7,4,3,4,2,8,4,3,2,4,8,8,4,1,7,8,7,7,1,2,3,5,3,3,5,8,2,3,8,1,6,7,8,5,6,8,1,1,3,7,0,6,4,2
188,8,8,3,8,1,2,7,5,8,1,9,5,4,0,6,3,8,6,3,3,6,0,2,6,4,9,7,2,5,3,2,7,0,6,5,8,3,3,4,1,3,3,5,4,6,5,7,2,8,6,1,3,6,4,3,3,8,8,1,3,2,3,4,3,3,8,7,6,6,8,2,7,8,6,4,0,3,3,8,3,3,8,7,2,5,5,5,2,5,4,7,8,2,5,0,8,8,6,6,7,6,1,2,3,7,4,4,5,6,8,5,7,3,3,8,8,3,9,5,8,2,8,1,8,2,0,2,2,1,1,0,6,2,6,7,4,1,7,3,7,3,3,7,6,6,8,2,9,4,0,1,3,6,6,8,1,4,0,7,2,7,4,8,6,3,1,2,5,7,7,4,8,4,2,9,6,8,0,6,6,4,4,1,8,4,8,3,0,5,8
189,5,7,0,3,2,1,7,9,9,5,8,6,9,5,5,2,0,7,7,1,3,4,6,2,1,1,0,2,2,8,4,5,8,4,9,1,3,9,2,1,4,4,5,2,7,9,8,3,6,3,4,4,9,5,8,4,2,8,6,0,8,5,9,0,0,5,0,3,3,7,8,4,5,6,4,4,5,5,4,5,7,8,5,2,1,1,7,9,6,8,5,6,8,4,8,8,3,7,4,6,6,6,1,7,1,1,4,2,4,4,4,7,1,1,2,1,2,2,4,9,8,1,3,7,6,3,6,5,1,2,7,8,1,3,1,5,7,1,1,1,4,1,6,2,6,2,3,8,0,1,1,0,0,6,9,4,4,8,8,6,5,2,4,2,4,3,7,4,8,3,3,1,3,3,1,6,6,0,4,4,8,2,1,0,8,2,7,4,0,4
190,6,4,4,9,6,1,2,6,0,9,1,3,0,3,6,7,3,0,5,2,8,8,8,8,6,7,0,8,7,8,0,8,1,5,4,9,2,4,1,5,1,8,4,3,7,2,6,8,3,2,9,8,9,8,5,4,0,5,6,1,7,4,2,7,3,8,7,6,7,4,1,6,5,1,9,4,6,8,6,1,4,3,7,9,6,1,1,4,2,1,7,5,7,6,2,4,1,2,7,3,8,5,6,4,9,2,1,1,9,4,6,8,3,8,5,0,1,1,7,2,1,4,6,8,5,4,9,4,8,4,1,4,8,9,4,7,3,4,7,8,4,4,5,2,7,1,1,4,6,7,1,7,5,9,7,4,0,2,4,4,3,2,3,7,6,1,0,7,3,3,6,4,0,2,8,2,5,4,4,3,2,1,5,8,1,7,4,0,3,0

