0,1,2,3,4,5,6,7,8,9,10,11,12,13,14,15,16,17,18,19,20,21,22,23,24,25,26,27,28,29,30,31,32,33,34,35,36,37,38,39,40,41,42,43,44,45,46,47,48,49,50,51,52,53,54,55,56,57,58,59,60,61,62,63,64,65,66,67,68,69,70,71,72,73,74,75,76,77,78,79,80,81,82,83,84,85,86,87,88,89,90,91,92,93,94,95,96,97,98,99,100,101,102,103,104,105,106,107,108,109,110,111,112,113,114,115,116,117,118,119,120,121,122,123,124,125,126,127,128,129,130,131,132,133,134,135,136,137,138,139,140,141,142,143,144,145,146,147,148,149,150
1,0,2,1,0,8,6,2,3,2,8,5,8,5,7,4,9,1,7,7,5,4,3,8,5,1,2,3,4,7,0,5,3,2,3,2,1,9,5,5,4,1,4,8,8,7,6,4,0,6,4,5,1,8,7,7,4,5,3,2,0,0,1,4,4,8,7,1,4,2,5,4,8,3,7,0,2,5,1,9,7,9,4,1,4,9,4,5,7,1,7,5,8,2,4,7,6,7,1,1,5,1,5,3,1,8,1,5,3,2,6,1,1,0,7,9,4,5,8,5,1,5,2,5,5,2,0,7,1,5,9,5,4,6,3,3,2,4,0,2,2,3,2,2,4,3,2,2,1,8,2
2,9,0,9,5,7,4,4,5,3,4,3,6,4,0,3,9,2,1,1,6,2,2,6,5,6,3,9,5,5,5,4,6,4,2,4,4,4,2,9,4,6,0,8,5,8,6,2,0,6,4,5,9,6,7,7,5,7,8,2,3,9,6,6,3,2,1,4,2,6,2,2,8,2,1,6,9,1,1,6,6,1,6,0,2,8,8,7,0,5,2,5,3,1,3,2,4,4,0,1,1,9,0,0,2,5,3,7,9,6,7,7,6,0,6,2,1,1,2,1,6,4,8,3,6,4,3,3,7,3,5,0,0,6,3,7,8,7,8,5,4,8,0,2,4,5,1,2,0,5,6
3,5,5,0,7,5,8,1,5,3,4,5,7,1,3,1,2,2,8,4,5,7,0,1,7,6,1,4,7,5,2,2,5,4,2,5,9,6,7,7,9,3,1,6,3,5,5,4,2,4,1,4,7,5,0,5,0,3,7,6,7,7,4,2,5,2,0,9,6,5,3,8,9,2,3,4,5,5,2,8,6,5,2,8,3,2,4,2,5,5,9,5,2,9,2,9,2,6,3,8,7,0,4,6,7,7,8,1,8,2,4,4,5,4,4,0,6,9,3,7,2,1,6,0,7,3,7,3,6,2,3,4,3,2,7,4,1,8,3,5,3,6,2,8,0,1,8,2,3,3,7
4,2,2,7,0,8,3,0,6,9,8,2,6,9,9,1,7,0,6,0,6,3,7,1,4,6,9,4,9,1,0,0,6,9,3,7,5,4,7,9,3,2,2,4,9,3,3,0,6,2,6,8,6,3,5,8,2,5,7,5,2,1,4,5,3,6,3,7,5,6,3,6,7,1,4,6,8,9,0,8,5,5,2,0,7,7,1,6,7,3,5,2,4,7,2,5,7,9,3,6,9,2,3,8,8,3,5,5,1,5,6,5,3,5,3,7,5,4,4,3,3,1,7,2,3,5,6,5,4,7,8,8,3,4,3,1,3,7,5,1,7,6,6,7,8,3,3,7,3,8,4
5,0,9,4,3,0,6,5,1,6,6,7,1,8,4,8,3,8,2,2,3,7,4,4,4,5,7,9,2,0,3,2,7,8,8,9,4,0,0,5,1,8,7,2,3,7,1,5,6,6,2,2,1,6,4,3,1,8,1,7,3,0,1,3,6,6,7,6,8,5,5,2,2,4,7,7,2,5,2,7,5,9,1,7,5,3,4,3,5,2,6,6,9,0,2,5,6,4,7,1,3,9,6,3,7,9,5,8,5,1,7,5,7,5,2,5,6,6,6,2,3,8,2,8,8,6,4,1,0,2,4,7,4,4,9,1,8,1,0,0,3,6,8,2,3,7,8,6,2,4,5
6,6,4,4,7,3,0,6,1,7,7,7,9,3,8,3,8,6,8,9,5,4,6,7,6,4,4,6,3,2,1,6,4,6,5,1,6,2,8,9,9,6,8,1,7,4,6,4,2,4,8,7,6,4,1,9,9,5,1,8,4,1,8,6,0,7,2,4,5,8,3,8,0,3,4,7,1,3,1,2,6,4,1,1,2,2,5,3,7,7,7,3,8,4,6,4,6,5,7,6,7,6,6,7,1,4,2,6,3,8,1,4,4,2,1,9,2,5,4,4,2,2,6,4,5,6,4,3,3,1,8,3,2,7,5,4,5,1,0,3,2,4,3,1,5,0,5,8,2,5,8
7,5,4,7,6,5,0,0,1,7,3,8,0,6,6,0,2,5,9,5,1,4,7,5,4,4,5,2,8,3,4,5,9,4,5,4,9,6,5,7,9,6,6,1,9,3,3,4,2,4,5,6,4,4,1,7,7,7,4,5,0,0,4,5,3,8,6,7,5,7,6,1,2,3,6,7,3,8,7,8,7,8,8,8,5,6,8,5,4,2,1,7,2,2,3,5,7,6,9,5,5,8,3,5,5,2,8,4,0,7,6,3,8,4,7,6,9,6,8,2,7,2,3,2,1,4,0,0,5,7,5,3,8,3,1,2,3,4,1,6,2,1,5,6,3,8,2,5,3,5,8
8,9,0,2,5,2,1,0,0,4,0,3,4,6,1,4,0,3,0,5,8,1,8,8,9,4,7,5,1,8,5,8,5,3,5,5,7,4,2,1,8,3,6,6,8,6,7,0,7,7,7,9,2,3,5,2,4,2,5,1,0,4,7,2,2,0,0,5,8,8,4,6,3,5,7,3,5,6,8,8,2,6,8,1,4,0,1,1,7,2,8,2,3,8,5,9,7,2,5,8,6,4,5,2,3,1,5,7,4,6,3,8,6,2,4,0,8,3,3,1,1,2,2,0,8,9,3,5,4,3,7,4,2,7,3,4,2,1,1,3,5,5,8,2,6,1,9,5,1,7,1
9,9,4,9,3,8,6,7,5,0,3,4,6,9,5,8,6,4,1,4,8,6,0,6,8,5,3,2,6,3,9,6,4,2,3,2,2,3,7,5,6,7,8,5,8,4,7,9,3,1,3,8,9,9,7,4,1,2,7,8,2,5,2,7,8,5,2,5,4,5,5,7,6,2,1,4,3,2,6,9,2,3,1,6,0,4,0,9,4,1,3,4,5,5,1,3,9,1,3,3,3,8,7,6,1,5,1,6,3,6,5,8,2,0,6,5,8,3,1,6,8,4,6,2,4,3,3,8,4,7,8,8,5,1,1,7,3,5,6,2,1,9,8,4,8,0,7,8,1,0,7
10,1,8,0,0,3,0,3,0,1,0,3,2,8,2,1,1,1,1,0,4,9,6,4,7,8,5,1,0,1,7,0,1,1,9,3,2,5,3,9,2,8,1,3,1,3,2,3,0,9,3,4,1,7,6,3,2,5,4,5,4,4,4,6,6,8,2,2,8,9,0,9,4,1,1,2,1,1,5,9,5,7,7,3,5,8,7,1,7,4,8,9,2,2,6,2,5,2,7,5,7,1,7,9,7,2,3,1,2,5,1,5,0,3,8,5,6,9,5,4,1,3,9,4,6,1,8,2,4,4,4,8,5,6,4,3,4,8,7,7,2,4,9,8,9,3,9,7,1,3,0
11,6,0,5,4,8,6,4,5,3,5,0,4,8,2,7,8,2,5,4,5,5,5,8,6,1,9,4,8,8,8,9,2,8,4,3,5,3,0,5,2,1,2,1,4,0,1,5,8,0,6,5,3,3,4,3,1,2,6,9,2,4,7,6,2,2,2,8,7,1,3,7,8,2,4,4,4,0,1,8,4,7,6,6,4,4,4,1,0,1,1,2,1,8,3,0,1,2,3,1,3,5,1,5,4,2,3,0,6,4,1,4,5,0,4,3,3,6,0,2,1,8,2,4,8,6,1,7,2,6,3,9,2,9,2,5,2,5,1,8,9,9,5,9,1,2,4,1,4,8,8
12,7,8,0,7,7,8,4,2,3,2,4,0,3,1,5,6,5,3,1,9,1,3,8,2,6,5,5,9,2,2,2,4,5,6,8,7,1,4,9,2,1,9,3,4,0,6,0,7,7,3,5,3,9,9,2,2,8,6,5,2,4,0,6,8,1,1,5,8,6,6,5,2,2,6,5,6,7,3,5,6,0,8,7,1,9,0,5,8,5,9,5,1,2,3,0,7,6,6,3,6,2,6,8,1,7,5,8,4,2,1,3,5,6,1,6,2,6,0,9,6,5,4,2,6,9,4,6,4,4,0,1,5,4,9,1,8,3,6,7,6,9,2,3,0,1,9,6,1,6,1
13,3,8,1,3,1,3,1,7,3,6,6,4,0,4,1,1,0,5,4,1,6,4,9,3,9,9,7,7,5,7,7,9,0,2,6,4,0,1,8,4,2,3,7,2,6,7,5,5,7,7,7,0,8,9,3,3,1,4,5,1,8,3,4,6,8,3,8,2,7,2,7,3,7,3,2,6,6,8,6,4,6,5,4,1,5,7,8,2,3,8,7,2,8,2,1,7,1,7,2,4,5,3,8,0,8,6,9,1,3,3,7,6,8,2,5,7,2,6,3,4,3,6,6,8,5,2,2,7,5,4,7,0,3,7,4,5,4,9,5,4,3,5,7,7,3,1,3,9,0,8
14,2,6,4,1,7,7,4,9,5,1,8,5,7,0,7,6,8,4,8,1,2,8,8,5,5,3,7,4,6,1,8,7,1,4,0,8,4,3,8,3,4,8,6,1,6,5,2,4,7,5,7,8,8,6,9,2,3,2,3,7,9,6,8,5,3,9,5,5,2,5,4,9,3,5,0,4,7,0,0,3,8,9,3,1,3,5,3,3,6,7,2,0,5,3,4,9,1,7,8,5,8,2,1,3,7,3,3,5,1,3,3,6,1,6,2,8,5,8,6,3,5,4,4,8,2,3,3,0,4,8,1,2,4,4,8,7,2,9,1,4,8,2,5,5,5,1,5,8,8,1
15,0,6,0,7,2,7,8,3,4,2,7,9,1,6,0,6,9,3,5,5,0,4,3,2,7,9,6,4,6,5,7,4,3,8,2,9,6,3,8,3,8,6,7,5,7,5,0,7,7,5,3,2,1,8,5,2,4,4,9,9,5,0,1,2,2,2,0,4,8,3,3,6,5,8,7,3,1,7,6,6,1,5,9,3,9,9,2,6,7,5,9,5,5,6,2,9,2,2,5,2,5,7,6,4,3,4,8,0,9,6,8,9,3,0,6,1,6,8,5,3,6,2,5,3,6,1,9,1,6,4,8,7,4,1,1,4,2,6,3,8,4,6,8,4,1,5,4,2,5,3
16,8,9,6,4,2,5,8,4,4,5,5,9,6,6,5,0,5,2,6,4,8,3,5,4,4,0,3,7,0,2,7,9,4,5,7,2,8,2,4,8,6,9,5,7,5,6,3,2,9,4,3,5,4,3,3,4,3,4,7,0,7,6,5,5,7,2,2,6,3,7,1,8,6,6,1,2,7,4,5,8,1,5,2,8,5,1,6,5,7,1,7,1,5,2,3,6,3,4,1,3,8,0,2,6,0,6,0,1,2,1,1,7,6,1,7,7,1,8,6,8,7,2,1,9,5,8,1,0,7,2,1,7,1,5,4,3,2,8,2,2,7,5,2,6,4,5,5,1,8,8
17,5,8,9,4,7,3,8,3,1,4,3,2,8,9,2,8,0,1,8,7,1,4,3,2,3,8,8,4,4,3,8,8,1,5,3,9,1,1,2,8,0,5,0,5,0,4,2,6,6,0,3,3,2,6,8,7,2,8,4,5,1,7,1,4,5,2,8,8,5,3,7,6,8,9,3,2,9,3,1,2,2,6,1,1,4,4,7,1,1,2,2,2,1,1,7,2,5,0,2,0,8,2,7,9,1,3,9,4,9,5,6,2,0,5,8,3,3,4,8,2,8,7,3,6,8,6,8,7,2,2,2,1,8,8,6,5,8,5,6,8,2,7,8,6,1,0,8,1,4,1
18,2,8,8,5,6,1,3,0,7,1,0,1,1,4,3,3,0,0,3,5,6,5,8,9,4,4,2,3,7,2,1,6,5,7,4,4,6,6,7,1,2,5,3,8,1,0,5,2,1,4,8,6,8,4,0,4,5,8,3,1,5,7,4,5,1,5,8,4,0,5,8,7,6,6,4,8,3,6,7,1,3,4,5,4,8,7,4,1,4,3,8,4,3,7,6,7,5,3,7,3,7,8,8,6,2,8,0,5,6,2,2,3,1,9,9,2,2,5,1,4,5,3,4,3,5,9,2,8,7,1,3,4,4,9,5,3,7,7,1,2,9,4,4,8,5,5,7,2,4,7
19,2,1,3,3,3,4,7,2,4,7,8,4,2,4,9,8,2,9,0,5,6,2,4,7,4,2,8,7,3,7,4,6,6,7,2,2,6,1,5,2,6,9,1,5,7,7,2,3,5,3,9,6,1,4,9,9,7,6,4,5,7,5,3,3,3,7,0,2,3,8,7,7,0,7,0,4,3,1,6,2,1,6,1,9,7,8,4,2,1,2,4,6,5,8,0,1,3,3,2,0,6,7,8,2,4,6,3,8,5,5,2,5,9,6,2,8,2,5,2,5,1,3,5,8,1,8,3,4,3,8,4,6,6,5,5,7,2,5,4,9,6,2,8,1,6,9,1,3,1,4
20,7,7,8,4,0,7,3,2,8,4,6,7,4,7,4,7,1,5,2,0,6,3,8,5,4,5,3,1,3,1,4,4,8,5,2,0,2,7,3,9,6,6,5,5,3,1,1,1,4,6,6,8,2,3,1,4,7,4,4,7,6,4,4,5,6,5,6,3,1,3,8,2,8,6,7,8,4,9,8,3,6,7,8,8,7,3,3,5,6,8,1,8,2,4,7,3,2,1,6,8,7,4,4,1,1,1,3,1,3,1,8,1,1,8,3,0,1,4,6,4,2,9,1,2,5,9,3,7,1,2,3,8,1,3,5,1,4,3,1,8,5,2,4,7,1,4,5,4,3,6
21,6,8,3,6,2,3,2,3,1,4,5,4,6,7,2,2,5,4,4,9,0,4,1,1,3,3,1,8,4,2,3,8,2,3,2,4,3,8,2,6,3,3,5,6,6,8,3,2,5,6,6,9,8,0,7,3,3,6,8,1,4,8,6,5,7,4,4,7,2,2,3,1,8,0,5,5,5,2,1,9,3,3,5,6,0,9,5,3,3,2,8,6,2,6,2,8,7,1,7,2,3,5,9,6,4,2,7,2,2,8,0,1,0,4,2,5,2,5,8,1,7,6,7,1,5,5,1,6,8,3,3,4,7,8,3,8,4,5,7,8,5,4,1,6,7,6,2,8,8,0
22,1,2,3,1,5,6,4,2,3,0,0,2,6,3,2,7,1,2,2,2,5,0,7,5,2,0,2,1,2,8,7,9,1,3,8,8,3,6,2,8,8,8,8,3,1,6,9,3,5,4,3,2,7,1,7,2,4,8,2,5,9,3,5,1,7,6,6,8,9,1,2,6,1,7,8,6,7,3,5,5,1,4,2,3,0,1,5,8,0,4,8,7,5,5,7,9,6,8,7,5,9,2,5,2,8,6,7,7,9,2,7,5,3,1,5,6,6,3,1,6,2,1,5,1,6,7,8,3,2,7,4,9,2,2,3,8,1,1,5,2,7,6,3,8,9,2,5,8,8,4
23,7,4,3,3,7,2,5,0,8,3,6,6,3,5,5,5,5,5,5,2,5,7,0,1,1,8,9,0,5,2,9,2,9,5,9,1,4,4,2,1,6,4,4,7,5,4,6,7,6,4,2,2,8,4,7,3,7,5,6,2,7,4,2,3,5,7,5,5,3,4,6,8,1,5,4,9,8,1,5,4,5,6,7,7,8,2,2,2,6,4,5,0,9,2,9,2,1,1,5,2,5,1,9,7,7,5,3,6,1,5,6,5,2,3,0,1,3,0,3,5,7,5,3,7,1,5,6,1,3,4,4,8,4,4,7,3,4,3,5,5,2,9,7,3,4,6,2,0,1,3
24,7,4,7,6,3,9,5,0,5,1,5,7,3,3,4,2,6,2,5,8,0,6,2,0,4,3,4,5,6,8,7,0,8,1,3,2,1,1,5,9,6,8,9,5,5,4,3,5,1,9,1,4,2,3,8,9,4,0,2,5,8,4,4,2,1,9,8,3,2,4,2,3,6,6,8,0,1,4,8,3,4,1,1,4,3,9,6,4,3,6,7,1,3,1,3,6,9,8,2,7,4,4,1,9,6,7,9,4,9,6,2,5,0,6,7,0,5,7,8,7,8,9,8,5,1,9,1,4,4,3,7,6,8,6,1,6,3,7,3,1,4,3,4,4,5,2,4,4,4,6
25,3,1,6,3,0,1,5,3,6,3,6,6,9,0,4,1,1,9,1,8,3,5,3,0,0,3,6,3,5,6,4,4,0,8,8,7,6,3,2,8,2,6,6,5,7,2,0,4,7,7,6,6,4,5,8,2,5,1,0,3,2,9,3,6,6,8,5,5,6,7,6,3,0,5,0,5,6,3,5,1,8,8,8,3,2,1,3,3,1,9,5,3,1,2,6,5,7,4,8,2,2,7,2,3,5,8,8,6,4,2,4,8,4,3,6,7,0,6,9,6,2,6,2,0,0,5,5,4,5,6,9,6,5,6,4,5,3,1,1,1,1,8,8,4,8,3,3,2,8,7
26,0,8,6,1,6,3,1,8,3,1,9,7,1,5,8,5,7,8,2,8,1,2,7,7,4,0,6,4,6,5,1,2,4,6,7,1,2,8,6,0,5,1,1,3,6,6,8,9,7,5,3,4,1,6,8,4,1,8,1,7,2,8,4,1,8,2,3,1,2,1,5,2,8,1,8,4,8,8,3,1,1,1,9,4,4,3,4,8,7,2,3,1,2,8,5,2,2,7,2,8,1,4,4,1,9,3,6,3,6,3,7,9,2,2,2,3,9,1,1,7,5,8,3,8,5,5,6,6,3,5,9,1,0,8,9,6,8,6,3,8,7,9,4,5,4,5,2,1,4,7
27,0,3,2,1,1,5,2,3,5,2,1,1,4,4,5,8,6,1,7,4,4,6,4,4,3,8,0,4,3,4,8,1,4,9,6,2,7,9,5,6,3,0,1,7,8,0,6,8,9,1,8,1,5,2,8,9,9,8,0,4,6,6,8,0,3,7,4,7,7,4,4,4,3,7,1,3,5,7,0,3,3,3,1,1,2,5,1,3,3,5,4,9,7,8,8,1,4,1,6,7,5,9,6,7,8,0,8,8,1,1,5,2,1,8,1,3,1,5,7,2,4,5,7,0,2,0,7,4,0,9,2,4,3,9,4,7,3,7,1,2,1,8,8,8,1,6,8,6,1,0
28,3,6,3,6,6,3,4,7,8,3,8,6,0,0,2,2,4,5,5,3,7,5,9,9,5,1,8,0,2,5,6,4,8,1,4,2,3,9,3,7,8,8,8,0,0,3,9,4,0,2,1,4,6,1,2,3,2,8,7,8,1,4,3,1,5,2,6,7,6,8,6,5,1,1,1,3,8,2,8,7,5,6,2,8,0,8,8,7,2,1,3,4,3,3,9,8,7,2,1,1,5,9,2,1,3,2,1,7,8,1,4,9,5,3,4,8,5,8,5,8,3,4,5,6,9,6,4,7,2,8,1,2,2,4,2,1,8,7,0,3,5,6,1,9,2,6,4,0,9,5
29,5,3,4,5,7,7,3,8,4,2,2,1,5,7,7,6,6,3,8,3,2,5,6,4,1,3,8,5,0,6,8,8,0,8,8,7,4,7,7,4,8,1,2,0,6,5,1,5,8,3,3,6,6,7,3,3,6,3,6,8,2,2,8,8,7,7,7,2,3,6,3,8,1,4,5,9,0,3,3,5,7,4,8,0,2,1,7,7,1,2,7,5,8,3,1,4,3,3,1,2,7,7,8,3,0,3,3,5,3,2,8,3,0,3,6,3,8,8,5,6,2,5,4,2,2,0,5,0,3,8,1,8,0,7,3,5,8,4,1,3,2,1,6,4,2,0,8,2,3,5
30,3,6,5,9,2,8,7,9,9,1,0,5,8,2,6,1,6,5,1,5,3,4,2,8,1,3,3,3,6,0,6,1,2,9,5,3,9,5,6,8,6,1,5,8,3,8,3,2,5,5,4,8,6,8,7,6,8,4,0,7,6,3,5,8,5,1,3,8,1,4,3,5,1,4,6,5,2,4,5,3,5,3,4,8,8,8,7,0,0,8,6,1,6,8,1,2,2,7,1,3,7,3,7,7,5,3,4,6,6,1,2,0,5,6,6,6,1,2,2,7,3,2,1,3,2,2,1,2,1,5,4,2,2,1,6,5,9,0,8,8,7,6,5,7,4,8,5,8,3,7
31,7,2,6,2,8,4,2,7,4,2,0,5,8,2,7,4,4,2,7,1,7,5,1,7,6,2,5,2,4,3,0,6,1,2,8,8,8,3,5,5,3,7,7,7,7,3,4,3,4,8,8,1,2,1,1,6,0,8,8,9,5,9,7,5,2,5,3,7,3,5,8,8,1,9,4,4,8,8,7,4,5,7,5,0,7,5,8,1,5,3,6,5,8,4,6,4,1,6,1,0,6,7,6,2,2,1,9,5,7,1,5,3,1,7,6,6,7,8,5,3,1,8,7,0,6,1,6,0,1,2,7,4,2,9,5,8,8,9,9,8,4,8,7,7,8,4,6,1,3,7
32,7,3,6,1,8,3,8,7,6,6,3,5,0,0,7,6,4,4,2,1,2,7,3,0,6,7,3,4,3,2,3,0,7,6,3,1,3,6,4,8,8,7,7,2,1,8,7,6,2,3,7,3,1,3,8,5,5,8,3,9,6,4,0,7,4,8,9,4,8,8,3,8,5,5,4,5,2,7,2,4,6,7,5,0,9,6,8,3,3,7,4,9,2,6,8,5,9,1,0,5,2,8,2,8,2,1,4,1,4,1,7,6,2,0,4,2,8,3,1,1,1,7,7,1,5,2,8,9,7,7,1,4,7,0,0,9,2,7,6,1,7,9,9,3,2,5,4,5,5,1
33,5,3,1,7,9,3,1,2,8,7,6,6,8,1,5,7,3,7,4,3,2,7,2,2,9,8,5,7,1,8,3,2,0,0,6,2,6,7,2,7,5,4,9,3,5,7,4,5,4,8,6,1,7,7,1,1,1,7,2,3,3,2,2,1,4,0,5,3,9,5,6,6,7,0,5,3,1,8,7,4,7,7,4,2,1,1,5,4,8,0,4,0,0,0,5,8,1,5,8,9,2,6,4,1,8,0,7,4,8,8,9,1,2,6,8,3,2,4,2,0,0,5,3,8,5,5,8,2,2,4,7,5,0,1,6,8,8,8,3,4,6,3,0,5,2,6,4,0,2,4
34,6,9,8,3,2,6,0,8,7,6,4,1,9,8,8,0,6,7,4,1,2,6,8,4,9,1,2,2,7,3,8,1,0,0,1,4,7,9,2,2,8,6,7,2,0,6,1,4,6,2,6,3,9,7,6,8,5,7,8,1,9,2,1,3,1,8,5,2,3,9,0,4,5,6,4,8,2,3,6,9,3,1,4,2,2,2,2,3,4,6,3,8,2,5,2,1,7,6,5,3,5,2,7,2,6,7,6,5,1,9,6,4,4,9,9,5,3,4,8,6,0,3,7,9,1,2,5,8,8,7,4,0,2,2,8,6,3,7,4,8,3,5,1,4,4,2,8,5,7,3
35,5,3,9,4,3,3,7,4,1,4,0,4,1,5,1,1,3,1,8,4,7,2,7,8,6,7,2,8,2,4,5,3,7,0,0,6,0,2,3,4,6,7,0,4,5,3,7,8,4,6,2,9,3,9,1,9,5,8,2,7,8,8,2,3,9,4,4,0,2,5,3,7,8,8,8,7,1,6,6,3,2,1,7,7,2,9,3,1,7,7,6,2,1,1,1,0,7,5,2,4,2,5,6,8,8,6,3,8,2,6,5,6,5,5,5,6,2,1,7,6,0,8,4,5,7,9,7,0,9,4,4,7,9,4,7,4,1,1,8,0,7,8,2,7,8,6,2,3,1,1
36,2,3,2,8,0,1,9,2,6,7,0,6,4,8,8,6,4,4,3,7,6,3,7,3,9,6,3,5,1,5,3,7,0,8,8,0,0,4,6,3,9,1,7,2,4,1,8,8,1,3,1,6,7,0,9,2,4,0,2,2,1,2,6,8,3,4,7,3,8,1,4,6,6,4,3,8,6,2,1,5,3,6,1,0,9,4,3,2,6,2,3,6,9,4,5,6,8,3,5,1,7,3,4,1,4,2,6,3,4,5,3,5,5,7,9,7,7,5,5,6,1,8,8,7,7,0,6,6,4,8,1,0,3,9,0,3,6,7,2,7,3,1,0,9,0,0,5,5,6,6
37,2,0,1,8,3,3,4,5,2,8,2,6,1,3,1,1,8,8,8,3,0,1,8,6,5,5,6,1,1,9,8,0,1,8,9,0,0,8,6,2,3,6,4,4,4,6,6,3,6,4,5,7,3,4,8,1,5,0,3,1,5,4,4,1,0,2,3,3,6,0,3,6,5,8,0,7,2,6,5,5,3,6,1,3,5,6,3,6,7,5,4,7,2,9,5,7,6,0,8,3,3,6,0,0,8,8,1,3,2,4,4,7,9,5,1,7,3,4,1,8,7,8,5,4,3,3,4,1,2,0,8,7,1,3,6,7,0,9,3,1,1,5,3,2,1,9,2,9,3,7
38,3,0,7,8,1,3,0,5,1,4,3,5,8,6,5,3,8,3,4,7,3,4,6,8,7,8,3,1,4,6,4,1,9,2,3,4,0,0,7,1,1,6,4,1,8,1,1,6,6,2,0,2,7,2,4,5,1,7,2,6,0,5,5,2,5,0,0,8,6,4,1,0,2,7,7,6,6,8,7,1,2,6,1,4,3,5,3,5,7,6,7,2,2,8,3,3,2,4,4,8,3,0,8,6,7,3,6,5,1,5,4,1,2,7,9,4,6,4,1,0,2,1,0,2,7,9,2,6,3,6,2,5,1,2,6,2,5,8,8,1,8,7,4,3,2,1,8,8,4,1
39,7,5,2,6,9,7,5,5,1,5,3,4,3,7,5,4,3,1,1,7,8,4,6,2,1,9,6,2,1,7,0,2,9,9,6,5,7,8,0,9,4,8,6,6,1,7,8,1,8,6,1,5,8,6,8,8,1,2,7,3,6,4,6,5,8,1,1,9,0,8,7,2,5,3,4,4,3,7,3,4,3,1,7,4,4,1,4,3,8,2,3,7,8,0,8,0,6,1,4,5,7,7,6,5,7,8,7,3,2,6,6,5,0,8,3,4,7,6,3,9,2,5,1,6,3,2,3,8,2,1,2,1,3,6,3,3,7,3,2,4,4,9,6,9,0,3,1,8,1,5
40,7,1,2,1,2,1,7,4,8,0,3,7,7,4,9,5,3,2,3,8,7,4,3,4,8,5,5,7,1,9,1,6,3,5,6,9,6,1,3,0,3,8,8,3,4,5,6,1,2,8,7,8,7,2,6,7,4,1,8,5,8,9,2,8,1,8,6,2,6,2,6,8,2,6,2,4,0,6,5,5,1,5,3,8,8,5,7,5,2,7,8,5,5,3,9,1,2,6,5,3,0,1,2,1,4,3,3,6,4,9,3,2,4,5,3,0,5,2,5,1,5,1,7,7,6,6,1,1,9,4,7,3,4,1,4,7,5,8,4,8,7,0,7,5,5,5,5,1,5,2
41,3,3,1,9,9,7,6,2,7,3,9,2,6,5,5,6,6,6,8,6,6,4,4,2,4,9,0,6,9,4,2,8,6,2,3,2,5,2,7,6,0,2,5,6,1,8,8,1,5,1,1,5,9,0,4,2,7,2,4,6,8,1,6,3,8,8,1,3,2,8,7,0,7,8,7,4,1,5,4,6,8,5,5,4,3,5,0,1,3,4,3,6,2,8,7,2,1,5,4,4,6,3,8,1,9,2,5,5,3,2,1,3,6,3,7,7,9,0,8,4,4,2,8,1,3,2,1,1,3,5,2,9,3,4,4,8,3,3,8,9,5,3,8,4,5,2,6,9,2,2
42,3,7,5,5,6,7,8,6,8,8,3,8,4,6,7,7,3,5,4,8,7,3,7,7,6,1,2,0,8,3,8,6,2,4,4,2,6,3,1,8,8,0,8,5,6,6,1,5,7,3,8,0,8,9,6,8,8,3,9,6,2,4,4,6,5,4,7,1,1,6,6,5,6,7,7,9,5,4,5,5,3,5,0,0,8,4,6,0,3,7,3,5,8,7,3,5,6,6,8,8,1,9,5,0,0,0,5,7,3,3,0,7,5,4,5,2,9,5,4,6,5,6,3,5,6,3,1,5,8,5,7,5,4,4,3,8,7,5,7,5,4,0,7,5,1,1,3,4,6,8
43,2,5,1,7,4,8,8,5,8,2,2,4,7,8,5,4,2,6,0,0,3,4,7,8,6,6,5,6,4,2,3,8,3,7,8,2,4,8,6,2,7,6,0,2,6,6,6,6,2,1,1,6,4,0,2,5,4,2,9,1,4,2,9,6,5,2,6,7,3,1,7,0,5,3,5,6,5,2,3,7,5,2,0,5,1,9,2,6,9,5,5,1,7,8,5,8,0,5,3,2,4,5,3,5,2,4,0,8,3,5,3,3,6,4,1,8,8,1,4,2,6,4,1,2,4,9,8,6,1,7,6,5,1,4,5,2,5,4,8,8,4,3,4,4,3,9,1,2,4,3
44,3,9,0,6,6,1,8,8,9,3,6,5,6,1,9,3,1,0,7,7,5,0,1,7,6,8,5,5,7,4,2,8,6,4,5,8,1,2,5,0,3,8,7,0,3,5,7,6,7,9,5,1,2,6,6,7,0,8,8,0,5,6,7,1,2,1,8,1,3,7,4,4,7,1,9,8,4,6,1,7,2,0,3,8,5,9,2,2,2,8,8,3,8,4,0,4,5,6,4,2,4,4,3,6,1,3,6,7,2,6,5,2,4,5,8,5,2,7,7,0,4,9,6,2,3,3,5,6,5,1,6,3,1,3,9,1,9,1,0,4,6,1,3,2,7,5,5,4,4,0
45,2,2,3,2,3,5,9,6,8,5,8,8,5,4,1,8,6,1,1,6,8,1,7,1,5,6,3,7,9,9,2,6,9,8,3,7,8,1,0,9,6,5,3,2,0,9,3,2,1,7,4,4,9,2,6,3,3,5,1,8,5,3,2,8,5,6,1,2,7,5,3,2,0,9,1,4,6,3,7,1,3,2,6,0,8,0,5,4,5,1,3,0,8,5,1,6,7,4,6,8,6,2,2,7,7,3,1,6,1,3,7,3,4,7,2,8,4,5,2,0,9,2,2,6,5,3,1,7,5,2,1,3,4,5,4,9,3,6,8,9,1,8,8,5,6,6,0,8,1,6
46,5,6,5,8,8,7,6,5,1,1,4,4,5,5,1,5,8,1,2,2,8,2,7,6,7,5,2,8,3,4,1,4,9,4,7,8,5,6,6,8,0,4,3,8,9,0,0,4,2,0,5,1,3,1,8,1,1,3,8,5,1,8,7,3,4,5,4,9,9,1,1,8,5,4,2,2,0,9,7,9,6,4,1,1,7,5,7,6,2,3,5,7,7,3,4,2,9,0,8,7,3,3,1,5,7,8,0,3,2,4,1,3,1,8,1,8,8,2,5,9,3,6,0,5,9,9,7,2,1,6,4,3,5,7,0,3,7,1,1,9,9,8,4,3,4,4,2,3,7,1
47,2,6,4,0,5,8,9,0,8,5,7,2,7,5,5,6,7,1,5,7,6,2,2,8,2,6,6,0,8,7,2,5,1,8,7,3,7,6,3,0,5,4,0,2,6,4,0,9,6,5,5,8,9,8,6,6,2,2,6,6,2,5,8,1,8,7,9,3,7,4,7,1,7,5,4,4,2,8,1,4,4,3,8,4,9,6,1,7,4,1,0,7,1,2,2,5,8,6,7,6,1,4,4,5,1,8,2,7,1,5,6,8,8,9,8,8,7,0,4,2,9,4,6,3,6,5,6,2,3,0,7,4,2,0,5,8,7,9,4,1,2,6,2,4,3,6,4,1,8,8
48,6,4,3,7,5,2,8,0,6,1,9,7,1,9,1,5,5,9,9,6,3,7,2,7,2,2,7,7,8,9,0,8,5,3,1,8,4,5,3,7,1,3,7,2,1,2,1,0,6,0,5,2,5,1,1,1,0,2,3,8,3,0,8,7,8,7,5,9,8,8,6,0,2,4,4,2,7,8,1,2,6,1,7,8,0,1,4,8,6,6,7,8,1,2,2,3,4,1,8,6,2,8,9,7,5,6,5,6,4,5,9,6,2,4,6,9,9,3,3,6,7,2,0,5,8,1,5,8,6,9,1,6,6,4,3,5,4,4,2,5,7,6,0,2,7,7,3,5,5,1
49,5,2,3,7,7,5,6,4,7,4,8,4,7,4,2,5,1,1,7,5,8,0,9,6,0,9,4,3,5,4,5,0,8,8,5,1,4,1,5,7,7,7,4,6,0,4,5,8,0,1,9,7,4,9,3,3,7,7,8,7,9,1,8,4,9,3,7,0,9,8,8,3,4,1,0,1,7,8,5,7,6,1,1,5,7,0,6,3,1,8,3,9,7,1,4,5,4,5,4,7,3,5,7,2,1,2,6,7,9,0,9,1,9,0,2,4,5,7,4,2,1,9,1,8,2,4,6,9,0,4,3,6,3,2,8,1,8,6,2,5,7,1,7,8,5,8,1,2,2,1
50,2,7,1,9,1,5,3,1,7,9,5,4,9,1,2,3,6,2,8,1,6,3,7,1,7,5,8,3,9,5,3,7,1,1,8,5,4,6,8,0,2,8,3,2,3,1,2,7,3,0,1,7,5,3,4,5,9,5,6,4,8,9,6,6,6,8,6,7,8,2,2,8,8,1,1,7,3,5,1,8,2,1,8,3,4,1,6,3,3,9,2,8,6,2,6,5,2,2,5,5,8,7,9,1,5,1,0,8,2,0,6,8,5,3,3,6,9,7,5,9,3,4,2,3,4,5,1,2,4,8,6,6,4,7,6,2,3,6,4,8,2,0,3,5,1,7,1,2,6,2
51,8,2,1,7,6,0,5,2,5,4,1,3,4,8,5,1,5,0,6,6,5,6,2,7,3,4,3,1,6,3,8,8,9,6,7,8,6,5,6,7,6,3,2,2,5,9,3,8,3,2,0,2,2,7,6,5,7,2,0,4,8,8,7,1,5,8,6,2,3,7,6,0,7,7,3,6,9,7,7,4,6,0,3,8,8,7,9,8,3,6,3,1,6,2,2,3,0,1,8,7,1,7,1,6,3,8,6,6,8,8,9,2,4,9,8,6,6,7,2,7,7,7,9,5,8,3,9,3,1,8,9,4,6,8,2,4,3,5,4,6,8,7,5,6,5,1,7,8,3,7
52,5,3,2,7,3,1,8,1,6,4,2,3,9,7,8,2,5,2,8,6,4,0,3,3,0,1,0,6,2,7,5,8,6,6,4,7,0,1,1,7,8,0,1,7,6,7,3,4,7,1,7,0,1,1,2,8,8,3,1,8,8,9,5,7,0,5,2,3,6,2,4,7,2,4,2,1,2,7,6,6,0,4,2,3,6,6,3,2,8,2,6,8,2,6,4,6,1,3,6,5,4,6,8,2,2,9,1,0,5,7,4,5,2,2,8,8,4,4,6,3,2,1,2,4,8,8,3,6,9,3,1,1,6,6,5,8,2,7,3,2,1,9,8,2,0,1,5,3,4,7
53,1,4,2,8,5,6,9,6,2,7,2,3,3,9,8,2,1,1,5,8,2,3,5,4,8,5,0,2,5,6,3,5,7,7,2,4,3,4,4,7,7,4,7,2,5,5,1,6,2,7,5,1,0,2,3,5,2,5,0,5,0,8,1,4,1,4,2,7,6,5,3,8,1,3,6,4,5,6,7,2,9,5,3,2,3,9,2,1,3,3,7,3,7,5,0,2,8,7,5,7,0,8,7,2,2,1,2,3,9,8,8,6,5,5,9,5,7,4,6,1,7,1,2,5,2,5,5,2,5,5,8,3,9,2,2,8,8,1,0,6,5,7,7,5,2,4,1,9,6,5
54,2,2,5,3,4,6,9,3,9,6,9,0,4,1,8,1,9,2,8,6,5,6,6,0,7,7,3,1,7,2,2,1,7,3,6,4,8,6,2,7,3,5,5,3,4,0,1,6,4,4,5,6,1,0,4,5,5,5,7,3,4,4,8,2,2,7,8,7,1,8,5,1,3,6,6,3,8,7,3,6,6,1,3,5,6,6,1,1,2,9,8,3,2,7,1,6,8,5,2,5,2,0,5,4,7,4,7,8,2,3,7,8,9,7,1,6,1,3,8,2,2,3,0,7,4,6,7,3,6,8,8,2,6,1,2,2,4,8,5,7,6,6,8,2,1,3,1,2,6,7
55,8,4,7,0,3,6,7,8,1,4,5,8,1,6,5,5,7,8,6,3,6,6,4,4,7,9,8,6,1,2,6,7,0,9,2,5,8,5,7,4,6,7,5,7,8,2,7,4,3,8,1,1,6,2,0,2,1,6,4,8,2,5,2,8,8,1,1,9,4,2,0,6,5,2,1,1,7,3,9,7,9,0,2,1,6,4,6,7,7,4,3,7,8,3,9,3,1,6,4,8,0,5,7,6,8,8,3,2,6,5,7,6,3,4,0,2,5,8,2,1,7,6,6,9,4,1,5,2,1,3,1,8,4,7,7,5,8,4,3,2,4,3,6,0,0,2,3,6,7,6
56,3,5,0,3,1,3,7,1,5,8,6,8,3,5,2,2,7,4,4,4,6,2,4,1,2,4,3,4,8,8,2,4,0,1,5,1,3,3,6,2,1,2,7,7,3,7,6,7,3,6,4,9,0,3,5,0,4,0,8,4,1,3,8,4,5,8,2,9,0,3,3,5,2,5,5,4,4,7,2,0,3,6,0,4,0,4,0,5,4,0,5,2,7,4,6,1,9,8,6,5,4,7,2,6,7,5,3,2,5,3,6,0,8,7,7,1,5,6,8,1,0,7,6,1,3,6,7,6,2,6,5,5,3,0,2,8,8,8,2,7,1,5,4,0,1,7,6,0,4,9
57,7,0,1,2,6,7,5,3,7,7,6,6,5,6,6,8,6,8,1,6,9,7,8,7,8,6,1,6,8,8,5,1,3,0,1,3,1,5,8,8,6,5,3,1,0,7,5,2,9,2,7,7,2,4,1,0,0,5,5,1,4,4,5,5,7,6,4,6,8,8,4,3,4,9,7,5,9,6,5,4,3,4,9,1,2,4,4,6,6,2,7,8,0,1,6,6,8,8,0,6,6,3,8,2,6,8,0,9,2,7,7,2,3,6,5,7,4,7,3,7,1,7,1,0,9,1,2,7,2,6,8,1,4,8,1,1,4,6,1,6,3,0,7,3,8,7,5,4,8,2
58,7,7,3,4,8,1,6,1,3,8,7,2,8,1,4,5,6,3,1,3,2,4,1,7,6,2,5,7,5,8,7,4,8,3,6,8,5,8,6,6,9,5,1,6,5,9,7,2,9,6,5,4,8,2,8,1,4,0,9,2,1,1,7,4,4,3,3,9,0,5,6,2,9,2,3,7,2,2,1,5,4,6,7,7,8,4,4,4,2,5,7,2,8,6,7,7,0,7,3,3,3,7,4,8,2,4,3,9,3,1,2,4,1,2,3,2,5,7,4,2,1,4,0,5,0,2,8,5,6,6,6,4,0,3,6,4,1,7,3,1,2,3,5,1,7,6,5,2,0,3
59,9,2,3,1,5,8,6,2,7,7,0,6,6,3,9,8,4,3,3,3,4,8,5,4,3,5,5,7,7,4,3,8,4,7,8,5,2,5,1,4,5,3,4,6,8,4,4,3,2,6,8,8,1,5,0,6,4,8,0,8,1,7,5,2,3,0,6,5,1,5,6,0,6,3,1,8,6,5,8,9,3,3,5,8,8,0,5,9,8,7,7,6,7,3,3,6,4,6,6,6,0,7,4,2,4,8,3,3,1,2,1,8,9,1,5,0,5,1,1,0,7,4,7,8,3,0,7,4,4,7,9,6,4,3,1,4,5,8,5,7,0,4,5,2,4,3,1,5,1,8
60,8,3,5,3,8,4,4,7,4,9,4,0,1,6,2,1,1,5,4,1,2,6,2,3,9,5,2,6,7,7,3,2,8,2,5,8,6,2,4,6,3,2,7,7,5,9,4,4,4,0,4,3,7,4,6,3,8,8,5,0,6,9,8,8,8,9,5,7,4,0,5,1,1,1,1,6,5,4,6,9,4,7,4,2,1,3,3,4,5,3,6,7,1,2,2,0,4,2,4,5,4,2,7,8,1,6,5,6,8,3,8,3,2,6,6,8,9,2,2,3,3,5,9,1,6,9,1,4,6,8,3,0,7,9,6,6,4,3,9,2,8,2,8,1,4,8,4,0,5,5
61,5,5,0,2,0,3,8,7,4,1,5,8,4,3,4,2,6,3,5,8,6,6,2,3,6,0,3,5,3,7,8,4,1,1,3,0,2,4,4,5,5,8,1,8,0,1,2,4,3,7,2,5,6,4,8,7,4,6,4,0,0,1,7,1,7,7,8,1,1,5,7,5,2,4,7,5,5,5,7,9,8,8,5,9,1,7,5,9,6,5,2,2,2,8,5,2,1,5,6,5,1,6,3,2,6,3,1,1,2,0,1,9,4,1,6,1,9,0,8,9,6,5,2,6,0,3,5,9,6,9,9,2,4,1,8,1,6,4,1,5,6,4,5,6,8,6,7,8,5,4
62,3,5,0,7,8,2,7,7,1,5,5,8,7,2,1,5,3,3,8,1,4,5,1,7,3,5,5,5,1,9,8,2,6,6,7,6,3,5,0,7,7,4,4,9,2,1,5,6,6,3,5,7,4,4,2,3,3,8,3,9,6,0,6,1,8,2,2,3,7,9,5,7,5,5,8,3,1,2,2,6,8,2,0,9,9,6,7,2,7,5,1,9,9,1,7,2,2,5,3,4,3,4,5,5,3,2,1,1,0,8,7,5,5,4,2,9,3,6,7,2,8,7,4,5,8,4,2,7,4,3,0,2,7,2,6,5,3,6,2,4,2,4,3,9,0,1,0,6,6,6
63,5,5,1,3,2,0,2,1,8,5,1,5,4,5,4,2,2,8,8,0,2,0,7,6,6,7,3,6,8,1,7,6,4,8,3,8,5,5,7,0,6,4,6,6,4,5,3,9,1,3,4,0,2,6,3,6,4,8,5,5,4,6,0,5,9,0,1,9,1,9,1,2,3,1,8,7,4,0,6,8,3,2,5,7,7,6,9,9,5,5,3,9,2,8,1,7,8,0,3,5,6,4,7,3,4,8,8,0,7,8,7,4,6,0,4,7,6,0,7,2,3,5,1,5,5,4,6,4,3,0,1,8,2,3,5,2,9,7,6,7,5,7,7,4,2,6,7,2,8,1
64,7,6,3,5,8,3,4,1,7,1,8,8,4,1,9,5,2,5,3,6,1,1,7,2,3,3,5,1,8,7,3,8,8,1,8,0,7,3,5,4,7,7,7,5,8,7,4,3,3,2,9,2,5,3,4,8,5,5,6,0,8,4,6,0,3,8,6,9,1,5,1,9,2,8,2,1,5,9,1,4,5,7,1,4,2,1,9,1,3,5,1,3,4,1,7,0,3,9,4,3,6,3,4,7,2,6,8,1,0,7,7,8,6,7,7,1,2,5,4,2,2,4,3,2,6,8,0,2,4,1,1,6,6,6,6,7,5,1,9,1,3,0,6,9,5,5,5,1,8,4
65,7,4,5,4,6,4,2,0,4,1,0,1,9,4,3,4,1,4,7,5,7,0,4,4,1,3,4,1,0,1,1,1,6,3,9,3,6,6,5,7,2,0,3,9,1,4,5,3,2,2,0,5,3,5,2,2,3,7,9,6,2,9,4,1,0,5,7,6,5,1,3,3,4,3,7,3,1,7,8,5,1,1,9,4,1,0,6,9,1,8,2,8,3,0,8,2,2,9,6,3,5,3,6,6,3,9,5,9,3,8,7,2,1,5,7,8,3,3,6,6,1,2,1,8,4,9,2,2,8,6,8,3,4,2,8,7,5,4,1,6,6,3,2,8,5,8,4,5,4,1
66,2,2,9,3,1,2,9,3,9,8,8,0,4,8,2,6,2,3,4,4,7,7,7,6,9,0,1,1,8,7,9,6,3,0,5,8,0,2,8,5,7,9,7,7,7,4,3,7,8,2,3,0,5,9,2,2,8,3,4,8,3,9,8,5,4,0,9,3,1,8,5,3,5,5,8,1,6,6,9,4,3,0,5,9,4,3,2,2,8,2,6,7,8,5,5,2,9,1,3,6,1,2,6,9,7,1,7,4,6,8,0,2,5,3,8,4,6,3,1,5,0,6,5,1,4,3,7,8,4,6,7,7,7,6,6,1,4,8,4,3,4,6,7,4,6,7,3,3,5,9
67,3,4,7,8,4,4,4,6,4,4,4,6,7,0,7,2,3,4,0,2,5,6,6,1,7,8,1,2,5,3,2,1,7,9,2,5,8,0,3,8,1,2,6,1,6,6,4,6,6,7,7,9,2,3,3,4,6,0,9,8,2,6,1,5,6,4,0,6,7,4,9,2,8,4,9,0,3,3,9,4,1,8,0,4,7,1,6,0,1,2,7,7,4,2,4,7,4,4,4,8,6,2,1,7,3,8,7,5,7,1,2,4,4,9,5,1,8,2,7,8,2,1,6,2,3,5,5,6,2,8,4,2,7,1,4,2,3,5,5,2,4,4,0,5,9,7,7,7,7,4
68,4,7,8,6,2,2,9,4,1,6,4,1,5,6,0,0,1,3,4,9,2,3,6,5,0,8,2,2,4,2,4,4,1,1,2,3,1,1,8,2,1,6,6,4,4,4,2,6,8,2,5,2,5,2,9,9,8,2,6,4,6,0,3,4,5,9,1,0,3,5,6,7,4,8,6,1,7,5,8,4,2,9,8,2,0,0,4,0,2,3,1,4,6,4,1,3,6,8,5,5,2,0,3,9,3,6,3,4,1,4,9,5,8,3,3,3,2,6,2,4,2,3,2,9,5,0,1,6,0,8,1,4,3,8,5,5,6,3,8,6,9,6,0,4,0,3,1,2,8,3
69,4,8,7,6,4,6,7,2,6,4,7,5,2,0,8,8,4,4,1,6,9,4,4,3,1,2,7,3,3,8,3,2,4,2,5,3,8,6,2,4,2,2,3,9,5,5,8,7,3,2,2,4,9,6,7,3,4,3,1,5,4,7,4,0,4,4,8,8,0,2,8,6,3,3,1,6,5,2,5,2,4,7,8,3,2,4,6,3,7,2,8,5,7,7,3,7,4,4,5,1,3,8,3,6,8,3,7,5,3,3,1,9,6,7,4,8,8,1,4,3,6,7,7,7,8,8,2,1,5,6,2,7,8,3,3,2,0,2,5,3,7,2,9,4,1,2,2,2,3,5
70,6,4,1,6,8,9,8,7,4,2,5,5,7,0,3,2,9,6,7,5,6,3,2,2,9,2,4,5,5,4,3,7,3,2,0,5,0,6,2,1,6,7,6,1,9,2,5,6,2,6,2,4,1,1,1,5,3,5,4,3,5,6,7,6,5,9,5,8,2,0,7,3,5,2,6,1,5,6,8,3,4,7,4,6,0,4,1,7,2,3,3,8,8,5,8,6,6,7,4,3,2,7,5,4,3,1,0,2,5,5,6,8,1,5,8,8,2,9,6,4,4,3,7,0,5,1,4,8,2,3,6,2,4,7,1,6,4,1,5,1,7,1,8,9,0,1,6,2,4,4
71,2,8,2,6,5,9,9,2,7,2,1,6,1,4,3,0,9,3,7,3,5,2,3,6,9,6,7,5,8,1,8,4,1,8,4,7,7,8,5,7,3,5,1,9,2,9,8,2,8,9,1,2,4,6,1,6,2,5,5,3,0,3,6,7,0,2,6,2,5,5,0,3,3,1,1,8,5,2,2,0,8,7,6,4,5,8,2,7,7,6,4,1,0,2,1,5,3,7,8,5,1,3,4,6,5,1,4,3,8,5,7,6,2,0,5,8,8,8,2,6,5,9,0,0,8,5,7,7,1,5,3,7,8,6,6,3,2,5,7,9,3,9,4,2,2,5,9,2,2,1
72,3,1,7,3,7,1,3,5,7,6,2,6,2,2,3,4,7,8,0,6,1,7,2,2,7,4,7,5,1,9,4,9,2,5,8,1,3,0,3,9,6,7,3,1,4,6,5,3,3,8,4,9,1,7,5,1,4,6,0,6,0,6,5,4,4,3,8,5,2,5,8,0,1,0,3,1,3,8,3,4,8,3,3,6,9,3,3,7,8,3,7,2,2,9,5,3,0,7,7,8,8,8,5,6,4,8,9,1,3,4,3,7,7,4,6,2,4,4,4,5,1,4,4,8,7,5,9,6,8,1,6,3,6,5,1,3,8,8,9,1,8,7,9,4,7,1,1,3,3,4
73,4,9,3,7,7,0,1,2,7,5,2,3,4,1,9,5,5,8,0,9,2,1,6,3,4,8,5,6,7,2,0,2,8,6,6,8,8,9,7,8,4,3,4,6,1,9,8,2,8,3,6,9,4,7,3,6,3,2,4,3,6,3,3,5,2,2,8,8,9,9,6,6,0,1,3,1,7,8,7,2,4,8,7,7,8,7,4,6,7,5,7,6,9,5,5,6,3,8,4,3,4,9,1,1,9,1,8,2,5,7,5,7,3,2,8,2,3,9,0,2,5,5,2,8,4,6,6,2,0,3,7,1,5,5,4,0,0,6,0,9,4,5,6,4,2,6,7,3,5,1
74,7,1,2,2,6,1,1,5,8,9,2,5,9,7,6,6,3,4,8,1,2,7,1,8,6,3,5,4,8,5,7,1,0,6,6,8,2,7,0,7,3,3,1,0,1,9,5,6,3,1,5,6,2,3,2,6,6,5,2,4,6,6,4,6,0,7,0,8,7,0,6,6,3,0,1,0,2,0,7,9,5,6,5,8,2,6,5,5,1,4,6,2,6,0,4,5,3,7,6,4,6,6,0,7,9,7,4,4,2,6,3,6,5,7,5,5,1,7,2,8,4,9,1,6,3,3,4,0,7,9,0,0,5,1,3,3,2,4,8,8,4,6,8,3,2,6,7,1,2,7
75,1,1,2,2,2,7,6,6,4,4,7,4,1,7,5,6,6,3,3,0,2,1,9,8,3,3,8,1,4,3,1,4,3,1,2,8,2,6,7,8,6,7,2,7,5,4,5,7,3,2,2,4,1,6,8,5,2,7,1,3,7,2,3,5,5,2,1,3,8,4,3,9,7,1,0,1,5,4,8,5,0,5,3,2,5,7,4,7,4,1,3,5,9,5,1,4,4,6,3,4,9,2,2,4,8,2,8,8,2,8,0,7,0,2,4,5,2,1,6,4,7,0,6,5,7,2,4,7,4,2,6,9,8,0,5,0,4,5,9,7,6,2,7,7,8,8,7,7,4,7
76,7,5,1,9,0,1,2,5,2,4,5,2,6,6,2,1,7,4,2,4,2,3,4,9,3,7,8,3,6,8,4,8,8,7,5,8,3,6,3,2,8,9,5,4,1,7,2,8,2,1,3,7,8,6,7,4,0,1,8,4,1,1,7,5,8,4,6,5,4,4,6,1,3,4,7,0,5,1,6,7,3,8,5,2,7,4,9,4,5,7,0,6,5,5,3,8,4,1,2,1,3,9,4,2,8,4,6,1,3,6,4,2,7,7,2,6,5,2,9,3,8,8,7,9,7,1,9,4,3,2,7,6,2,7,8,3,1,8,6,3,3,5,2,2,1,4,4,9,6,2
77,6,0,7,4,1,8,1,2,7,2,1,1,7,8,8,4,4,3,6,8,9,3,7,3,2,8,1,7,3,9,8,6,2,3,6,4,5,5,2,9,0,1,4,5,5,9,3,1,7,6,4,5,9,5,5,9,8,9,3,4,5,7,1,6,9,2,8,5,7,4,7,7,5,8,2,1,0,3,7,7,8,5,1,4,8,6,1,7,3,3,8,4,5,4,1,1,3,4,4,2,6,8,8,5,3,4,2,6,5,5,8,4,8,3,7,7,3,8,1,8,4,4,5,2,7,2,4,3,4,6,8,2,8,9,8,3,5,2,3,4,2,7,7,1,2,4,7,5,2,9
78,1,7,2,8,1,9,3,3,6,4,7,7,7,4,1,6,5,4,8,5,7,7,3,9,8,4,7,0,2,1,8,9,4,5,7,5,7,5,8,9,4,7,8,5,6,2,4,4,9,3,0,8,7,2,9,7,3,9,3,4,6,0,5,7,3,3,5,5,7,1,3,8,5,9,9,7,6,0,3,6,9,8,8,0,0,4,6,4,8,0,0,3,8,3,5,6,0,9,1,4,2,5,1,6,1,3,0,3,5,9,1,6,8,4,3,8,7,5,3,7,5,6,8,0,2,3,3,9,0,6,0,4,7,8,1,7,9,8,7,2,4,4,1,5,2,6,1,1,7,3
79,1,5,7,2,2,5,3,3,2,8,3,1,2,5,6,6,3,2,1,4,0,0,4,7,8,5,3,3,6,8,0,9,4,6,3,8,3,5,6,7,3,5,4,0,8,7,8,1,3,2,2,6,4,5,7,8,4,6,8,1,8,6,7,2,3,0,5,4,7,8,7,4,6,2,6,0,5,6,0,8,0,5,5,3,3,4,2,4,3,3,6,0,7,5,0,4,3,8,9,3,8,9,5,2,7,9,4,2,2,8,5,6,3,0,2,9,3,7,0,3,3,8,2,2,5,7,3,5,6,8,3,7,4,3,2,9,2,5,1,4,5,1,8,4,3,7,3,5,7,9
80,6,7,5,3,4,2,3,3,8,4,7,1,7,2,3,7,9,7,1,7,4,9,2,4,1,8,1,7,6,4,3,7,5,7,6,3,2,8,1,1,4,0,5,7,6,3,5,3,1,2,3,6,4,5,4,5,5,8,3,1,4,8,5,4,7,6,5,3,8,9,2,0,6,4,7,7,3,8,6,0,3,7,3,8,1,5,2,6,3,8,0,4,0,3,3,9,8,0,7,8,7,3,2,6,9,4,5,7,5,7,5,8,2,6,1,6,4,7,5,3,8,8,2,5,8,1,8,6,8,3,6,6,5,2,6,4,3,4,2,6,2,8,2,0,8,7,8,4,4,8
81,8,6,4,2,2,2,2,5,8,2,2,6,5,5,5,3,6,4,6,6,6,5,5,5,7,8,3,6,2,5,6,6,3,2,7,4,3,7,2,6,7,2,5,0,8,3,4,8,6,4,5,3,5,8,1,4,3,2,8,5,6,4,6,4,9,9,1,5,5,4,2,8,8,5,5,7,0,8,7,6,0,1,5,6,9,5,5,8,9,0,5,5,1,3,2,7,4,4,5,8,2,0,4,4,8,2,7,5,0,6,5,8,2,8,0,3,8,4,0,8,4,7,8,5,1,4,8,2,9,4,5,6,9,6,4,1,1,6,3,5,4,1,8,7,2,1,4,2,8,5
82,7,3,2,2,9,9,4,8,0,3,1,5,3,0,2,6,9,8,2,6,5,5,2,1,4,5,7,4,6,8,5,6,6,5,8,7,2,9,1,8,3,6,1,7,6,8,4,5,0,3,2,2,6,6,5,7,3,9,3,5,5,1,9,7,2,2,8,4,6,8,6,3,8,6,7,7,4,7,8,8,1,0,3,9,6,3,5,2,2,8,8,3,2,5,9,4,5,9,8,5,8,6,1,2,8,3,1,8,5,4,0,6,2,1,5,2,5,3,7,2,4,3,4,4,8,8,8,3,2,4,3,0,5,3,1,1,9,5,3,8,4,8,4,3,6,6,3,2,2,7
83,1,4,6,2,1,3,7,8,2,3,8,6,8,8,2,2,6,2,0,8,3,5,3,8,2,7,8,1,1,1,4,0,5,5,3,4,4,3,0,5,2,0,2,3,6,5,4,7,4,6,3,4,7,5,2,4,1,7,9,6,4,7,3,0,7,3,8,1,2,3,7,5,7,1,2,4,6,2,6,8,3,1,0,5,9,7,8,5,1,2,4,0,3,5,3,5,3,9,0,9,6,5,7,8,3,5,2,3,2,4,2,3,4,1,3,6,5,9,2,8,0,5,3,4,3,8,7,7,9,5,5,2,8,1,2,6,7,5,0,7,2,3,1,6,7,4,7,7,8,2
84,1,7,2,5,1,8,1,6,3,0,3,9,5,7,8,8,4,5,6,6,2,5,9,1,8,4,9,8,4,5,8,8,6,5,8,9,2,1,9,7,4,8,5,6,6,7,1,1,5,7,3,2,1,4,1,0,5,8,8,9,0,3,1,2,5,4,3,0,7,8,1,3,7,5,3,3,4,4,5,4,3,9,9,0,9,9,4,1,4,1,2,0,4,4,2,2,5,9,3,7,0,7,6,6,7,2,9,3,5,7,5,3,0,2,8,8,4,3,7,0,1,3,5,8,6,0,5,5,6,4,0,1,2,3,2,3,5,8,5,3,9,1,3,5,7,6,4,3,3,4
85,2,7,2,5,6,9,2,8,4,5,4,1,3,1,1,7,0,1,5,4,7,3,6,8,3,3,5,6,9,7,2,3,5,3,4,7,9,8,5,1,4,6,8,3,3,5,2,4,9,4,5,1,3,1,5,4,0,6,5,6,6,4,5,9,6,7,9,9,8,4,1,5,3,7,8,3,0,8,8,2,4,2,9,3,0,8,8,1,1,0,8,3,8,1,1,5,4,3,3,9,1,7,7,9,3,6,1,0,5,5,1,8,5,1,6,2,6,5,7,3,1,1,7,7,0,1,7,4,1,7,3,4,2,2,3,4,6,4,8,4,1,2,3,5,0,9,5,4,1,8
86,9,6,4,1,2,4,5,4,2,2,5,4,3,5,4,2,4,1,7,4,0,3,2,7,8,2,3,6,8,2,7,1,5,8,6,3,7,5,8,2,3,6,3,7,4,6,6,3,9,8,6,1,8,6,6,3,7,7,7,0,4,8,3,4,3,5,0,8,4,5,1,5,7,4,3,1,4,8,9,9,7,4,0,5,3,0,6,5,8,6,5,5,8,8,5,4,6,9,0,8,4,6,7,5,3,3,2,6,7,5,7,8,8,2,9,5,3,7,7,7,9,5,8,0,4,7,3,6,8,8,2,2,2,4,3,3,8,4,3,3,1,7,6,5,7,5,7,3,6,7
87,5,5,6,4,4,6,7,6,2,8,8,4,8,1,7,3,3,3,4,0,5,8,1,2,8,7,3,7,5,3,3,5,4,7,6,8,4,9,8,3,8,6,0,1,7,4,2,6,4,3,6,7,3,6,1,6,3,9,4,3,4,7,6,5,7,5,8,7,1,7,8,2,1,7,3,9,4,6,7,6,1,2,3,4,2,2,0,4,3,4,6,8,8,4,5,4,6,5,3,5,9,2,6,3,8,3,6,1,4,1,7,7,7,8,4,2,7,8,8,9,1,6,7,7,7,7,2,8,4,0,4,7,4,1,5,4,5,1,3,3,4,9,2,7,6,7,0,0,2,8
88,6,8,1,4,8,3,9,1,1,2,7,5,5,2,3,5,7,7,3,4,2,1,4,9,2,1,4,2,5,5,7,5,6,4,3,3,5,1,8,1,7,3,3,1,3,1,4,2,8,7,4,8,2,5,7,8,5,1,9,0,2,1,1,2,1,2,3,8,0,5,1,8,6,5,0,7,1,4,6,8,2,7,0,7,3,8,9,0,5,9,5,5,4,4,8,7,1,5,7,7,2,6,8,5,4,1,2,3,2,3,2,3,3,6,8,6,4,3,7,3,2,1,4,5,0,2,4,6,2,1,7,2,8,6,7,7,7,2,3,1,4,5,0,6,7,8,1,7,1,1
89,5,1,4,8,4,7,5,2,1,8,9,3,7,1,3,7,3,3,2,2,7,5,6,7,6,3,5,4,9,3,5,5,3,1,7,4,2,7,5,3,3,9,1,6,5,0,9,8,4,8,4,7,7,6,1,5,1,6,3,8,7,2,4,4,2,4,1,1,4,2,8,8,7,4,3,5,9,7,6,6,2,5,2,5,6,3,6,7,0,2,2,4,3,0,2,8,7,2,1,8,3,7,3,8,1,7,3,9,6,1,9,1,8,9,2,7,4,5,2,5,6,7,3,7,9,5,6,8,6,8,5,0,2,1,5,6,9,8,5,6,4,3,0,2,7,8,7,8,5,3
90,7,6,6,9,7,1,2,4,7,8,8,2,2,7,9,7,6,5,7,2,3,2,5,8,3,5,2,6,7,4,7,3,8,5,8,6,9,2,8,4,7,6,7,9,1,6,1,9,1,8,5,7,2,4,8,9,2,4,2,4,8,7,4,3,5,1,5,9,2,8,1,7,1,5,7,2,1,1,2,5,6,4,4,1,4,7,5,6,7,0,2,4,2,4,6,2,8,5,3,4,8,5,0,9,5,6,5,3,2,8,8,3,8,2,6,7,0,1,0,6,8,5,1,1,3,0,2,9,1,5,6,0,8,1,4,4,6,1,3,3,4,8,7,8,6,4,5,3,8,8
91,3,5,6,2,6,0,8,8,6,5,5,5,3,6,9,5,4,1,2,6,6,1,7,6,6,7,7,4,8,5,6,1,0,8,7,3,1,5,2,8,8,3,3,0,0,1,7,5,2,9,5,6,8,2,2,8,1,2,8,7,9,0,4,4,7,7,9,2,7,2,5,5,8,4,7,1,7,8,3,1,6,2,3,8,1,6,5,8,6,2,0,6,2,7,8,4,1,0,4,9,7,2,1,9,6,0,1,4,2,1,7,6,6,3,4,2,4,5,5,6,7,1,6,2,1,6,1,8,6,4,1,3,7,8,5,2,2,1,3,4,8,5,2,3,7,6,4,5,5,3
92,4,4,1,1,3,6,2,1,3,3,8,4,3,2,8,7,8,8,6,1,1,0,8,7,3,3,6,4,0,1,8,6,1,6,2,3,8,2,8,1,7,2,7,7,4,2,3,5,9,7,5,0,0,1,2,3,2,5,3,5,2,8,3,2,7,4,8,7,1,5,6,2,1,2,2,4,4,0,8,0,0,9,1,3,8,2,3,5,3,8,2,0,4,7,2,8,3,8,8,4,4,7,6,2,4,7,7,4,4,4,3,6,6,5,2,1,5,6,3,5,2,7,6,7,1,7,3,1,2,4,6,3,4,1,4,7,6,6,7,8,4,6,1,9,2,4,5,1,6,8
93,3,5,7,3,3,9,0,0,6,6,3,5,3,3,6,8,4,0,5,0,7,1,3,8,2,7,8,6,6,1,1,3,8,7,7,7,2,0,0,4,7,8,1,2,4,3,3,6,0,7,7,3,6,7,7,7,6,3,5,9,1,4,6,7,2,8,5,4,2,7,8,1,0,4,8,5,7,1,1,8,2,2,2,5,6,5,3,8,3,7,6,0,0,1,3,4,1,1,2,5,4,5,3,6,0,3,3,1,7,7,0,6,5,3,0,8,6,6,1,6,5,4,9,4,6,6,6,4,2,3,2,5,2,2,3,3,2,2,9,8,1,8,6,6,6,7,6,1,9,9
94,9,2,2,6,6,3,9,5,3,3,3,1,4,6,5,6,8,2,2,7,2,4,5,8,5,8,7,6,2,0,5,8,6,1,8,3,2,3,5,0,5,8,8,0,9,8,4,6,6,8,7,1,6,8,4,8,3,9,3,5,7,6,3,1,2,6,4,8,6,7,9,8,5,4,8,1,4,3,9,5,4,3,0,0,3,4,4,7,1,1,3,2,4,0,1,2,2,6,7,7,3,0,4,2,4,3,3,8,1,5,8,4,8,9,5,9,8,0,8,4,9,1,9,2,1,5,0,7,1,0,8,7,6,2,2,6,4,7,2,5,6,8,6,3,4,0,8,2,2,9
95,0,5,3,3,1,7,4,7,2,4,3,6,6,8,9,4,6,5,2,1,3,3,5,8,3,1,8,6,7,2,2,4,6,2,3,2,3,5,7,4,3,6,7,5,5,0,2,4,6,4,6,1,6,7,4,2,5,1,4,5,6,8,0,7,8,1,4,3,0,8,2,8,6,7,1,5,8,7,6,6,2,1,5,9,8,6,1,1,5,7,4,0,3,1,0,8,4,2,4,6,5,6,2,0,9,0,7,6,6,2,5,7,1,2,1,0,9,6,6,1,4,2,9,1,3,0,7,4,9,3,1,2,2,1,3,5,1,5,7,1,3,8,8,9,8,2,6,5,1,9
96,0,4,6,8,7,6,3,0,3,1,4,1,2,6,7,1,5,1,5,7,3,4,1,3,2,9,8,7,0,5,8,6,1,5,3,2,1,9,6,0,5,5,3,3,6,5,8,4,4,6,9,1,5,1,7,0,3,6,5,3,7,6,0,3,7,7,2,4,3,7,7,1,9,4,2,4,1,1,4,0,7,9,9,6,5,9,1,2,8,5,4,4,4,9,5,0,5,4,2,6,5,5,4,5,7,5,5,6,9,1,7,6,6,5,4,4,7,1,4,1,2,2,4,4,5,2,2,4,5,2,5,2,7,3,7,4,6,8,8,1,1,0,2,3,7,4,4,7,9,6
97,9,4,6,7,9,5,7,6,3,8,4,1,8,8,5,8,9,3,2,5,2,8,7,8,3,5,8,1,6,3,2,3,1,2,8,2,7,7,3,2,6,0,6,1,7,2,7,8,0,3,8,4,1,8,8,1,1,2,3,3,9,5,3,4,4,7,6,8,1,4,1,8,1,8,3,1,7,4,7,8,1,2,8,9,4,4,8,3,1,2,3,9,0,6,8,0,0,1,2,8,3,1,1,4,9,1,7,4,2,1,1,2,2,4,3,6,5,7,2,0,3,9,8,6,4,2,7,9,9,2,0,6,5,5,4,5,6,1,4,4,1,5,8,5,0,9,6,9,5,1
98,6,6,8,8,0,8,3,2,0,7,9,6,2,4,1,0,5,7,7,9,3,2,8,0,7,6,5,3,6,8,2,1,2,8,1,1,2,8,4,5,1,4,1,4,7,2,8,1,7,8,2,8,4,9,1,2,8,9,2,1,9,3,7,0,4,1,4,7,2,6,6,4,4,4,2,6,2,5,5,1,4,6,7,2,7,1,7,7,7,3,9,8,0,5,7,1,3,0,4,5,6,4,1,3,0,7,8,1,5,5,5,9,4,2,5,8,6,1,2,4,6,1,4,2,8,7,7,8,3,5,5,7,6,0,8,7,7,1,3,2,6,4,9,3,5,4,9,3,6,2
99,8,6,8,0,2,8,1,6,0,9,8,8,9,2,7,7,7,7,6,4,5,8,2,8,7,7,2,7,3,1,2,7,2,7,8,7,8,6,7,7,4,4,2,1,7,2,5,6,7,0,9,3,3,2,2,6,3,1,1,1,0,4,8,4,5,8,2,0,6,4,9,3,4,3,9,1,0,2,1,4,5,0,6,5,4,1,7,7,6,4,5,1,9,8,2,4,5,0,0,2,4,5,5,6,2,8,6,6,7,7,2,3,4,4,3,0,8,7,5,7,3,4,2,3,3,0,8,0,4,4,8,8,2,5,2,6,4,8,3,7,3,1,1,3,1,9,5,3,4,4
100,1,0,4,4,5,6,4,5,1,4,8,6,0,2,2,9,3,7,6,4,7,1,7,2,3,5,7,5,8,3,9,1,7,5,8,3,0,5,6,4,7,0,2,1,9,2,2,0,8,4,9,7,2,4,6,2,8,5,6,3,1,5,2,5,3,3,7,7,1,5,0,7,8,8,7,6,9,3,4,3,3,5,6,1,7,7,8,9,1,9,8,1,2,4,5,0,6,0,7,0,1,5,9,6,0,8,5,6,8,1,4,8,9,4,1,4,2,4,8,1,8,3,3,3,8,8,4,5,9,6,5,3,4,2,8,4,5,8,3,9,6,2,2,8,1,6,9,5,7,6
101,2,1,4,6,3,5,5,8,7,6,5,6,8,8,5,7,7,8,7,5,6,1,3,2,5,5,6,5,6,6,2,4,7,7,6,8,1,9,8,1,1,4,5,5,3,7,1,3,1,1,8,8,1,9,1,3,4,8,7,4,7,9,1,4,5,2,2,8,5,7,6,4,2,9,4,9,8,3,1,7,6,4,0,5,3,9,2,7,5,1,3,8,4,2,8,0,5,3,2,2,0,5,9,2,4,4,7,6,4,5,4,5,8,8,3,3,3,6,0,8,1,7,5,2,3,7,1,2,7,3,7,7,2,1,9,3,5,6,8,1,5,4,5,5,2,5,5,4,8,4
102,1,6,4,1,2,7,6,6,4,2,0,4,7,5,7,3,7,9,1,7,4,5,8,3,5,3,9,5,2,3,3,3,0,5,4,9,3,8,1,3,3,4,8,1,9,3,5,1,3,9,4,0,7,2,3,5,6,8,8,4,2,1,8,8,4,2,9,1,1,8,6,4,8,1,1,3,3,6,3,1,3,5,3,9,5,6,2,9,0,7,8,4,4,9,2,4,0,0,6,6,3,0,0,8,4,2,8,1,0,5,8,1,1,7,2,1,8,3,6,7,6,5,7,2,1,4,7,9,8,5,3,1,3,4,5,1,4,6,2,8,8,4,0,3,8,4,1,5,2,8
103,8,7,8,2,3,1,5,5,6,7,5,5,7,3,2,7,4,2,8,0,9,0,1,4,1,5,5,7,0,8,2,8,9,3,7,4,3,9,3,0,4,5,9,1,4,8,2,2,6,9,5,1,6,4,6,6,2,2,2,2,5,1,8,6,1,5,1,2,6,6,8,0,5,5,5,4,0,8,6,4,7,8,7,0,8,8,5,9,3,6,6,2,1,1,3,9,7,7,1,2,4,1,0,3,7,3,5,8,4,6,3,9,7,5,6,5,3,4,0,5,6,8,6,9,9,4,1,1,1,8,8,5,0,7,9,1,2,2,3,1,2,2,8,4,4,2,8,8,7,6
104,7,2,6,8,4,7,2,0,2,5,1,2,1,4,9,5,2,2,3,4,8,5,5,3,3,5,6,1,8,4,6,3,1,5,7,8,9,3,3,5,9,2,3,5,7,6,8,5,8,5,3,5,3,6,3,8,5,7,1,6,2,5,8,8,5,7,3,5,6,5,4,2,4,3,8,2,1,6,5,4,5,0,7,6,1,1,3,5,5,8,3,5,4,4,1,7,8,2,8,7,2,8,7,0,1,1,2,8,7,4,0,1,7,1,3,4,5,0,5,2,7,3,4,8,8,2,6,1,4,3,2,6,6,4,5,6,3,3,6,1,5,1,4,8,8,6,4,7,7,3
105,5,4,8,5,6,5,5,3,7,4,3,6,3,3,0,2,7,1,2,2,7,7,7,9,2,2,9,1,1,0,7,3,1,0,6,1,3,3,3,4,0,2,5,7,8,8,7,2,6,8,3,7,0,3,1,4,4,2,7,6,5,6,7,7,5,2,3,6,2,5,5,3,1,5,9,8,1,0,7,8,2,5,2,4,8,0,8,4,3,8,2,5,1,8,4,1,7,2,3,9,5,6,7,6,0,1,3,7,9,8,2,3,5,4,4,4,4,1,1,5,0,1,0,5,6,4,2,5,3,0,5,3,8,0,2,4,8,3,8,7,3,5,7,6,8,5,6,2,7,4
106,7,3,3,9,1,7,1,1,1,7,4,4,2,8,8,1,7,4,1,1,3,4,0,3,4,9,3,5,4,5,5,6,1,4,3,1,1,3,2,9,1,7,4,1,1,2,3,1,0,2,3,7,9,1,2,2,1,5,4,9,1,8,8,2,1,7,3,4,6,5,3,4,5,2,5,8,7,7,8,1,9,6,8,1,3,9,8,7,4,8,7,8,0,2,8,0,8,5,7,5,4,9,3,1,6,0,6,2,8,5,1,5,4,2,5,8,6,2,6,6,8,8,7,7,5,9,5,6,6,2,7,8,8,1,6,8,7,2,1,4,3,6,6,4,3,7,7,5,0,3
107,5,2,1,9,6,0,4,7,3,7,4,1,0,7,8,7,2,7,3,5,0,7,8,3,3,7,0,5,8,2,5,2,0,8,4,6,0,9,3,6,6,3,6,4,8,8,1,4,7,7,0,9,6,8,8,1,1,6,4,2,3,7,6,6,3,2,4,9,8,8,6,2,6,2,2,2,5,9,1,7,2,6,4,2,4,8,9,0,1,5,3,4,1,2,8,2,9,3,3,4,9,4,7,3,7,2,0,4,4,5,7,6,0,9,3,8,0,3,2,0,2,1,6,4,0,1,4,4,6,3,5,4,2,3,1,4,8,9,4,3,2,8,8,6,0,8,9,9,3,3
108,2,1,3,1,7,2,0,2,6,3,0,0,5,5,9,2,5,6,5,9,5,6,4,8,2,4,6,4,1,5,3,6,2,9,5,7,6,2,5,5,2,7,4,6,0,8,2,6,3,9,5,7,1,7,3,7,2,6,2,6,4,9,5,5,1,1,0,4,6,4,2,3,2,2,4,5,7,3,2,4,3,7,0,3,2,7,6,4,2,3,8,2,1,2,9,7,7,5,2,4,8,8,2,2,3,8,5,0,3,0,8,7,4,2,8,7,9,8,3,6,3,9,1,7,6,3,5,1,3,7,4,0,4,5,7,2,2,8,1,2,9,6,5,8,2,3,1,5,7,2
109,4,5,5,3,2,2,6,2,2,7,2,8,5,5,6,7,1,8,8,5,7,4,3,6,2,8,5,7,3,1,6,5,3,3,4,5,9,6,4,2,7,2,0,7,6,1,8,5,2,1,2,1,4,3,8,8,1,3,5,1,8,3,8,5,2,4,5,0,3,3,7,3,6,6,4,1,1,1,7,2,7,2,7,4,8,9,4,1,7,2,5,0,7,6,7,4,8,7,3,4,4,7,8,9,1,2,8,9,0,4,7,2,8,3,7,8,1,1,3,1,8,6,3,8,9,2,7,7,7,7,0,2,6,0,0,0,9,7,1,9,0,7,1,4,9,0,6,3,0,0
110,8,6,7,3,2,4,8,8,4,5,2,6,3,1,5,6,2,4,7,4,5,1,5,2,5,9,5,2,2,1,3,6,6,3,7,1,2,2,3,7,7,3,7,4,4,0,8,7,9,0,7,2,1,7,4,2,7,8,2,0,9,8,7,7,1,2,3,3,1,3,1,7,2,9,2,6,5,7,1,5,4,7,1,7,0,2,5,5,7,2,7,3,6,6,2,1,5,1,5,6,4,6,1,3,6,6,6,1,7,0,5,1,3,0,5,3,6,1,1,5,3,3,5,7,4,5,4,1,3,3,5,2,7,7,1,3,0,6,9,2,5,5,1,3,3,4,8,2,9,7
111,2,5,6,1,6,4,6,0,6,2,8,5,0,6,4,5,2,2,8,2,7,7,7,3,3,6,6,4,2,2,8,4,7,5,3,8,7,8,4,8,7,7,9,4,9,6,1,7,4,9,7,0,7,8,6,2,8,8,1,0,6,2,1,1,0,2,5,2,7,1,1,1,4,7,4,8,2,6,7,0,5,3,6,5,6,5,2,5,9,8,6,5,1,1,7,7,7,6,3,1,5,1,8,5,3,5,2,4,3,5,0,1,8,5,7,7,1,7,0,3,7,8,4,2,1,4,5,4,6,5,9,4,9,3,6,7,0,7,7,6,7,2,0,9,3,5,9,6,2,5
112,0,1,8,5,8,8,2,9,9,7,8,5,7,6,8,5,6,7,7,0,2,3,1,9,1,8,1,5,8,4,4,5,2,1,9,2,3,8,6,4,3,4,5,1,3,1,2,2,0,1,1,6,6,8,6,9,2,2,6,2,4,8,1,5,1,6,1,8,6,2,7,6,7,6,7,6,6,4,7,5,7,3,0,4,9,2,7,4,7,2,9,7,1,6,8,2,9,7,6,2,7,1,3,4,7,4,5,2,3,7,4,0,7,3,3,6,8,2,5,0,3,4,4,1,5,2,4,0,8,5,2,4,2,0,0,5,1,9,9,1,3,6,7,8,6,4,3,6,2,2
113,9,4,5,6,8,5,3,0,3,5,5,8,7,0,5,8,7,2,4,4,4,2,2,5,3,2,7,3,5,2,1,3,7,6,8,6,1,4,1,2,2,5,8,4,3,6,4,8,4,5,5,3,8,3,8,5,9,3,3,4,5,3,8,5,4,4,6,5,7,6,1,7,1,3,5,6,8,2,1,5,5,6,7,5,8,7,1,3,7,6,1,2,4,8,5,1,9,2,4,1,7,6,6,3,2,6,5,3,7,0,9,8,0,8,1,9,4,7,4,8,3,2,3,8,8,1,4,2,9,7,4,1,5,4,6,5,5,1,7,7,0,1,8,5,0,4,1,2,8,3
114,4,3,8,7,6,7,8,0,2,7,1,0,7,3,5,3,1,8,1,6,5,0,8,2,5,7,6,7,6,7,6,3,3,8,7,2,4,7,7,3,5,4,1,3,5,6,5,0,2,5,8,3,3,5,7,0,1,8,3,3,3,6,1,7,1,3,2,8,0,1,7,6,5,1,7,7,8,5,8,7,9,3,1,3,7,1,0,7,4,0,8,2,6,3,3,5,4,6,5,5,0,6,4,0,6,7,9,4,1,7,1,8,1,0,6,2,2,9,2,8,7,1,5,3,6,7,5,0,4,4,5,8,7,7,8,5,8,3,6,8,7,3,2,9,9,1,9,8,8,6
115,1,6,7,8,7,6,6,3,9,4,2,4,8,5,2,4,6,5,4,2,4,2,7,5,3,3,6,8,3,2,3,2,8,6,6,5,0,7,9,5,6,1,5,3,8,1,4,4,8,4,4,6,1,4,1,3,7,8,7,7,7,2,2,6,8,5,1,9,7,6,1,0,8,8,3,6,8,6,7,5,6,4,1,6,4,8,8,5,0,3,2,5,7,1,3,2,5,8,8,6,9,8,5,4,3,8,6,2,0,3,5,6,8,3,0,8,3,2,7,8,3,4,1,1,1,7,6,1,9,8,2,7,7,6,5,3,6,6,7,9,5,7,1,8,5,7,4,5,1,3
116,7,1,5,7,1,4,8,5,7,7,1,1,7,6,1,2,3,1,6,1,6,8,8,1,2,1,1,1,5,7,9,6,3,3,6,2,1,0,6,1,1,3,8,4,7,7,8,6,5,2,1,5,1,9,1,6,8,1,7,2,7,3,3,4,8,5,4,3,7,2,9,5,7,0,8,4,7,5,8,1,9,6,3,4,3,9,9,5,2,1,7,2,4,5,6,4,0,5,6,4,3,6,6,2,6,0,8,7,0,2,1,6,3,6,5,0,6,8,1,7,1,1,6,8,7,6,6,1,6,1,3,2,3,1,1,1,1,0,7,7,5,5,5,2,1,1,2,0,0,1
117,7,1,6,0,0,7,4,2,3,1,1,5,4,3,2,8,6,4,4,7,4,8,6,6,6,7,2,5,5,3,8,0,6,2,1,5,6,3,8,5,8,4,8,1,7,7,5,3,9,7,4,6,1,2,7,6,5,1,3,4,7,5,2,3,7,6,4,9,7,8,6,4,1,6,4,9,5,5,5,4,0,6,8,8,8,5,4,5,9,8,4,8,3,3,1,2,7,6,6,8,3,7,2,3,6,6,1,5,9,1,3,2,7,8,4,4,0,6,2,3,5,4,5,8,6,5,9,2,1,7,3,1,0,3,8,5,1,2,8,2,1,5,0,4,5,7,2,2,2,2
118,2,9,2,8,4,7,4,7,1,3,7,0,4,1,7,1,6,4,6,1,2,3,7,2,3,8,1,2,1,6,7,6,6,9,6,3,2,4,6,9,3,4,3,1,0,0,7,8,7,6,8,5,4,2,2,4,6,6,5,5,5,7,4,8,4,5,3,7,1,3,2,8,7,7,5,9,8,9,5,0,3,8,3,4,6,6,3,2,2,3,5,8,0,8,4,6,8,7,8,6,4,6,6,7,7,2,5,8,4,2,7,8,7,7,6,4,4,0,8,1,2,8,9,0,9,5,7,8,6,9,8,9,8,8,2,1,3,7,0,6,4,9,1,0,0,3,6,5,1,6
119,5,2,1,5,5,8,9,7,1,4,3,8,1,1,1,6,0,0,4,5,3,2,3,6,3,5,2,7,4,5,8,1,3,7,6,9,3,7,3,0,0,1,2,7,1,5,8,4,0,2,5,2,1,6,9,8,5,7,2,2,2,6,3,8,6,7,6,4,8,7,1,2,1,9,6,4,1,8,6,7,2,9,6,1,6,5,0,4,8,9,8,6,7,4,4,0,3,6,8,3,8,6,3,0,4,4,8,5,4,7,3,6,1,6,0,8,2,4,0,4,5,5,2,6,4,4,7,7,4,3,8,1,3,1,3,8,3,2,1,6,1,6,9,9,3,4,3,5,9,0
120,8,3,2,4,7,9,2,6,3,9,7,5,2,1,9,1,0,8,2,8,8,4,5,0,8,6,5,3,5,5,6,1,5,8,4,0,3,4,9,7,6,7,9,2,2,3,3,8,2,4,8,1,0,6,5,9,7,2,5,9,6,7,2,2,3,1,3,2,5,1,1,4,5,0,8,8,5,9,6,6,6,7,6,7,8,1,5,6,1,0,2,1,7,8,5,6,5,4,2,8,0,2,6,3,2,7,6,6,3,6,6,1,3,2,3,8,2,2,4,0,1,3,3,1,4,4,0,3,8,5,4,4,6,7,6,6,7,7,3,6,2,7,6,1,1,1,8,6,5,5
121,9,7,6,3,2,1,4,5,8,1,7,1,6,5,5,7,2,3,8,5,4,2,7,1,4,1,1,0,9,7,1,8,9,5,8,8,9,1,5,1,4,0,6,2,5,3,3,4,3,7,9,5,2,5,4,9,2,4,0,4,2,4,4,0,6,3,6,7,4,1,5,1,5,1,7,7,2,6,3,7,1,1,4,8,7,1,7,6,4,2,2,3,6,9,5,1,6,6,7,6,6,7,7,1,3,6,2,9,6,9,6,8,2,8,4,4,4,2,8,0,0,3,3,2,2,5,4,2,1,7,4,5,4,7,6,5,2,3,5,0,4,4,8,9,6,8,8,4,3,2
122,1,9,4,3,3,8,8,3,2,2,1,9,2,4,3,8,6,4,8,3,4,1,7,7,4,3,0,9,6,9,7,6,6,3,7,7,3,7,3,8,8,5,3,1,3,5,5,6,3,3,6,9,1,8,0,9,2,6,8,0,8,5,4,8,1,8,8,4,2,6,5,4,4,8,4,6,3,8,8,5,4,0,6,6,8,1,8,5,5,6,6,3,8,3,8,3,0,8,8,5,8,9,9,1,6,1,8,7,9,5,3,2,2,0,5,4,3,1,1,3,8,0,5,2,8,3,6,9,7,6,5,6,4,8,1,7,1,8,4,7,2,8,6,2,7,8,6,4,2,2
123,7,6,8,2,8,4,4,1,3,8,5,8,3,8,7,5,2,6,5,7,3,1,2,5,0,6,0,1,6,8,1,8,5,2,8,1,5,4,1,6,3,3,7,4,1,1,8,9,1,2,6,9,6,9,6,4,5,6,6,8,7,6,0,8,7,4,7,5,6,6,0,5,8,8,4,2,7,7,4,3,6,1,2,1,4,6,5,7,1,4,1,2,0,7,5,4,8,4,5,6,9,1,2,3,5,3,7,2,8,2,0,7,2,2,8,8,8,9,6,0,2,2,0,3,3,9,6,1,8,1,0,4,3,3,7,4,5,6,6,2,7,4,0,2,4,1,2,7,0,7
124,6,0,7,1,3,8,5,5,7,9,2,4,6,3,2,6,4,5,7,0,7,5,1,1,3,1,2,2,4,7,1,7,4,3,0,9,4,9,2,6,4,1,4,3,8,1,6,2,5,6,0,3,5,5,7,9,5,8,2,7,4,3,7,1,5,7,2,1,5,7,2,7,4,8,0,2,2,4,6,8,2,3,8,8,5,4,4,2,4,3,1,2,5,7,2,5,7,2,2,9,5,2,5,4,5,6,1,2,3,8,2,5,4,8,4,2,6,3,1,6,6,6,4,0,2,5,6,3,4,2,4,6,3,9,3,3,5,1,8,9,8,1,5,5,6,3,2,4,1,3
125,1,6,2,8,2,1,1,5,6,2,3,1,1,1,2,0,2,2,7,7,8,9,6,8,1,2,9,7,0,1,1,1,3,2,3,1,0,9,7,1,7,7,5,6,2,9,0,3,7,2,6,8,2,7,7,9,6,8,7,4,2,3,0,6,2,2,7,2,3,0,2,6,4,2,2,1,0,7,9,7,3,1,3,6,8,2,5,3,1,7,0,1,6,1,4,7,8,3,2,6,5,1,4,1,5,7,8,6,8,3,8,1,5,6,8,1,4,6,2,7,5,8,9,3,0,4,8,8,8,4,3,7,5,6,0,7,0,6,4,5,4,6,7,2,4,6,5,3,3,1
126,3,9,3,0,4,3,3,2,2,8,8,4,5,9,5,7,4,8,5,7,1,5,5,9,9,4,9,7,5,1,0,6,3,8,0,9,3,3,2,5,7,8,5,5,2,1,2,2,7,5,0,2,2,5,7,6,7,0,7,9,7,2,3,8,3,9,5,1,5,2,8,8,2,4,2,3,4,6,8,7,2,4,7,7,6,2,1,1,4,0,4,5,6,6,6,7,4,8,0,4,1,5,5,4,9,7,2,7,5,1,9,0,2,7,6,2,9,4,8,1,8,7,0,9,2,0,4,6,5,2,3,6,4,9,2,6,3,8,4,7,3,9,1,3,6,7,0,1,8,0
127,2,6,4,6,8,6,3,9,5,3,6,4,7,6,6,5,6,8,5,1,1,3,8,5,0,8,3,6,2,5,7,1,1,9,8,3,2,8,2,5,5,0,4,6,4,3,6,8,8,8,5,3,7,8,2,1,4,5,5,4,8,9,8,3,0,4,8,8,2,5,9,2,0,7,8,3,3,0,6,8,5,0,3,2,6,0,3,4,7,7,9,5,8,3,1,4,6,7,5,3,7,2,7,8,1,0,6,2,7,7,9,1,8,5,6,2,6,6,6,4,5,8,4,3,3,7,0,0,3,5,2,7,0,6,0,3,7,6,3,7,6,5,3,1,4,9,9,4,2,8
128,2,2,5,3,2,6,4,6,7,6,5,7,7,7,2,5,6,9,6,1,8,9,2,2,4,5,7,5,1,7,4,8,7,7,7,7,1,5,8,5,1,6,8,9,3,5,9,8,2,6,4,0,6,4,3,7,8,5,9,0,7,4,7,4,6,5,3,7,4,5,7,1,5,0,3,4,0,6,4,3,5,1,6,8,2,3,2,3,7,2,7,5,6,4,5,8,6,2,6,7,1,4,6,2,4,1,8,6,9,1,5,1,1,4,6,8,5,2,4,4,7,2,5,7,5,6,5,0,9,4,2,1,1,2,1,6,5,3,3,5,2,2,2,7,4,7,6,8,7,4
129,1,3,4,2,5,1,3,6,9,1,8,0,7,1,2,1,8,4,4,4,2,8,3,1,8,2,8,7,8,7,5,8,8,8,4,1,6,0,4,1,5,2,2,3,0,8,6,1,3,1,1,1,1,5,7,5,8,1,7,3,6,3,2,2,0,8,1,3,6,9,5,6,3,8,3,8,6,8,1,2,4,6,3,8,7,4,3,2,7,3,2,9,5,5,7,0,7,0,8,6,1,5,9,5,4,8,8,4,8,1,1,2,3,9,1,0,7,7,8,9,7,3,3,6,3,7,9,4,0,5,5,3,8,1,2,1,2,1,6,8,4,3,2,4,7,3,5,8,6,6
130,6,2,7,6,7,3,4,5,6,4,5,3,8,3,9,6,2,7,3,8,1,8,4,1,4,8,3,5,8,5,8,5,4,7,6,8,3,8,1,5,2,3,5,8,8,8,2,6,3,3,7,7,6,5,8,2,7,1,0,0,8,3,1,2,5,7,6,2,1,9,4,1,2,4,5,7,8,1,6,2,5,6,1,7,3,9,1,3,3,7,3,6,1,7,5,7,2,4,3,8,8,2,4,2,7,7,7,3,8,1,8,2,1,5,9,4,5,3,9,1,2,8,1,4,9,3,7,7,0,0,0,2,3,4,2,2,4,5,1,2,7,6,7,1,9,2,8,7,8,2
131,0,2,8,7,7,6,9,2,1,5,5,8,1,2,7,1,7,8,6,2,8,0,1,3,7,7,2,2,5,7,7,4,1,4,6,8,0,9,3,1,4,5,9,6,8,7,4,2,0,0,8,2,7,6,5,6,9,1,7,8,7,7,4,4,5,4,1,5,5,7,3,6,4,3,5,4,3,8,2,7,6,7,7,3,1,3,3,4,0,8,5,3,9,8,0,5,1,6,4,6,8,2,2,9,4,1,4,7,1,9,4,6,6,7,3,3,7,1,6,8,2,7,9,2,2,2,1,2,3,2,0,8,9,5,7,0,5,1,3,4,5,9,6,7,2,9,1,3,7,9
132,0,0,3,1,3,7,9,3,1,1,5,5,3,0,3,9,8,6,9,9,3,3,7,3,5,6,1,5,1,3,1,7,5,5,4,7,1,3,2,6,8,4,8,8,2,8,5,2,6,2,1,1,3,6,6,7,6,9,2,7,3,8,3,5,1,9,5,3,1,7,1,1,3,5,6,1,3,8,2,6,5,9,5,3,3,6,6,6,7,8,3,1,1,1,1,0,8,0,3,7,7,2,4,5,7,9,4,4,5,5,1,7,6,9,9,8,3,3,7,3,2,4,8,6,8,1,2,3,8,3,7,0,6,7,0,3,3,9,1,7,6,5,4,6,8,8,7,7,1,4
133,2,0,3,8,2,3,4,2,5,0,8,0,1,8,4,4,5,5,9,7,4,3,8,6,8,8,7,6,5,1,7,5,1,7,9,3,4,6,0,3,1,5,2,8,1,2,4,2,2,1,7,6,7,6,9,3,1,4,6,3,8,7,6,6,4,4,5,3,6,4,7,3,8,3,1,1,8,9,1,4,8,8,5,5,7,6,8,6,1,1,5,2,2,1,2,7,3,6,8,7,1,3,7,0,1,1,5,5,5,5,3,3,2,8,2,6,1,6,3,7,8,3,6,6,7,4,6,6,6,4,6,8,0,7,7,5,7,7,8,3,7,1,1,1,6,3,4,8,5,7
134,7,4,4,5,3,5,5,1,1,1,8,2,2,4,5,8,3,4,4,5,8,5,1,1,2,3,7,6,6,2,7,5,5,3,1,8,5,5,3,0,1,3,3,7,7,4,5,7,2,3,8,3,3,0,1,6,2,7,7,2,5,6,1,6,3,6,5,8,7,6,3,7,8,8,9,2,6,8,7,5,3,1,5,6,8,2,2,5,3,7,2,7,3,6,4,3,4,4,4,6,3,8,1,3,7,7,1,2,3,3,5,3,8,2,4,9,9,5,3,3,3,5,8,6,1,1,2,2,8,0,6,2,1,0,7,4,8,0,4,5,9,4,8,5,0,8,2,6,7,0
135,6,9,0,3,5,4,0,3,1,6,0,8,3,4,1,3,9,3,8,8,4,8,7,5,4,3,0,6,7,6,6,6,5,5,7,7,2,6,6,3,6,3,2,2,0,2,4,9,1,1,4,6,8,2,1,4,4,5,4,7,1,7,5,1,7,8,4,5,2,9,5,5,4,5,9,4,2,2,1,7,1,1,4,7,5,5,4,3,6,7,7,4,0,1,6,4,3,1,7,6,6,7,1,7,3,2,6,5,3,2,1,5,4,9,8,2,1,4,5,2,6,1,2,3,5,9,8,8,2,6,1,7,3,8,0,1,7,1,8,3,5,2,1,4,4,2,7,3,1,9
136,1,6,4,5,8,1,0,8,3,3,3,0,4,3,4,2,1,5,5,4,8,1,2,1,2,6,2,1,2,8,5,9,0,3,4,3,0,1,7,1,0,8,7,5,5,5,5,8,8,7,5,6,2,0,7,7,5,1,8,7,7,1,0,2,2,7,7,7,8,4,9,8,4,1,9,6,6,1,3,6,3,1,0,2,1,6,6,9,7,2,4,3,9,1,7,8,5,7,8,0,4,2,6,5,7,5,8,4,3,7,6,8,7,7,7,6,9,1,8,7,5,1,6,1,3,7,0,9,4,3,3,9,1,7,3,0,2,6,1,3,9,9,8,2,2,3,2,4,6,8
137,8,0,5,1,1,3,3,6,6,4,4,1,9,5,1,1,9,6,8,6,3,8,5,5,5,8,0,6,0,9,2,4,2,5,3,1,4,8,8,4,2,4,7,2,2,2,5,6,2,1,7,6,1,8,9,5,1,5,4,1,2,5,7,6,5,1,7,7,5,5,7,8,6,7,7,1,3,2,7,8,6,7,2,8,6,1,4,6,7,1,0,1,0,1,6,1,2,8,1,9,8,5,6,1,4,6,7,5,7,3,8,2,3,0,7,4,0,6,8,8,7,4,7,4,7,6,7,0,7,8,4,8,6,6,8,7,0,5,5,1,1,1,9,8,9,3,7,1,3,7
138,6,3,9,3,1,6,5,4,4,5,5,1,2,2,6,2,6,5,1,4,3,6,1,4,8,1,5,8,6,3,3,3,8,7,6,3,2,4,5,6,7,5,6,7,3,3,6,8,3,3,5,2,8,8,3,5,8,8,7,7,5,0,8,8,3,6,6,1,8,9,3,5,4,8,5,2,6,9,5,9,2,1,7,3,8,2,7,4,1,5,1,7,2,7,5,3,2,2,2,1,0,4,0,4,2,8,2,3,2,6,6,0,4,5,6,2,1,3,0,4,4,4,9,3,7,9,0,5,7,7,7,8,3,5,1,7,4,0,0,6,2,4,0,2,9,4,1,3,9,9
139,9,2,5,1,3,3,5,7,5,6,2,1,3,8,3,7,5,6,4,8,8,7,5,5,8,1,6,6,1,6,4,7,7,6,3,3,2,6,6,8,5,5,3,5,5,5,2,2,2,2,9,7,1,2,9,2,2,5,4,5,4,1,8,9,9,8,6,6,9,2,1,8,4,1,0,9,3,3,8,6,8,6,4,1,4,3,6,4,5,4,1,5,8,9,3,5,5,7,9,8,1,5,7,4,8,7,6,7,9,8,4,6,9,3,6,9,9,9,5,8,8,4,8,6,7,1,1,2,7,7,1,0,8,1,7,6,8,7,0,2,6,4,0,9,0,7,3,4,4,8
140,9,2,5,4,5,4,3,4,6,1,7,5,8,4,4,3,6,0,1,4,6,6,7,8,1,8,1,3,3,3,9,2,5,2,0,8,2,7,3,5,5,2,6,6,7,7,0,8,2,7,8,5,4,5,8,8,1,7,8,3,6,9,6,5,7,7,2,1,8,0,1,2,2,2,7,3,1,0,7,3,5,1,6,6,1,3,2,6,0,8,4,1,5,8,8,9,1,3,4,0,9,1,8,7,4,6,7,8,3,1,1,0,9,8,7,1,5,3,6,1,8,6,6,7,3,3,5,4,4,2,9,4,8,8,2,6,5,6,7,0,2,1,2,5,4,8,2,4,2,3
141,3,0,1,1,3,2,8,5,1,8,7,0,6,4,4,3,8,3,5,1,3,3,1,3,8,6,7,1,5,2,4,9,6,6,9,8,8,8,5,9,6,8,7,3,0,4,8,7,8,1,2,4,0,6,5,7,6,4,3,6,5,9,6,3,8,4,6,8,7,6,7,3,6,6,3,7,2,2,5,6,6,2,7,6,4,4,2,2,7,2,2,3,7,5,5,2,7,7,1,3,3,8,9,1,8,3,5,3,7,4,5,3,1,8,0,4,1,3,6,9,5,1,5,6,5,2,3,3,8,8,9,3,5,1,8,7,3,6,3,6,0,1,5,1,8,1,5,1,4,1
142,0,0,5,6,4,7,8,2,2,2,2,6,6,6,2,8,3,9,3,1,1,5,3,8,7,8,2,3,9,3,7,0,5,2,1,1,2,1,7,9,1,1,5,3,6,7,8,4,2,4,6,4,4,4,4,5,2,4,3,6,5,6,2,9,7,6,4,3,4,3,8,9,1,4,7,4,9,5,6,3,6,4,2,1,4,1,7,4,8,7,6,7,7,3,7,4,2,3,0,9,5,1,6,2,5,4,0,1,2,5,2,7,2,3,5,1,4,8,6,8,7,2,4,6,9,8,5,8,5,2,1,5,6,7,2,4,8,6,9,6,1,0,8,7,7,3,0,2,7,1
143,6,8,5,5,8,2,7,1,3,0,8,7,0,5,3,7,9,1,7,8,5,4,8,4,2,6,0,3,7,4,3,4,4,7,2,2,1,5,9,3,1,6,0,3,6,4,8,5,7,0,3,3,4,9,8,6,0,8,5,7,8,4,2,8,8,5,5,8,7,5,0,7,8,4,3,5,5,4,8,7,8,2,6,7,5,7,3,3,2,6,5,8,2,5,0,4,8,1,4,7,5,2,3,5,7,7,1,6,8,8,3,5,6,1,0,2,2,9,6,0,2,3,0,7,1,8,8,1,5,7,5,2,6,3,3,7,3,4,8,0,3,6,0,1,5,3,7,1,3,1
144,8,8,3,9,7,3,3,2,4,7,6,8,7,6,1,2,1,8,5,2,5,4,9,9,5,1,2,5,8,7,8,1,8,0,5,4,3,8,1,1,1,8,4,1,0,1,3,0,3,1,9,7,3,2,2,6,5,9,3,6,7,4,1,5,2,6,5,8,4,4,7,4,1,9,8,1,1,7,7,1,2,8,8,1,2,2,1,4,2,6,4,8,2,1,3,7,8,0,1,1,8,6,2,6,6,4,8,4,3,1,3,9,7,1,5,7,5,2,8,4,8,1,1,7,1,4,6,4,5,9,4,4,9,8,3,7,8,2,6,8,3,5,2,0,2,2,3,1,5,2
145,3,3,5,9,8,7,8,4,3,4,8,3,1,6,4,3,4,5,3,9,5,8,2,1,6,1,1,2,8,3,1,5,3,2,2,3,5,1,7,5,4,3,7,3,2,5,6,4,5,2,6,7,7,1,2,9,5,6,3,8,7,1,1,8,8,6,4,4,2,5,2,3,5,5,1,6,7,2,6,1,8,5,4,6,3,7,2,4,6,5,8,1,5,5,2,7,5,4,8,1,6,6,6,8,5,4,5,5,1,8,3,8,1,2,7,3,6,6,5,8,1,9,3,9,6,0,6,7,2,2,9,3,7,3,0,1,9,2,3,6,4,1,8,6,0,9,6,5,3,6
146,2,9,2,2,6,6,3,5,4,5,3,2,3,5,8,8,6,4,4,8,8,3,1,7,9,3,1,8,0,2,6,3,8,5,2,9,8,5,2,1,7,4,8,2,8,1,8,2,1,6,6,9,6,8,6,9,1,3,6,7,5,2,5,5,6,4,1,4,0,3,9,5,4,5,0,5,3,4,4,4,4,0,6,8,3,4,2,2,3,6,5,3,2,6,5,5,1,1,8,5,7,6,5,9,3,1,0,8,2,5,8,6,1,2,2,4,5,8,1,2,7,1,7,7,0,9,7,1,6,2,8,2,2,8,3,3,5,3,2,6,7,3,2,9,7,0,0,5,6,1
147,7,6,7,4,8,4,8,4,5,5,1,3,0,4,4,5,6,7,1,2,1,1,2,2,2,2,7,1,2,8,5,0,7,4,5,8,1,4,1,8,1,7,7,9,3,4,2,9,7,4,8,6,5,3,5,2,4,6,2,1,0,1,4,6,3,3,5,0,8,8,7,3,3,6,9,5,6,4,8,8,3,3,3,1,8,1,0,7,3,3,3,0,2,1,2,3,8,7,2,2,7,2,5,8,4,5,1,5,8,8,4,4,9,8,1,5,8,9,1,0,7,3,3,3,6,4,1,3,0,8,8,4,7,3,7,6,4,8,6,6,9,9,1,6,2,2,0,4,2,1
148,1,7,7,1,8,5,6,3,7,3,5,4,4,2,7,9,4,1,4,6,5,8,6,5,0,3,9,6,2,5,9,1,7,2,8,3,4,1,5,7,4,3,7,4,3,2,2,5,8,5,7,2,6,0,3,4,7,7,3,3,4,9,3,9,5,6,8,5,4,2,6,2,5,4,5,4,5,6,7,3,5,8,1,8,7,2,5,2,2,9,8,6,1,8,8,9,9,8,7,1,5,4,5,6,8,8,6,6,8,3,2,0,2,4,5,9,6,8,5,5,8,9,7,4,5,8,5,2,2,8,1,6,8,5,7,5,8,2,1,1,2,7,3,3,8,6,3,0,7,7
149,4,6,6,3,2,2,0,1,9,8,2,3,6,2,1,7,0,9,1,0,5,0,6,4,8,3,8,7,6,8,2,8,4,2,1,3,6,7,4,7,5,9,1,4,4,1,1,3,8,5,4,5,1,1,6,1,7,3,1,7,2,3,2,1,2,6,6,4,2,5,2,6,7,6,6,7,4,5,8,1,7,3,7,5,4,6,6,3,0,7,6,0,5,6,5,1,2,4,2,1,4,2,5,7,8,7,0,7,0,8,7,4,2,7,7,3,4,4,2,4,4,2,2,9,1,7,2,8,8,8,9,4,3,2,7,9,3,3,7,9,4,5,2,4,7,7,6,5,0,0
150,3,9,1,8,4,5,0,3,2,7,6,6,7,0,9,8,0,4,0,2,7,1,4,6,4,7,6,8,5,8,3,9,0,8,3,8,2,4,5,1,8,2,1,3,6,5,5,4,2,2,2,8,4,4,8,9,3,8,3,9,4,8,2,7,0,2,7,2,3,6,7,7,6,1,6,3,6,0,3,1,7,0,6,1,7,8,1,8,3,5,1,2,6,1,2,4,2,7,6,4,1,0,8,0,7,2,5,4,7,5,0,1,3,8,2,9,2,2,2,5,7,8,8,7,3,6,0,5,1,9,8,9,7,5,6,9,4,9,3,5,9,5,8,5,5,8,7,6,7,0

