0,1,2,3,4,5,6,7,8,9,10,11,12,13,14,15,16,17,18,19,20,21,22,23,24,25,26,27,28,29,30,31,32,33,34,35,36,37,38,39,40,41,42,43,44,45,46,47,48,49,50,51,52,53,54,55,56,57,58,59,60,61,62,63,64,65,66,67,68,69,70,71,72,73,74,75,76,77,78,79,80,81,82,83,84,85,86,87,88,89,90,91,92,93,94,95,96,97,98,99,100,101,102,103,104,105,106,107,108,109,110,111,112,113,114,115,116,117,118,119,120,121,122,123,124,125,126,127,128,129,130,131,132,133,134,135,136,137,138,139,140,141,142,143,144,145,146,147,148,149,150,151,152,153,154,155,156,157,158,159,160,161,162,163,164,165,166,167,168,169,170,171,172,173,174,175,176,177,178,179,180,181,182,183,184,185,186,187,188,189,190,191,192,193,194,195
1,0,1,3,9,6,5,2,6,5,6,5,4,4,7,1,8,8,1,7,6,0,2,8,6,3,7,8,4,3,2,3,1,4,4,0,6,1,6,8,4,4,1,4,7,1,4,4,5,2,1,5,8,4,5,1,2,5,5,8,1,2,8,9,0,5,1,9,1,1,4,7,7,7,5,3,7,7,7,6,5,2,6,9,3,6,8,2,5,6,6,8,8,4,3,1,4,2,5,5,1,7,8,6,0,8,7,1,1,8,5,9,7,1,9,7,3,1,0,4,0,6,2,3,6,2,0,5,8,3,4,0,1,5,9,2,7,8,5,2,6,0,6,2,6,4,8,2,5,4,3,0,1,2,4,3,3,1,2,0,9,2,3,2,2,5,3,3,7,4,5,3,8,9,8,3,5,3,9,2,5,5,4,8,5,5,3,5,6,5,8,2,8,0,5,7
2,4,0,6,3,6,8,0,5,5,1,7,8,3,8,6,9,7,3,5,4,3,1,0,7,1,4,7,5,0,5,9,5,6,3,6,2,5,2,3,6,3,5,5,8,0,1,2,4,5,0,7,5,5,1,8,4,8,7,6,8,1,1,7,1,1,8,8,5,6,1,8,7,3,4,5,7,3,1,1,5,7,5,9,8,0,7,6,9,9,7,6,9,4,8,7,4,0,2,5,1,6,4,2,6,9,7,3,1,8,9,7,1,6,0,9,0,9,5,4,7,4,5,4,7,6,8,6,5,3,4,1,8,9,5,7,0,5,2,2,7,2,2,6,3,8,1,2,6,5,8,4,9,3,1,2,9,6,6,9,7,9,3,3,2,7,0,8,2,7,0,3,2,4,1,7,2,2,0,2,0,7,1,4,2,7,7,6,8,5,3,7,1,4,6,3
3,2,1,0,3,5,5,8,5,5,5,6,7,6,2,1,5,4,5,2,4,3,3,6,2,7,5,1,6,2,7,6,6,4,2,8,1,1,7,7,5,6,7,2,2,0,7,3,8,1,2,7,6,8,1,1,6,6,4,2,0,9,7,6,8,3,8,5,8,5,2,0,4,2,6,5,1,0,8,6,2,3,4,0,6,5,7,4,8,1,5,5,7,8,5,3,2,9,1,2,8,2,7,9,8,2,8,4,1,8,9,2,5,2,4,8,8,3,2,6,1,1,3,9,3,7,2,1,1,7,3,6,5,8,1,8,8,6,8,2,3,6,8,6,1,5,5,5,3,9,5,6,8,1,9,4,2,7,6,4,2,4,7,7,5,7,4,2,6,6,3,2,1,0,8,1,4,3,8,3,2,1,3,3,3,1,5,2,7,5,0,4,0,4,4,2
4,9,6,1,0,3,0,9,6,3,1,6,6,3,4,8,4,5,5,5,6,6,9,7,5,5,7,4,5,2,2,9,1,6,2,5,3,3,6,2,4,4,8,5,2,1,2,2,3,5,4,7,4,6,3,9,6,6,3,9,9,8,3,6,8,9,2,7,4,3,6,6,2,2,4,3,6,9,5,2,6,4,5,4,1,3,2,4,4,7,0,3,2,0,5,9,7,4,1,7,2,2,4,4,2,2,6,8,1,5,1,5,7,4,0,9,4,3,1,1,3,8,4,7,1,5,8,8,1,6,5,8,9,1,4,5,0,5,8,5,6,1,7,7,2,2,5,5,1,8,0,9,8,2,3,5,1,8,4,4,6,0,4,1,3,1,5,0,1,7,2,8,5,3,1,4,8,7,3,8,5,4,2,0,6,8,1,3,6,1,7,1,8,9,6,5
5,0,8,4,0,0,3,1,8,3,0,1,3,1,6,1,2,4,6,7,2,3,1,5,5,3,9,8,0,4,2,5,7,5,8,3,1,2,1,8,1,0,8,4,1,3,8,2,8,4,8,5,8,6,4,5,1,1,4,1,3,7,1,2,8,4,3,8,8,0,4,0,4,7,9,6,3,4,7,2,9,7,3,7,1,0,2,1,7,4,7,6,5,2,7,7,8,6,2,7,7,8,4,1,6,6,3,1,9,1,8,7,2,0,2,8,3,3,8,1,8,6,7,6,3,8,2,6,8,0,1,8,6,3,3,6,5,8,6,6,0,9,7,2,1,8,4,2,7,9,4,8,8,1,7,1,7,4,6,5,4,2,4,1,5,6,2,9,4,4,5,5,9,9,9,8,4,2,4,1,0,6,1,8,3,6,5,8,3,6,3,4,5,5,0,3
6,7,2,6,0,4,0,4,4,4,7,2,7,0,2,1,7,1,4,2,3,3,0,7,6,5,6,3,9,2,1,9,8,9,8,2,5,4,2,2,2,1,8,9,1,3,5,7,0,8,6,8,6,1,9,4,4,7,0,2,8,0,0,2,4,6,4,3,2,8,3,8,6,7,4,4,8,5,1,4,5,1,5,6,2,0,1,5,7,3,1,6,1,8,4,3,5,8,5,4,3,7,4,0,3,6,2,5,9,2,8,1,5,2,7,3,3,1,9,0,8,8,4,6,4,5,6,6,6,3,1,6,7,3,4,6,3,6,6,8,2,6,4,6,8,8,6,9,2,4,6,4,8,2,6,8,9,3,5,3,2,7,1,0,3,8,3,6,6,7,6,6,3,1,1,8,5,6,6,7,5,7,7,1,4,6,4,9,0,0,8,9,0,5,4,6
7,1,4,8,7,5,2,0,4,4,6,5,4,2,5,6,6,2,4,6,0,1,1,1,7,3,7,6,1,6,5,1,1,2,5,1,7,5,2,0,4,2,3,1,7,2,7,7,0,4,1,2,8,5,4,9,2,4,5,8,3,3,4,2,2,4,0,1,7,3,0,1,8,5,0,7,8,7,4,3,4,2,6,3,6,7,1,7,9,4,2,7,4,4,0,8,1,5,5,6,5,5,7,7,1,4,7,6,9,7,6,4,5,3,6,2,6,1,1,6,7,7,8,2,2,4,0,8,9,7,8,7,2,6,2,8,7,3,5,5,8,6,2,9,3,8,8,6,1,3,4,0,8,7,0,7,1,3,7,2,2,4,8,4,3,1,3,3,6,5,3,6,9,5,5,1,3,4,7,8,1,1,8,6,4,5,5,0,4,8,5,3,2,7,6,0
8,4,6,0,9,6,4,5,0,3,3,2,5,1,7,3,6,2,6,8,4,4,6,9,3,7,4,2,1,3,6,3,2,0,6,8,6,7,9,8,8,4,2,6,2,3,3,6,5,5,8,4,4,3,2,6,7,5,4,4,1,8,1,3,2,5,5,3,1,5,4,7,7,0,3,4,4,7,0,1,3,8,1,7,0,1,5,8,4,5,8,9,4,2,4,2,5,8,9,7,6,7,7,5,1,7,6,2,4,4,7,3,5,1,8,2,2,3,2,2,7,3,7,4,4,6,6,4,1,3,5,7,1,5,5,2,6,8,9,6,4,3,4,8,6,9,3,1,2,6,6,7,2,8,2,7,7,7,3,5,7,3,3,6,7,7,8,2,5,5,5,4,1,5,7,5,4,7,8,1,6,1,0,5,5,8,0,8,4,8,6,2,7,4,7,7
9,7,0,6,4,8,9,6,3,0,7,8,2,7,1,3,8,9,4,5,7,6,4,1,3,2,1,2,8,4,1,2,3,1,3,2,8,4,5,2,6,3,8,6,8,8,1,5,5,8,1,7,6,4,7,0,2,0,0,2,6,1,2,7,9,7,4,3,3,0,6,4,5,7,1,4,7,8,5,4,9,2,9,0,1,7,8,2,2,3,7,1,1,6,3,7,6,4,5,2,4,1,8,7,1,1,2,6,2,9,2,3,5,7,3,3,5,5,4,3,5,0,1,6,0,9,9,9,4,5,4,2,4,2,5,4,3,2,5,6,7,5,6,6,7,1,7,1,4,7,6,2,2,0,1,1,4,5,7,7,0,2,1,1,9,1,7,3,0,7,4,3,5,3,7,1,6,2,1,4,4,3,8,2,1,4,3,1,8,6,8,2,9,6,9,7
10,1,7,6,7,9,4,4,7,1,0,3,3,5,3,9,2,7,1,5,4,2,7,7,1,4,1,3,4,7,6,3,7,3,6,6,1,6,9,6,7,5,7,2,7,8,1,6,0,6,7,5,3,1,4,3,4,2,6,3,1,7,5,0,6,1,3,6,6,0,6,4,5,5,3,4,8,1,8,6,1,2,7,1,0,3,2,0,9,1,1,7,6,2,1,4,3,5,5,4,5,7,2,2,1,6,6,7,8,3,8,6,8,7,1,8,2,8,0,9,8,5,5,2,3,4,4,6,8,1,8,4,7,7,9,6,2,1,2,8,7,7,9,5,7,8,4,3,3,2,1,1,7,6,1,8,2,3,5,6,5,3,5,4,3,8,2,3,8,7,4,4,0,6,7,7,8,4,5,9,4,5,2,4,0,3,6,1,8,7,8,0,7,2,1,5
11,0,1,0,4,7,4,5,5,3,4,0,7,4,5,3,7,7,6,6,0,3,8,2,6,7,7,7,6,3,8,3,8,5,6,4,2,1,8,5,4,1,3,4,0,5,8,1,3,5,9,7,1,3,0,8,7,1,4,5,8,1,5,6,2,5,6,1,9,9,2,1,0,8,1,4,2,7,7,3,7,8,6,4,8,6,2,5,8,3,2,1,6,2,3,0,1,2,6,5,7,9,7,8,5,7,4,3,7,5,9,8,0,4,4,8,6,3,5,4,7,7,3,9,7,4,2,2,9,7,7,3,5,4,6,2,8,4,5,1,2,8,3,8,2,2,8,5,9,5,1,3,4,3,5,7,1,5,1,3,5,0,2,4,3,7,6,5,4,7,7,7,8,3,4,4,2,7,8,8,3,9,5,5,3,5,7,6,4,5,8,1,3,6,5,1
12,7,5,1,7,4,6,2,2,1,6,4,0,7,5,9,8,4,1,1,5,1,7,5,2,4,5,9,8,6,0,6,6,4,5,7,2,5,6,0,0,0,8,4,7,9,6,3,6,6,4,4,1,9,3,7,8,2,6,2,7,1,3,4,6,4,2,7,8,4,4,1,3,7,1,8,5,5,5,8,6,4,2,1,1,5,8,4,4,6,1,3,4,3,6,8,7,1,7,4,1,0,3,3,1,7,6,3,2,6,4,2,7,8,2,6,7,6,3,2,5,9,9,4,2,4,5,1,7,6,2,3,4,3,7,7,8,3,0,1,7,2,8,4,9,2,2,3,6,1,4,5,6,7,5,7,7,8,1,2,2,3,1,8,6,7,1,0,2,2,4,4,2,9,6,7,1,9,5,3,3,4,6,8,8,8,7,3,2,1,0,8,4,8,9,4
13,1,6,2,1,0,7,5,6,2,1,2,5,0,6,0,5,4,1,9,1,1,3,4,6,3,8,6,2,4,3,1,4,8,0,6,4,6,2,6,2,7,1,7,0,5,8,2,6,3,3,6,8,3,6,4,1,8,0,5,5,0,5,9,0,1,7,0,2,6,4,1,1,7,6,0,1,5,8,5,8,7,5,2,3,1,8,5,1,5,4,7,8,3,8,8,5,8,0,6,9,3,5,9,9,7,8,1,8,5,5,4,3,8,8,7,8,4,7,3,4,9,4,4,4,9,3,7,7,1,3,4,6,2,6,1,1,4,4,4,8,2,4,1,4,5,6,4,4,9,1,5,4,9,1,7,1,3,3,2,1,5,4,1,6,4,3,5,1,8,4,7,3,9,3,4,5,4,7,5,6,0,4,8,1,8,6,4,6,9,8,5,4,6,5,9
14,7,7,8,8,5,1,6,8,7,1,2,6,8,0,8,1,5,5,8,7,8,8,7,6,7,5,3,2,5,9,7,5,2,4,5,7,3,1,4,4,7,8,0,2,5,8,4,4,8,8,9,4,2,7,2,0,6,3,4,1,2,5,2,2,3,4,3,1,4,6,2,1,2,4,5,7,2,5,0,6,1,9,3,2,4,2,8,5,3,1,6,5,4,4,2,8,3,2,4,1,9,2,5,1,4,0,4,8,3,6,2,7,2,1,5,8,2,0,7,9,9,8,6,2,4,5,2,6,6,7,9,3,1,7,3,7,1,1,8,1,0,6,6,5,3,1,6,2,1,6,0,6,3,1,3,4,7,6,6,0,3,3,1,1,8,3,1,8,7,3,8,8,8,4,3,2,0,1,8,2,9,7,5,3,1,2,3,6,7,2,2,9,9,7,6
15,5,7,6,6,7,9,1,8,6,7,5,1,2,7,0,7,2,8,5,3,1,8,4,5,1,5,3,7,8,4,7,4,3,0,5,8,0,2,0,3,8,6,4,3,6,5,3,0,7,4,0,0,2,7,5,7,4,3,1,8,9,5,3,5,1,8,5,4,9,9,7,5,8,5,7,1,5,4,4,8,8,9,5,8,2,0,6,8,6,6,9,8,4,1,1,5,1,1,4,3,9,1,2,8,4,8,9,2,3,8,8,1,2,3,7,7,8,9,4,8,2,2,2,6,5,4,8,2,5,4,4,4,6,5,2,9,4,3,2,8,7,0,9,2,4,9,3,7,1,1,3,8,1,4,8,2,4,5,1,4,3,8,0,3,6,1,7,4,4,3,8,4,7,6,2,4,1,8,7,8,5,6,3,4,2,5,1,6,3,0,2,2,8,2,2
16,2,9,7,7,7,0,1,7,7,5,7,2,1,8,6,0,9,6,2,4,5,8,2,7,2,8,2,1,5,5,6,8,7,4,3,1,6,5,2,7,3,1,2,5,5,7,8,8,3,1,7,3,4,6,7,8,2,7,8,4,4,8,6,4,8,1,6,8,9,5,3,6,5,6,3,0,2,1,3,8,1,0,5,8,8,5,2,2,2,8,6,8,5,6,5,8,8,3,7,2,1,6,3,4,4,4,2,0,9,6,8,6,6,0,8,3,8,1,7,5,5,8,3,5,1,4,4,8,3,4,4,3,5,4,2,4,2,4,6,2,4,4,3,5,9,6,5,8,7,3,7,7,6,2,9,7,8,7,3,4,0,8,6,2,6,7,1,4,2,7,1,8,3,8,2,2,6,4,5,2,4,3,7,4,9,7,7,6,2,3,4,1,2,6,5
17,2,4,9,6,7,8,3,3,4,8,1,6,1,2,3,3,0,3,3,6,7,6,8,6,7,3,6,2,1,8,7,3,3,3,7,8,6,1,1,8,1,7,8,9,3,4,8,8,1,7,6,5,2,4,1,5,8,7,0,9,0,5,3,9,9,6,2,4,3,6,1,5,2,8,4,9,4,9,2,3,7,6,8,0,1,8,1,2,5,7,2,7,5,3,4,2,3,1,7,8,6,2,1,2,7,2,6,6,4,4,1,2,5,2,3,4,5,2,0,0,2,8,4,8,8,7,2,8,5,7,6,7,5,5,1,2,6,8,8,2,8,7,1,6,8,4,5,3,1,2,0,1,0,8,3,8,4,0,4,5,2,7,8,3,0,8,9,7,6,8,6,2,3,2,3,7,7,7,1,5,3,8,3,3,6,3,0,3,7,7,9,8,7,6,2
18,1,2,6,6,0,7,7,2,1,1,7,9,7,8,8,8,5,0,8,7,3,3,2,2,0,7,9,4,2,3,8,2,5,4,8,8,7,8,8,6,5,2,2,1,7,5,7,4,6,3,9,7,1,5,4,7,8,4,1,5,2,1,7,9,1,6,5,7,0,1,3,5,7,0,6,8,1,4,4,7,5,1,3,6,3,4,5,8,8,6,5,1,1,3,7,7,3,3,4,2,5,4,7,8,9,4,7,9,4,8,8,0,6,0,6,2,8,6,2,2,5,7,6,2,3,2,7,8,2,2,8,7,4,4,3,7,4,3,2,6,0,4,8,8,5,8,7,8,1,2,4,9,3,1,4,7,7,0,2,8,3,8,6,8,3,9,1,6,7,9,4,5,6,3,7,0,1,2,8,1,5,9,4,8,3,5,2,3,6,5,5,1,4,1,0
19,7,2,4,3,6,4,4,1,5,4,5,8,7,1,4,4,5,8,0,9,1,6,4,5,5,1,1,6,8,6,5,8,9,2,8,3,6,4,3,6,2,7,6,9,7,4,1,5,1,9,2,9,1,1,6,5,6,2,7,8,6,2,4,1,9,5,3,6,7,8,9,4,5,3,0,8,7,6,1,8,2,2,7,3,6,2,1,2,6,5,4,8,4,2,0,5,1,4,1,2,8,6,7,1,8,2,6,6,3,0,2,4,5,6,5,4,5,6,3,0,1,6,0,3,1,3,8,2,4,3,6,4,5,3,9,7,4,4,4,1,2,5,3,8,4,1,7,8,0,3,5,9,8,4,0,6,5,5,2,1,7,5,2,5,7,4,7,9,8,9,2,8,6,3,1,2,9,9,5,8,1,6,1,2,5,7,8,1,5,0,4,2,1,4,7
20,9,1,9,2,8,2,2,6,9,5,4,7,3,1,0,1,1,1,8,0,3,8,8,0,5,0,3,4,6,9,6,2,7,8,4,4,7,0,6,4,6,4,7,3,4,2,2,7,6,1,5,2,5,1,2,7,1,4,5,7,2,6,7,1,2,6,2,4,5,8,1,3,0,5,4,2,1,1,1,1,7,5,2,6,2,8,7,7,7,4,1,7,3,8,6,6,8,6,1,6,7,4,8,3,2,3,9,3,6,8,7,5,8,2,7,3,6,3,3,5,3,7,4,1,2,7,2,6,3,6,8,0,3,6,5,3,6,0,3,9,3,3,5,2,3,7,2,4,4,8,8,5,6,8,3,2,1,8,8,7,9,0,4,6,2,8,3,9,9,6,1,9,1,5,2,0,4,3,4,2,8,8,8,4,6,2,5,2,7,2,8,1,4,9,7
21,2,0,8,5,3,5,2,3,9,6,4,4,3,1,8,2,6,6,1,6,0,1,7,7,4,8,2,2,1,6,1,3,5,7,6,9,6,2,2,2,4,3,8,6,6,7,0,7,3,9,3,3,2,5,1,6,7,5,7,4,7,9,4,3,8,4,6,8,8,0,1,0,2,5,4,1,2,1,6,6,5,1,4,6,1,1,3,1,5,5,7,5,1,6,2,2,5,0,4,8,8,5,6,2,1,2,4,9,1,4,6,1,8,9,4,6,2,4,3,3,7,3,6,3,8,7,1,3,3,2,9,1,9,3,9,1,2,7,6,4,2,2,2,4,3,9,9,1,6,8,8,1,4,2,5,5,7,2,3,7,8,7,6,2,6,4,1,8,4,1,7,9,4,2,3,2,7,6,3,8,3,5,7,0,7,1,8,5,1,1,4,1,4,2,1
22,0,3,0,7,3,1,5,3,3,7,1,4,5,4,6,1,5,7,6,3,9,0,5,3,1,1,7,7,0,5,8,4,7,8,3,1,5,7,7,2,5,0,1,4,3,8,2,4,4,4,7,4,3,2,9,8,1,3,5,4,0,5,9,2,2,7,0,7,5,5,8,6,7,7,4,8,8,1,0,8,1,7,0,7,3,2,3,5,8,2,4,8,2,6,7,6,5,4,5,7,9,6,7,5,4,0,4,2,4,8,4,5,0,8,3,6,8,6,7,2,6,6,9,4,1,7,1,3,3,7,2,2,6,8,6,1,3,8,7,7,3,3,1,6,2,3,1,4,9,3,4,0,2,9,5,7,4,6,8,3,2,0,9,6,3,2,8,0,4,7,7,6,1,0,9,5,1,3,5,4,1,2,4,5,3,3,8,7,6,8,0,8,4,0,4
23,4,7,5,0,5,4,6,8,3,3,3,2,1,1,0,7,6,6,7,4,3,7,0,6,9,4,2,6,3,2,4,6,6,0,0,1,3,4,1,7,7,5,1,8,2,8,4,2,5,8,4,4,4,3,3,6,6,5,7,4,3,0,5,8,4,8,7,6,3,3,3,2,2,4,0,6,2,2,9,9,3,2,6,0,8,4,1,9,1,3,3,3,7,9,3,2,3,1,4,8,0,9,6,7,7,2,2,8,5,0,5,9,6,5,4,2,7,4,3,9,6,8,8,5,9,8,5,4,2,3,6,4,5,2,5,0,1,0,9,8,3,7,4,2,4,7,7,7,1,7,6,4,5,0,4,8,7,5,1,2,3,1,8,1,4,7,3,8,2,4,6,5,1,0,4,3,7,2,4,6,6,5,4,7,7,3,7,5,2,2,1,2,1,1,7
24,5,4,9,4,5,2,0,4,3,4,4,5,8,0,0,0,7,5,5,1,6,3,3,0,7,6,0,7,5,9,6,9,8,3,2,1,5,1,3,6,3,5,4,5,4,2,3,6,7,4,2,6,7,4,6,0,5,8,8,2,2,4,9,9,6,4,6,4,8,5,5,2,7,6,6,7,8,4,5,4,6,8,1,5,2,3,3,9,4,7,1,4,8,2,1,6,7,1,1,4,3,3,2,4,2,9,6,9,4,5,1,6,6,9,2,8,1,2,9,7,5,6,2,2,8,1,3,9,6,0,6,1,2,7,5,4,5,2,8,2,8,6,2,3,6,3,4,7,7,6,2,7,6,8,1,7,6,9,5,1,4,3,5,3,9,4,8,5,2,4,8,4,9,3,7,5,6,3,3,1,6,4,7,0,4,6,8,1,2,6,8,5,8,5,8
25,7,5,7,4,2,2,0,2,9,8,3,8,6,1,8,2,2,0,2,4,6,3,4,5,0,6,1,0,7,1,7,3,6,0,9,4,5,7,9,9,5,3,4,3,1,7,7,7,5,2,1,3,3,0,8,4,6,1,5,6,1,7,7,7,2,5,6,4,5,3,2,5,2,1,4,8,4,7,8,6,2,4,5,4,4,6,0,6,6,7,6,4,1,6,8,1,6,2,4,2,2,6,6,2,2,1,1,4,4,1,5,8,6,4,3,1,5,1,5,4,7,0,8,2,8,1,4,2,9,5,6,8,1,7,5,7,7,1,4,6,7,2,5,1,5,9,2,8,8,8,4,8,4,1,0,2,7,1,2,2,4,6,0,1,4,0,6,4,4,1,8,9,8,6,3,1,4,7,7,6,9,5,9,5,1,5,3,4,6,8,3,6,1,8,8
26,7,0,7,8,2,3,6,6,6,7,4,5,4,8,1,5,2,1,1,6,2,9,6,6,1,0,5,6,1,7,7,1,4,7,1,5,6,1,6,0,4,5,8,4,3,8,9,3,2,7,6,6,7,1,5,1,3,4,6,4,5,2,7,2,4,4,5,4,4,3,9,1,9,7,6,5,2,7,7,2,0,3,6,7,3,1,2,1,2,7,0,0,0,4,0,7,8,1,6,6,8,8,8,5,5,4,6,4,3,5,6,6,1,4,8,8,2,2,2,6,3,7,7,4,6,3,5,7,7,9,2,3,3,6,8,2,1,2,3,3,3,4,4,7,0,7,7,1,1,8,9,2,4,4,7,7,8,2,3,9,7,4,3,2,9,5,7,5,9,4,3,0,7,6,6,8,1,1,3,2,4,8,5,0,7,4,6,3,7,5,0,3,8,9,4
27,6,5,7,8,5,5,3,2,7,0,6,2,2,1,2,8,5,2,9,1,6,7,6,0,5,2,0,4,0,7,4,0,6,3,2,7,1,4,2,3,0,4,7,5,6,0,7,1,8,3,5,8,2,5,1,1,5,2,4,3,2,5,2,2,5,1,2,7,4,3,4,2,8,7,9,5,9,3,1,1,5,8,6,3,0,2,5,6,1,9,2,7,5,2,9,5,5,5,2,6,8,7,9,7,6,4,6,6,9,7,2,7,6,7,3,3,6,0,7,9,6,1,4,7,5,7,1,1,2,4,6,6,8,5,1,8,6,3,2,7,3,8,5,8,6,8,6,7,8,4,6,1,8,5,5,7,5,7,1,7,8,9,0,4,2,4,6,4,8,2,2,5,6,1,2,7,0,5,7,2,2,5,4,5,3,5,3,5,2,2,2,8,3,2,2
28,7,5,3,8,4,8,8,5,7,3,7,3,1,3,7,7,3,5,5,7,8,2,5,6,5,0,4,0,1,8,4,5,0,9,9,1,3,2,6,1,4,4,2,8,6,2,9,7,2,2,2,6,3,2,3,1,5,1,7,6,7,8,2,2,1,6,6,2,1,6,8,8,1,5,7,8,1,1,9,5,7,4,4,1,5,2,2,5,5,7,7,7,1,7,1,4,2,3,0,6,2,5,7,4,1,7,2,3,4,5,5,9,8,4,8,8,6,1,2,5,8,4,2,2,7,3,3,1,5,0,8,4,6,6,0,8,4,2,3,1,2,3,3,2,2,3,8,9,4,7,4,5,2,1,9,4,4,5,4,4,8,5,5,8,8,8,1,1,6,9,8,5,0,6,2,7,5,7,7,2,8,8,8,2,5,9,8,5,5,0,3,8,8,4,2
29,2,3,0,6,1,5,8,7,8,9,4,5,1,1,8,6,3,4,8,7,2,5,1,4,5,3,6,6,0,3,8,2,9,8,5,4,5,1,3,6,4,5,1,2,2,5,6,6,7,1,7,4,7,6,6,7,3,2,3,4,3,8,6,5,3,5,4,4,1,3,0,5,2,5,5,6,1,1,3,7,5,1,3,5,2,8,7,2,5,6,4,2,3,0,3,8,5,2,8,5,5,8,4,9,9,5,5,1,5,8,5,6,1,5,1,5,5,5,3,6,7,9,0,8,5,4,2,7,9,4,2,5,2,9,6,1,8,5,8,2,3,9,3,7,1,1,8,7,3,2,6,4,2,4,8,6,3,1,6,5,1,5,6,8,2,5,8,2,3,8,5,1,5,6,4,1,6,1,8,1,1,0,7,5,7,6,7,2,3,7,9,3,8,7,1
30,9,2,7,3,5,7,3,5,4,1,5,1,3,9,6,6,8,9,1,7,1,3,1,4,1,4,2,3,9,0,7,1,1,7,4,2,1,6,8,1,9,0,8,1,7,6,7,9,8,1,1,4,1,6,4,7,1,5,5,8,7,4,4,8,6,7,9,7,0,2,5,6,5,6,4,9,7,7,9,6,9,1,3,9,5,3,5,5,4,3,4,3,5,7,4,0,3,7,4,2,1,6,5,0,4,4,4,4,3,4,7,5,5,8,8,5,7,5,8,3,4,7,8,8,2,6,1,2,4,7,4,8,7,8,4,4,8,5,4,9,6,2,8,8,7,4,1,3,2,2,5,9,4,8,4,5,1,4,4,0,8,1,4,6,5,7,6,2,1,4,8,5,6,8,7,6,4,0,4,5,9,6,4,0,5,1,1,2,8,5,2,3,5,1,6
31,3,5,0,2,3,5,7,6,3,5,4,2,1,9,9,1,6,6,5,2,2,4,6,1,7,4,6,4,5,2,0,3,5,1,3,3,1,2,4,3,2,7,7,1,7,5,1,5,5,8,1,4,3,8,6,5,5,4,6,5,6,5,4,7,1,3,3,3,1,4,8,3,8,2,1,5,2,8,7,9,5,7,7,2,6,6,3,6,8,3,3,2,0,4,7,3,9,2,1,1,4,4,8,7,6,7,4,0,8,0,8,9,7,8,3,1,6,3,6,5,3,7,6,3,4,7,0,7,7,6,3,8,3,3,1,9,8,4,6,3,1,2,3,8,6,9,7,2,8,1,6,5,6,8,5,7,9,2,3,2,9,2,3,9,6,9,1,2,8,6,5,0,5,4,2,6,4,8,4,3,9,6,1,7,3,3,2,7,4,3,3,5,7,4,3
32,3,6,4,4,4,1,8,6,4,4,7,4,5,1,0,5,1,2,2,8,6,7,6,5,1,2,0,3,7,2,7,0,9,3,2,8,3,8,4,2,4,1,6,2,3,3,4,8,1,0,3,4,7,7,0,6,1,3,8,7,7,7,7,5,3,4,3,5,0,5,2,2,6,9,5,9,1,1,2,2,6,4,4,7,0,6,1,7,7,2,7,6,8,5,6,2,1,8,6,7,4,1,2,7,7,7,7,3,1,2,9,4,2,6,6,6,6,3,4,0,4,1,8,5,0,1,2,8,0,2,0,2,8,5,3,7,5,3,8,2,6,7,4,3,5,6,1,7,8,3,8,6,1,8,6,4,3,4,7,7,0,5,1,8,9,0,3,3,5,2,4,6,2,5,6,5,6,4,0,3,2,8,0,1,8,5,5,1,3,4,0,4,1,0,1
33,6,8,3,6,7,7,3,4,5,8,7,8,1,5,6,1,1,4,0,1,1,3,9,8,0,1,3,7,9,6,6,1,0,5,2,7,0,8,6,5,5,3,5,6,1,9,1,4,0,6,5,5,1,1,8,1,7,6,2,0,8,0,6,5,7,8,2,2,8,5,0,6,7,7,1,7,2,1,1,5,6,2,5,1,9,8,8,8,1,3,3,2,8,6,8,6,3,8,6,2,2,7,8,7,6,1,9,5,5,4,9,6,9,4,7,3,8,2,3,8,8,3,8,2,6,0,1,5,3,7,6,3,1,4,2,8,5,5,7,6,1,6,3,4,1,2,1,2,5,9,1,3,2,3,8,1,3,3,7,3,3,3,4,0,7,3,7,3,2,4,8,8,3,1,7,4,7,4,8,3,2,6,2,6,5,1,6,3,7,1,8,5,4,0,8
34,8,2,2,1,7,3,3,7,8,7,3,1,7,8,9,5,0,2,8,7,5,4,0,0,8,7,8,2,5,4,8,7,7,0,1,9,5,1,2,1,4,1,0,2,3,4,0,1,7,5,0,5,6,2,6,2,5,3,6,7,2,0,8,7,7,4,7,8,2,2,5,1,1,7,8,1,6,6,7,2,5,5,8,2,4,7,4,1,5,8,0,5,9,2,8,7,5,5,2,7,7,4,5,3,7,6,8,2,5,5,1,0,2,7,3,6,1,5,2,5,3,8,6,2,3,8,5,6,9,0,1,7,2,2,8,5,3,2,5,7,8,5,8,7,9,1,1,6,6,8,5,2,8,0,8,6,8,1,8,8,2,0,5,2,4,8,8,4,4,3,3,2,1,0,1,3,9,7,8,6,6,9,2,8,5,5,3,7,3,4,0,5,2,0,8
35,1,9,4,2,0,2,1,3,7,5,4,9,7,2,7,1,7,6,7,4,2,4,3,6,8,1,4,8,3,4,0,8,3,0,0,2,7,8,4,7,9,7,4,2,4,4,1,9,8,0,6,5,3,4,8,7,7,2,8,4,7,4,4,7,0,6,5,1,4,7,3,7,6,5,1,6,6,5,5,5,2,5,8,4,8,6,5,6,4,5,4,9,9,8,7,4,2,9,2,7,8,2,2,7,7,7,7,4,3,1,4,5,9,8,6,1,7,3,3,1,1,8,5,8,1,5,3,0,1,0,8,3,1,0,2,8,3,8,6,4,7,0,2,7,4,5,1,5,7,5,7,4,5,2,7,7,4,8,6,2,4,6,2,6,8,2,9,4,9,1,1,4,5,0,6,3,3,6,7,5,9,2,4,5,7,6,5,4,4,9,8,2,6,3,3
36,2,7,7,4,6,3,5,6,5,7,2,6,2,8,8,5,2,3,7,2,1,3,7,3,5,0,0,6,2,0,6,4,7,6,2,0,5,6,5,1,6,7,5,2,4,2,0,1,8,2,5,8,7,5,5,9,1,6,2,0,0,8,5,4,7,6,9,2,2,6,9,0,3,4,8,6,2,8,1,4,3,4,6,6,9,7,7,0,7,5,3,3,3,8,1,6,8,0,7,1,4,1,1,5,3,3,6,4,5,2,8,6,5,4,8,6,7,7,8,6,8,1,9,5,8,7,6,8,3,0,8,4,9,3,3,0,0,0,4,2,7,8,4,6,4,8,1,5,3,5,3,1,5,4,2,6,0,6,8,5,2,7,1,1,3,6,7,5,3,2,6,3,5,2,9,5,3,9,2,1,1,0,2,7,4,8,9,0,5,0,2,2,2,4,6
37,3,1,7,3,6,8,6,5,5,2,6,6,7,4,6,1,2,7,1,2,2,5,4,4,9,3,7,2,0,5,2,1,8,4,2,2,0,3,4,8,2,3,6,1,3,8,6,3,7,4,1,1,6,2,7,1,6,4,6,7,2,0,4,4,2,1,8,1,8,4,8,6,1,4,5,4,0,4,8,8,4,9,5,6,8,7,7,5,3,3,8,0,1,4,6,9,0,1,3,3,3,4,1,8,4,7,1,7,4,6,7,3,5,2,4,4,3,6,7,3,7,3,1,7,1,6,6,9,1,6,9,3,8,6,7,5,7,4,1,4,3,2,8,5,4,9,2,7,2,4,5,5,6,7,7,4,3,2,7,3,2,1,8,7,4,6,4,8,1,7,6,4,7,4,9,6,8,3,9,4,4,8,6,1,1,0,4,5,9,7,1,4,1,1,7
38,6,7,4,5,2,0,7,5,2,9,4,7,3,7,5,5,1,7,9,7,5,1,1,8,6,3,8,5,7,1,1,4,0,6,1,6,7,0,8,5,6,7,6,9,2,0,9,9,2,5,2,0,2,8,8,1,9,3,2,5,1,6,2,1,3,0,1,3,1,7,1,1,0,8,6,3,7,6,1,2,4,1,4,1,2,2,5,2,8,7,1,0,6,6,2,3,1,3,4,9,2,4,9,7,1,7,4,1,0,1,7,2,3,7,6,2,0,6,1,1,4,6,2,5,7,4,0,2,7,9,4,9,4,9,6,1,0,1,1,5,9,6,4,3,4,2,9,9,5,5,3,7,5,7,4,4,5,2,6,3,7,1,9,4,1,7,5,2,9,5,2,4,6,4,0,2,3,9,3,4,0,4,4,6,1,1,8,8,5,7,4,8,8,0,9
39,1,2,2,2,0,6,1,2,1,2,2,1,9,8,3,8,7,2,2,0,7,6,2,7,2,4,3,0,6,6,2,7,5,1,7,1,3,2,0,6,2,0,2,7,4,2,5,9,3,7,3,1,0,7,7,4,4,4,5,7,3,5,6,0,5,6,3,0,6,5,9,2,4,8,5,7,1,4,8,6,7,4,4,1,6,0,0,2,5,3,9,6,1,2,6,8,6,8,2,3,4,8,3,4,5,6,2,2,8,2,8,0,9,8,3,3,7,1,6,6,6,8,4,6,2,3,4,6,8,2,6,8,9,3,1,6,3,6,5,7,3,8,2,5,2,8,2,1,0,8,8,4,4,7,8,7,3,8,4,5,6,6,4,4,6,5,9,4,1,8,6,3,0,5,8,5,2,2,5,2,5,0,6,7,7,7,7,6,4,5,6,5,1,7,1
40,5,3,1,6,1,1,2,7,4,2,6,8,5,8,2,7,8,2,5,1,3,7,7,3,4,1,8,2,4,4,8,4,4,6,8,7,0,6,0,0,7,8,7,4,3,9,9,4,2,6,3,2,3,6,5,2,4,4,7,4,1,5,0,5,7,4,2,3,3,1,7,7,2,1,7,7,8,9,6,1,2,3,8,8,6,6,3,9,7,6,8,7,6,8,6,8,2,6,2,6,0,7,2,6,4,5,7,7,3,6,5,6,8,6,0,7,4,1,3,9,0,4,8,2,9,3,2,3,3,9,3,4,6,0,2,3,2,6,4,2,3,6,2,7,7,4,1,3,9,3,3,5,8,8,6,2,9,4,5,6,7,4,5,0,3,8,3,4,3,7,0,1,7,4,3,2,4,1,2,4,1,2,6,8,8,6,5,5,6,2,5,3,4,7,5
41,3,3,3,6,7,7,8,7,1,8,1,1,4,4,6,2,6,1,1,4,5,3,7,0,5,4,0,7,5,5,1,1,4,2,6,3,4,8,5,2,0,7,0,2,1,4,1,4,1,2,2,6,7,6,1,4,1,3,6,0,2,2,5,9,1,4,5,9,5,1,6,7,4,5,2,2,8,8,8,5,6,6,9,9,0,4,3,6,7,8,5,7,8,3,9,3,4,6,0,7,7,7,5,5,2,7,1,9,2,0,2,2,6,3,7,1,0,1,4,2,2,8,6,7,2,2,3,4,5,7,3,4,8,2,5,9,1,3,3,2,1,2,3,4,1,6,1,3,2,8,4,1,8,4,1,2,0,8,3,1,3,9,5,3,8,7,2,9,7,9,4,6,3,3,6,3,4,4,8,1,2,2,4,7,6,6,2,5,8,1,6,2,2,5,6
42,5,6,6,6,5,2,3,3,0,6,2,8,2,6,7,2,6,0,6,9,7,1,2,6,4,7,5,6,6,1,1,0,6,9,6,6,0,8,6,9,7,0,7,8,2,1,0,7,1,4,2,2,0,2,7,8,5,1,6,8,3,8,8,5,5,3,2,5,6,2,3,1,5,9,7,5,5,3,1,3,3,1,7,1,6,0,1,4,9,1,7,3,3,2,8,7,8,9,7,1,7,6,4,6,6,3,8,9,7,5,4,0,2,8,6,4,2,5,1,6,1,5,0,5,2,6,2,4,8,5,4,4,8,0,5,7,2,9,9,6,1,3,6,9,3,7,8,7,2,4,4,2,4,4,1,0,4,8,4,8,3,8,3,8,4,2,1,7,5,9,0,3,7,4,9,6,1,5,2,8,6,6,5,7,7,7,5,1,4,7,7,3,0,3,3
43,2,7,4,8,0,4,3,2,5,4,8,9,7,4,3,1,0,7,9,1,1,6,4,4,1,6,6,3,2,4,7,4,5,0,0,6,5,0,7,2,3,1,0,7,3,8,9,7,8,2,1,6,8,9,4,3,4,1,2,6,4,5,1,4,7,7,1,6,1,9,7,6,8,0,7,2,0,2,4,5,9,1,1,3,4,1,4,1,6,2,1,9,7,3,3,5,2,4,1,5,2,3,9,9,6,1,0,2,2,7,7,0,2,3,2,5,7,5,4,8,8,7,4,4,4,4,2,8,6,5,3,4,1,3,7,0,4,1,7,6,9,0,0,3,3,2,3,5,2,6,6,4,4,9,2,2,4,8,2,2,8,7,4,5,2,2,6,6,2,2,9,3,7,6,9,6,4,7,1,8,6,4,6,2,6,1,1,2,2,6,8,6,7,6,8
44,8,1,9,1,4,9,7,4,8,6,2,2,4,6,0,7,4,5,3,6,6,8,4,8,9,2,5,7,1,6,5,6,1,1,8,2,0,9,8,6,0,9,8,0,6,8,7,8,6,2,1,6,8,6,9,4,6,8,2,5,5,4,1,6,4,4,3,8,1,3,7,4,1,5,5,3,9,8,4,7,4,1,4,4,7,2,5,6,0,3,3,4,7,2,8,8,4,5,5,2,2,2,1,7,7,4,5,8,7,3,8,6,7,9,2,7,8,6,1,8,2,2,4,4,3,2,9,9,1,8,1,3,4,7,6,5,9,8,4,1,4,6,5,2,3,1,1,8,4,2,5,0,8,8,4,2,9,7,3,3,1,2,9,6,3,6,5,7,6,3,1,4,4,5,6,7,2,3,7,6,4,2,2,8,3,1,2,1,6,2,4,4,2,2,5
45,7,4,6,3,4,2,8,2,6,8,6,7,6,1,9,8,7,5,1,6,4,8,5,9,2,3,8,4,2,9,2,4,3,6,4,8,2,4,3,2,2,8,5,5,0,5,5,5,8,3,1,5,8,2,3,4,2,7,8,9,8,4,0,4,4,8,1,6,3,8,7,1,3,2,3,3,7,6,8,8,6,7,5,6,5,7,5,2,2,6,7,1,8,1,0,2,4,5,6,8,8,3,3,3,4,7,3,9,8,5,8,0,5,7,4,6,8,3,9,8,0,7,8,1,8,8,6,0,9,8,0,3,8,2,7,3,6,9,9,6,6,7,2,0,5,3,5,1,6,8,0,1,2,6,2,7,1,8,1,6,4,6,7,6,7,3,8,4,1,3,8,8,6,1,1,6,3,0,5,2,1,4,4,2,2,2,1,3,0,9,6,7,7,2,1
46,5,1,7,1,7,6,6,3,4,3,7,3,2,8,7,5,5,4,9,7,3,2,2,5,3,1,2,5,8,9,7,4,3,5,6,1,7,7,0,7,6,2,8,7,3,0,8,2,4,2,3,7,4,9,3,6,0,1,8,0,1,5,8,7,4,2,5,7,5,6,4,1,8,9,1,3,5,7,4,1,7,1,0,5,8,3,7,3,1,4,5,7,7,5,9,5,8,1,2,5,2,3,3,7,1,9,7,2,3,1,3,4,8,8,7,5,9,5,5,2,7,5,7,7,5,6,7,4,0,7,9,4,8,3,4,2,5,4,0,3,4,1,8,4,3,3,8,8,3,6,2,7,8,4,2,9,6,7,8,8,5,4,5,7,2,6,5,5,4,3,1,2,5,8,7,5,4,2,2,6,7,1,8,6,5,3,4,2,4,5,9,0,5,8,3
47,3,7,9,3,5,5,2,5,7,2,9,7,7,0,9,8,1,5,4,6,9,4,5,0,7,2,2,3,1,4,5,4,2,8,9,4,8,8,5,2,3,8,3,7,6,0,0,4,7,9,5,8,0,3,8,0,8,5,5,2,8,1,1,1,6,5,5,9,5,0,4,3,0,4,1,1,0,7,7,1,4,9,5,6,7,7,7,5,0,2,6,5,7,1,9,1,1,1,5,6,2,6,8,9,6,5,3,6,6,8,2,4,3,5,1,1,9,4,7,4,8,6,6,5,5,8,6,4,9,4,0,7,4,9,6,2,3,7,1,2,8,9,5,3,4,7,5,9,6,7,4,0,5,3,8,3,8,8,3,2,8,1,1,1,8,6,7,6,7,8,1,5,0,3,1,4,6,3,3,4,2,3,8,1,7,1,5,8,8,4,8,1,4,6,3
48,4,1,8,7,2,4,6,2,3,6,4,0,3,4,8,9,2,6,8,3,6,5,0,1,4,2,5,3,4,0,4,5,3,5,2,1,7,6,8,5,4,8,0,5,5,4,4,0,1,2,4,6,5,7,4,7,1,3,9,1,6,5,8,4,5,4,0,2,2,0,2,2,1,7,7,5,3,5,4,8,1,3,6,9,7,8,5,3,4,6,7,4,7,3,2,9,5,4,7,6,6,4,9,7,7,6,4,5,3,5,6,8,2,4,9,1,3,7,8,8,8,7,7,2,7,9,6,0,5,1,1,3,2,6,8,3,9,3,7,8,6,8,6,5,5,9,3,4,2,5,2,8,5,5,5,1,2,7,8,3,6,6,2,5,8,5,1,7,0,8,2,7,8,1,2,8,7,4,3,6,0,8,2,6,1,1,3,1,2,4,4,2,3,8,1
49,0,2,2,9,2,0,7,3,7,2,5,6,9,6,6,6,5,3,7,3,4,6,8,5,2,9,6,2,6,1,5,7,0,4,2,2,1,7,4,3,4,2,5,2,3,5,6,5,0,1,2,4,6,9,3,1,2,6,3,9,1,2,3,8,6,2,0,1,3,1,5,6,4,8,3,9,1,5,5,5,7,2,7,5,8,5,1,6,2,1,3,2,5,3,6,5,5,9,1,4,5,1,5,5,0,5,9,1,7,6,0,7,3,8,0,5,1,4,1,9,5,2,4,6,2,2,3,3,7,4,7,2,6,1,7,4,6,6,9,2,6,3,8,1,1,4,0,6,1,6,8,8,5,5,0,7,0,5,1,4,4,7,4,8,0,2,8,9,7,4,7,8,6,7,4,3,2,8,3,3,4,3,6,4,4,3,9,5,7,8,5,4,1,4,4
50,4,4,7,5,3,8,4,6,7,8,8,8,4,2,7,8,2,4,9,8,4,6,2,5,1,0,3,3,7,8,6,5,3,0,2,3,6,2,0,0,4,6,1,4,5,1,6,6,6,0,2,2,2,3,6,7,6,1,8,8,4,4,6,8,6,4,4,4,3,0,2,5,3,5,3,4,3,0,2,7,6,5,1,5,6,9,4,1,8,2,7,3,3,6,6,1,3,9,3,2,5,3,6,2,1,1,3,2,0,1,4,7,4,7,2,1,9,8,9,6,4,5,7,2,5,9,6,8,9,2,7,9,0,2,7,8,0,8,3,6,3,7,8,4,7,1,5,5,9,7,6,7,0,3,0,4,9,6,7,6,1,6,3,6,5,0,7,5,7,7,7,4,6,7,0,5,2,7,2,7,4,9,1,3,1,8,1,6,9,6,6,2,6,7,1
51,2,6,1,7,2,3,4,8,3,7,2,2,5,6,6,8,9,4,6,8,1,7,4,2,5,5,3,2,4,6,4,2,4,3,3,6,2,1,4,0,4,3,5,0,5,4,8,1,2,4,0,8,8,0,6,4,2,7,5,8,1,9,4,6,4,2,8,3,8,2,2,4,7,6,8,4,7,8,5,9,4,4,6,9,1,5,9,4,0,0,5,9,5,3,9,3,6,6,8,6,3,4,2,5,2,6,3,3,6,2,2,4,2,2,3,9,3,5,1,1,0,6,1,4,3,4,2,8,6,7,2,6,2,3,2,4,0,7,9,7,4,7,8,7,1,5,3,8,7,2,3,7,7,6,7,1,5,4,4,6,7,0,7,6,6,8,6,9,3,7,2,8,4,5,6,8,9,1,9,8,2,0,4,4,4,9,2,2,2,3,5,1,0,1,1
52,5,6,4,7,5,8,0,2,0,3,6,7,8,3,0,5,6,5,5,6,6,2,2,5,8,7,0,7,5,5,7,7,2,2,6,3,4,8,1,5,9,1,5,8,4,8,1,4,3,4,3,0,7,4,1,1,7,6,3,7,0,4,4,1,0,8,7,6,2,6,4,4,4,0,6,0,7,1,6,4,5,6,8,3,1,4,6,1,8,4,2,3,6,7,7,2,8,8,5,4,8,4,5,3,1,3,7,3,5,8,2,1,2,6,3,2,1,0,5,4,5,6,6,4,2,2,2,7,8,5,9,5,1,9,0,6,2,7,1,3,2,7,2,8,5,3,7,4,2,6,2,7,5,7,8,5,4,1,7,4,4,2,0,8,1,8,9,3,2,5,3,5,0,6,2,9,6,7,4,1,9,9,5,6,8,8,8,8,2,3,4,8,3,4,8
53,0,3,4,6,1,2,2,0,6,2,9,6,4,2,5,2,2,4,7,8,1,7,1,8,2,2,3,6,7,2,3,4,5,3,6,8,1,7,4,4,4,9,1,7,7,7,3,5,1,7,4,1,0,8,4,5,3,8,2,0,3,5,5,5,6,6,4,8,0,2,6,7,6,8,5,6,2,3,7,2,0,9,7,8,6,9,3,8,7,5,1,8,8,1,9,3,6,7,5,5,0,1,5,7,2,7,6,5,8,7,9,4,6,6,5,4,4,1,4,6,6,4,9,7,8,2,2,5,6,2,2,6,7,2,9,4,4,6,9,3,5,4,5,6,2,1,4,7,3,7,5,7,7,6,3,7,1,1,2,3,8,3,5,8,4,1,2,1,4,3,2,8,2,1,4,5,3,3,0,4,3,2,4,8,7,6,4,7,9,3,4,4,7,1,5
54,7,5,2,7,5,7,6,5,7,3,6,6,5,8,0,2,9,3,2,5,3,5,2,1,4,6,4,6,5,6,7,8,5,9,7,7,4,6,1,5,2,4,2,9,3,4,4,4,1,7,5,1,2,0,3,5,4,6,1,4,4,1,0,5,8,7,5,8,8,8,4,3,0,7,8,2,7,8,5,5,2,8,6,3,7,1,6,3,4,3,9,4,6,0,5,3,3,6,9,7,4,6,3,9,8,3,4,6,8,5,2,5,7,4,2,9,8,7,3,9,1,7,6,4,4,3,9,8,6,1,2,1,6,6,4,3,4,3,3,1,5,4,8,8,2,4,9,4,3,1,9,7,8,4,8,5,4,5,9,0,4,8,6,4,2,1,5,8,2,5,2,1,2,1,2,2,4,1,2,6,0,1,5,5,5,1,4,1,2,2,6,3,8,8,8
55,2,3,1,5,4,7,6,7,6,5,1,9,6,1,4,4,7,3,6,9,8,3,3,1,5,6,6,7,2,2,0,2,2,5,5,7,8,9,3,8,2,4,3,4,5,8,0,2,2,5,5,5,5,1,0,5,2,0,4,1,6,1,7,0,3,5,5,2,5,6,5,4,1,3,3,1,0,1,5,0,8,9,5,5,1,8,2,9,8,7,1,4,1,3,3,7,8,0,6,6,1,7,4,5,1,6,3,2,6,2,5,3,4,2,0,2,5,7,9,1,5,8,6,3,6,4,2,5,2,4,6,7,5,4,6,9,3,4,1,2,1,7,0,4,1,2,3,6,9,8,7,2,8,5,1,7,0,7,1,7,3,1,5,2,1,1,3,1,5,2,6,1,5,7,9,6,5,6,4,8,8,2,7,6,8,2,1,2,5,7,8,8,4,1,1
56,4,5,2,2,2,6,0,8,6,6,6,2,3,8,7,2,1,2,3,1,2,0,8,5,1,5,4,8,2,8,1,1,7,6,1,1,6,8,6,7,3,6,5,4,1,3,1,3,2,9,5,7,9,5,3,0,5,3,1,0,7,6,4,5,1,2,2,1,8,8,3,5,6,6,1,2,2,7,2,8,0,4,1,6,7,7,4,5,9,3,5,4,6,2,6,1,5,7,5,8,2,3,4,5,1,6,8,1,6,7,2,0,0,2,0,6,8,7,8,8,4,1,8,4,0,8,9,1,1,1,2,6,3,2,5,3,4,8,3,7,6,2,1,0,2,1,2,8,8,8,4,4,7,2,3,6,9,1,4,1,8,1,4,4,2,4,8,4,8,4,8,6,7,9,4,6,8,6,2,8,3,2,1,1,6,2,1,9,5,8,7,9,2,5,0
57,7,1,5,8,3,0,0,2,0,2,8,8,5,8,0,5,3,7,3,3,6,5,2,1,1,1,6,5,7,7,6,5,3,5,6,0,7,4,3,9,3,6,0,2,5,6,6,5,7,8,6,2,1,4,7,3,0,5,2,9,1,8,0,1,0,9,3,1,4,5,0,9,6,5,4,3,6,9,7,0,8,1,5,3,8,1,5,1,9,8,7,3,0,8,7,5,6,0,0,4,9,4,7,1,7,3,8,0,5,1,0,1,3,1,5,2,4,5,9,0,1,2,2,3,0,2,8,2,4,4,9,6,6,4,5,8,6,2,7,4,7,8,4,6,1,3,6,4,2,5,4,6,0,5,0,8,6,4,8,7,1,7,7,7,6,4,6,2,5,5,4,0,6,9,5,9,1,7,7,6,4,8,2,7,9,3,3,8,0,5,8,4,2,1,8
58,3,3,5,1,6,5,6,5,2,2,6,1,6,2,9,3,5,4,2,2,6,0,4,3,6,7,9,1,1,8,5,3,8,9,8,6,4,1,6,7,5,3,5,7,6,1,6,7,5,1,7,4,6,8,3,8,5,0,0,3,4,2,7,3,5,3,5,6,2,1,7,1,9,2,4,1,1,1,3,6,1,5,0,2,5,1,5,1,9,5,5,3,4,5,3,9,2,5,3,8,2,3,4,6,8,1,5,7,6,7,9,5,7,6,1,3,3,1,3,1,2,4,0,5,9,7,5,5,1,2,1,6,6,5,5,1,4,0,6,6,6,6,3,5,7,9,4,1,3,3,7,3,6,6,4,1,5,4,9,5,8,6,8,1,8,3,4,2,6,5,4,8,1,7,0,0,5,5,8,7,2,1,3,0,0,3,2,1,8,6,9,6,2,3,0
59,5,6,8,6,4,1,7,8,2,6,2,2,3,8,9,7,1,8,6,9,7,3,6,3,6,4,9,4,1,0,7,1,5,1,5,1,4,7,3,4,1,5,1,4,9,1,7,7,5,0,3,1,8,6,5,7,8,7,0,1,4,3,0,8,6,1,1,2,2,2,6,4,5,5,0,5,7,3,5,8,2,8,3,0,7,4,4,2,5,2,2,2,0,9,4,5,8,1,5,8,8,7,3,7,9,7,4,1,4,7,1,6,4,6,0,8,1,1,3,4,3,8,5,3,2,8,8,3,5,6,5,7,1,8,0,1,5,5,8,1,3,7,1,2,6,7,2,1,7,9,6,5,3,8,1,0,3,7,3,1,2,7,8,7,1,1,3,4,7,3,4,6,1,0,6,6,6,2,0,4,7,5,9,1,8,9,8,2,1,8,7,0,4,0,1
60,1,4,9,0,2,4,2,6,4,9,2,7,4,2,6,4,7,1,2,1,6,1,3,7,5,7,3,4,5,4,2,5,6,6,4,5,2,2,4,9,5,6,5,7,1,5,6,2,0,1,6,3,6,5,0,2,3,7,9,0,7,4,7,3,3,6,1,1,8,7,5,6,1,4,5,9,6,4,6,3,6,7,4,8,5,3,7,5,7,0,3,8,2,6,4,5,3,8,2,3,4,2,5,7,3,5,2,6,4,6,1,7,3,6,7,5,6,1,5,5,6,8,7,8,3,3,1,3,1,8,7,2,3,5,7,0,8,3,7,8,7,2,6,6,3,5,8,2,3,7,1,4,7,7,1,4,4,8,5,5,2,3,6,4,3,0,4,7,7,7,5,7,5,4,1,1,5,6,8,2,5,6,5,1,2,6,9,0,4,5,2,6,8,8,7
61,4,0,3,4,8,4,7,2,7,6,3,5,5,3,2,5,8,1,5,7,4,2,3,7,8,4,0,5,5,4,4,0,1,7,5,5,6,4,2,8,4,2,4,9,1,8,7,6,4,7,0,2,7,2,7,7,8,1,7,9,0,8,9,5,8,2,5,4,4,5,5,5,7,4,4,1,6,9,8,5,7,4,5,0,0,5,4,7,6,4,2,3,7,7,2,9,2,2,6,3,9,3,5,4,2,0,8,6,2,3,7,7,1,6,3,8,3,1,3,3,8,8,4,2,5,8,2,5,6,8,1,8,8,2,5,4,0,4,5,9,5,8,0,2,2,3,5,5,8,7,6,9,8,3,6,8,7,5,6,9,9,3,7,8,7,3,4,6,2,0,5,8,5,5,2,1,0,1,6,5,1,3,6,5,1,3,4,8,3,5,8,6,4,7,0
62,4,6,5,5,6,4,1,4,3,2,1,3,7,8,0,6,5,5,4,1,1,8,2,4,1,6,8,6,1,5,9,9,0,1,3,7,1,4,7,3,0,8,1,1,2,6,2,1,2,5,6,2,8,3,2,1,3,2,1,5,7,0,2,7,5,2,6,3,6,3,8,5,8,9,7,4,2,3,4,3,3,3,7,4,6,2,1,7,9,7,4,1,5,2,8,9,9,5,3,2,8,1,1,2,3,8,6,2,3,6,5,5,1,5,5,3,5,7,0,8,4,9,1,8,6,4,0,3,5,4,2,2,4,3,8,3,8,5,2,7,1,6,4,5,4,1,3,2,8,3,3,2,4,7,1,1,1,5,6,4,7,5,7,7,7,5,8,8,6,9,9,3,8,4,6,3,8,4,2,9,7,9,1,8,0,1,8,4,4,5,5,2,5,4,8
63,4,3,0,4,6,1,1,9,1,4,7,9,3,3,6,2,5,8,2,4,0,9,7,0,5,3,3,2,2,4,6,4,5,6,4,5,7,5,2,8,8,1,2,9,1,4,8,3,1,7,2,6,2,6,9,5,2,5,5,7,4,3,0,5,7,4,0,5,8,6,5,8,2,8,7,8,6,7,1,7,1,7,8,7,3,8,6,9,0,5,4,1,5,4,5,6,2,7,0,1,3,3,3,1,3,4,7,6,5,4,7,2,7,9,3,3,5,1,4,9,8,2,0,7,2,4,3,2,8,7,6,4,2,4,5,4,4,3,1,4,7,6,1,5,4,7,7,8,1,1,3,8,1,3,0,2,8,6,8,4,1,1,2,6,1,1,6,6,1,1,7,3,8,3,2,6,4,1,1,8,1,9,0,5,6,8,0,0,4,5,3,8,7,3,2
64,0,1,5,3,4,0,7,6,8,2,6,6,3,2,1,5,7,3,1,3,5,3,0,1,5,8,3,1,1,6,2,7,6,8,6,7,6,8,5,9,3,1,8,3,2,8,3,1,3,6,2,4,5,5,7,3,3,4,1,6,3,5,1,0,2,2,0,6,8,0,7,4,3,2,2,7,8,8,9,7,3,6,3,3,1,6,3,4,6,9,4,5,6,8,4,3,6,8,2,4,8,4,8,1,8,3,5,0,2,0,1,8,7,4,6,8,4,4,5,5,8,9,3,4,2,6,4,6,4,8,3,7,9,3,2,1,6,5,5,7,1,4,1,5,8,3,7,4,5,4,6,7,5,5,5,9,9,6,6,2,7,4,3,7,2,7,7,2,4,2,3,8,8,5,5,6,6,4,5,1,8,8,6,5,7,3,7,6,2,2,8,4,6,7,1
65,3,6,6,4,5,2,5,7,1,1,0,0,2,1,7,6,3,4,8,7,0,7,5,0,7,0,3,8,6,1,2,3,2,6,5,5,3,7,8,4,1,6,6,2,9,8,7,7,1,2,4,7,2,8,8,7,5,5,2,5,5,2,8,6,0,9,4,5,2,8,3,6,5,9,6,2,6,6,1,4,5,0,0,8,5,7,2,7,0,6,8,1,0,6,7,4,8,8,1,7,3,8,8,2,8,4,7,6,6,6,6,3,0,7,4,1,2,2,5,4,4,0,1,2,9,5,1,7,1,6,5,6,2,3,3,1,4,1,1,8,2,2,1,6,7,1,9,2,4,1,2,2,3,9,7,7,1,6,7,7,5,2,2,7,9,2,6,7,6,8,5,3,3,1,8,4,8,5,5,7,2,4,8,2,6,0,2,2,2,8,5,1,5,9,1
66,2,6,4,6,6,5,7,9,1,7,5,7,5,1,2,6,5,5,1,5,7,8,4,5,0,5,4,4,6,6,1,5,5,6,8,0,5,7,7,1,4,0,2,2,7,7,5,2,1,8,4,1,3,5,1,4,3,6,9,6,1,7,1,7,3,0,3,5,4,8,4,1,7,5,3,1,9,2,3,8,5,4,8,7,4,2,4,5,9,1,4,7,3,1,4,3,3,4,5,4,8,8,2,1,8,0,5,4,6,2,1,8,7,6,3,7,7,3,6,6,9,5,6,6,8,3,6,2,6,7,8,8,1,7,5,4,4,3,6,4,0,3,9,2,3,6,6,6,3,4,9,8,9,6,4,1,6,8,2,8,2,6,0,3,2,1,8,8,6,5,1,2,9,2,4,2,1,2,2,5,7,8,9,3,6,6,5,8,7,6,2,3,6,5,8
67,6,2,9,0,9,1,5,4,8,1,5,5,9,1,7,2,5,7,7,3,1,6,0,7,9,2,6,3,9,7,5,0,3,5,2,5,9,7,6,1,1,8,4,4,7,6,4,1,1,1,5,4,6,4,8,2,9,2,5,1,4,4,0,5,7,5,0,0,3,5,5,8,2,0,3,0,2,4,6,8,1,7,1,4,7,8,3,9,8,8,7,4,6,8,5,1,4,5,7,0,0,4,7,4,8,5,2,6,5,0,3,1,1,8,9,1,7,1,4,2,0,2,7,1,1,1,2,8,5,4,9,8,6,4,2,8,9,1,5,1,0,1,3,3,6,2,2,3,4,6,4,6,9,5,3,4,9,5,7,9,4,9,4,7,1,2,3,1,2,9,6,5,5,2,5,6,5,5,7,8,1,3,0,1,1,5,4,3,7,9,2,2,5,4,2
68,2,8,2,5,2,8,4,8,3,3,2,6,3,9,1,2,1,5,4,7,4,1,4,2,8,3,1,0,7,6,2,1,2,6,4,5,5,0,6,4,0,8,6,2,3,6,5,7,2,6,5,1,5,4,7,5,8,3,7,0,4,0,9,0,8,7,7,0,9,7,5,8,2,7,1,3,3,2,9,4,4,5,4,7,7,2,0,1,8,5,9,7,8,2,1,5,0,5,5,5,7,8,9,2,5,9,8,3,7,5,2,6,1,1,6,7,1,3,7,9,7,3,3,3,6,1,7,2,9,2,8,5,8,5,5,3,0,0,5,6,1,8,8,6,3,6,8,9,6,6,9,7,7,4,8,8,4,9,9,6,2,5,2,6,5,2,1,5,3,9,9,3,8,2,2,2,7,7,4,7,2,4,6,4,7,9,2,9,7,5,1,1,2,2,7
69,1,8,4,2,6,2,7,2,8,8,2,7,7,9,6,1,7,8,9,0,3,4,1,1,9,7,3,8,7,9,1,7,8,6,1,7,1,6,5,1,5,8,6,0,1,3,0,9,7,8,5,4,3,8,8,4,5,4,2,2,8,2,2,3,5,4,4,3,0,2,7,1,2,0,5,7,1,6,1,5,0,3,3,8,7,8,7,8,4,7,9,9,6,3,9,6,8,8,3,9,8,8,3,2,4,8,9,6,8,2,6,2,6,5,9,2,5,8,7,0,7,5,6,3,5,7,7,1,2,4,5,6,4,5,8,4,3,1,5,6,2,0,5,3,6,8,7,2,2,7,7,1,5,6,8,2,4,8,5,5,6,1,7,3,2,1,6,2,9,1,6,5,6,5,3,5,9,5,6,0,1,7,7,8,4,8,3,2,1,2,0,1,8,4,6
70,4,1,1,5,4,7,4,0,9,5,2,2,3,6,4,5,0,3,7,4,7,5,5,3,1,5,0,5,8,8,3,2,8,8,4,2,0,6,6,4,5,7,6,6,4,2,6,3,1,9,3,0,8,1,4,3,8,4,2,8,5,2,9,8,2,0,3,0,4,0,6,3,3,9,5,6,8,4,8,2,5,3,6,1,7,8,7,8,9,1,5,2,6,3,0,4,3,2,2,5,0,2,6,1,1,9,0,8,2,9,3,5,6,5,5,6,6,4,8,5,3,9,6,5,1,8,0,1,2,9,8,3,1,6,9,5,7,2,1,5,9,9,3,2,7,8,8,8,2,6,2,6,7,4,8,2,5,5,4,4,1,3,2,3,0,9,3,4,7,1,7,2,4,1,7,8,8,5,2,8,3,7,4,5,7,4,6,3,9,5,8,3,8,1,1
71,6,5,2,6,1,0,5,5,4,6,2,1,7,7,6,3,9,6,8,2,7,5,8,5,3,4,8,3,3,4,5,4,0,2,8,6,3,5,6,3,2,1,4,7,8,8,3,6,8,1,2,4,6,6,3,1,9,4,2,8,5,8,8,1,1,1,6,9,2,3,0,4,3,6,2,6,4,2,6,7,8,1,9,5,4,5,6,3,1,1,3,6,2,0,0,7,1,8,5,1,7,2,0,1,8,3,7,9,4,8,8,4,2,9,6,6,7,6,6,6,2,8,6,8,5,3,8,4,3,4,7,5,4,1,1,8,7,7,5,8,7,3,2,1,1,4,5,6,2,1,1,4,1,9,1,1,0,3,1,7,6,4,5,2,1,5,4,3,5,2,3,4,6,6,8,0,7,5,4,4,5,7,8,4,7,7,3,0,4,6,3,4,5,4,7
72,8,8,4,1,7,2,2,2,9,1,1,8,8,2,7,2,8,1,4,0,0,1,4,1,2,8,4,2,4,0,5,7,2,8,8,3,7,5,5,2,6,8,8,1,5,5,8,1,2,8,0,8,4,4,6,1,0,4,2,5,4,9,7,2,1,4,6,7,4,7,7,0,4,9,9,5,7,3,3,5,8,1,5,3,4,9,5,1,2,2,5,8,8,2,1,4,7,2,0,6,5,0,5,6,7,1,5,5,6,9,2,5,3,0,7,6,1,5,0,4,3,5,6,2,6,5,3,2,2,7,1,6,2,3,6,4,8,3,3,7,3,5,4,4,7,3,0,2,1,7,4,4,2,3,1,4,7,5,9,4,4,3,2,5,3,6,4,7,7,3,8,1,2,1,1,4,1,4,8,6,0,0,7,3,4,3,3,2,3,1,9,8,4,8,9
73,2,5,1,4,4,7,3,6,2,0,4,1,5,6,1,8,7,8,6,5,6,0,4,6,5,2,3,2,3,2,5,8,2,8,3,2,2,7,9,5,2,1,3,6,4,8,7,4,3,8,9,2,7,9,6,5,1,2,4,7,0,1,1,9,9,8,5,0,4,4,1,5,0,0,3,3,2,4,4,4,2,6,3,9,5,6,7,4,0,6,2,4,0,1,1,0,3,4,8,5,4,8,8,0,9,8,5,5,2,3,1,3,9,1,2,1,6,7,2,7,3,9,1,4,6,3,1,1,5,5,1,7,0,6,9,2,4,3,3,1,7,2,2,3,0,6,3,7,0,3,0,2,0,6,9,1,5,7,9,3,5,2,3,6,4,9,4,7,8,6,3,6,5,4,2,4,2,3,5,5,2,6,1,6,6,1,7,1,3,7,7,3,7,8,5
74,0,4,4,3,2,8,8,6,7,6,8,2,0,6,8,4,9,2,5,7,6,3,5,9,0,8,1,7,1,3,3,2,4,4,4,9,7,8,6,3,2,7,4,1,7,1,8,7,3,6,9,9,2,1,8,3,3,3,8,4,7,9,3,0,6,2,8,7,4,2,1,0,9,0,8,3,7,6,1,1,4,7,6,8,7,4,9,7,4,8,0,8,4,8,1,5,4,2,1,2,5,9,8,8,6,2,5,6,6,8,7,9,6,9,3,4,1,9,6,8,8,1,3,5,1,6,2,8,8,5,4,2,4,2,7,2,4,6,6,7,2,6,7,2,4,5,0,4,2,7,4,7,4,1,5,2,6,9,3,1,4,7,5,1,1,6,2,8,1,0,6,8,3,2,5,7,4,5,6,8,7,6,1,7,6,5,2,8,6,4,4,2,0,3,6
75,5,6,7,1,5,9,5,2,3,6,6,7,7,6,9,6,3,7,3,6,2,2,6,0,0,9,2,7,2,3,2,4,1,4,5,6,4,3,0,1,1,4,1,9,6,7,9,7,2,7,8,5,8,8,2,2,3,3,1,3,6,9,8,2,4,4,4,2,6,5,0,8,2,8,0,7,6,8,1,8,2,7,8,8,8,6,2,7,1,6,4,5,8,8,1,1,6,2,7,8,7,9,6,2,7,8,3,2,6,3,8,6,7,4,8,3,2,8,8,6,2,8,5,4,7,0,7,7,5,5,6,5,2,7,7,4,8,7,9,8,4,8,0,1,6,8,5,6,4,2,7,6,6,9,2,5,7,4,6,3,1,5,2,4,8,2,8,3,8,7,4,1,9,6,5,2,1,1,2,4,5,6,1,1,0,2,3,5,1,6,9,4,8,1,5
76,3,2,8,8,7,8,8,9,1,2,1,2,2,6,0,8,2,5,3,6,4,4,8,3,3,8,4,7,8,9,3,3,5,5,2,8,4,2,5,5,6,2,6,8,3,1,6,8,7,4,8,3,7,1,2,5,3,1,3,1,5,9,5,0,5,1,3,1,2,7,6,6,3,1,6,0,1,4,2,7,4,1,6,7,7,0,4,3,1,9,4,1,2,2,4,9,0,9,7,4,9,7,4,1,5,5,6,9,6,8,0,8,6,2,3,4,2,4,6,6,1,7,5,1,5,6,8,4,3,5,8,8,5,5,8,8,1,1,2,4,3,6,8,0,7,7,6,0,8,1,0,0,2,7,8,7,5,2,1,5,0,3,7,5,3,2,2,5,0,2,8,8,4,7,8,3,2,9,3,4,6,5,3,6,0,7,7,5,9,9,8,1,0,0,2
77,8,4,5,2,5,4,2,2,1,5,7,8,6,1,0,3,9,6,2,5,7,3,6,5,2,5,4,0,7,5,0,2,2,2,5,3,3,5,2,8,8,3,4,8,1,7,6,0,4,6,1,1,4,8,3,6,0,6,6,4,9,8,8,7,3,1,3,9,6,9,3,3,9,7,6,3,0,6,6,8,4,4,2,8,0,2,7,2,2,4,3,4,2,0,4,6,8,2,4,3,6,5,5,3,8,5,3,6,7,5,4,0,8,4,7,6,9,7,3,5,2,7,1,5,0,4,7,4,3,9,1,4,7,3,6,1,1,8,5,8,0,5,2,1,8,9,2,0,3,7,5,8,5,2,9,6,4,8,0,8,7,6,7,0,1,8,8,2,8,1,3,2,0,6,3,4,1,4,3,4,5,5,7,5,8,7,2,3,3,8,7,7,8,8,3
78,5,2,0,8,7,8,0,3,5,3,2,7,1,3,3,3,8,5,4,2,9,5,4,3,3,7,8,8,4,2,3,1,8,5,7,5,0,8,4,3,1,3,4,2,7,4,6,6,4,2,8,5,6,8,5,6,5,5,2,4,6,7,6,9,4,5,2,1,8,7,5,3,6,6,9,5,7,0,3,6,3,6,2,1,4,9,0,7,9,3,9,7,3,0,8,4,1,9,6,7,2,4,5,8,4,1,2,3,1,7,4,4,9,6,7,8,1,6,2,0,0,0,2,1,2,4,1,0,8,1,2,8,5,7,3,3,4,2,9,2,9,2,0,5,6,0,6,2,7,8,2,2,2,5,6,1,2,8,6,2,5,6,5,5,6,9,9,2,8,7,3,6,2,2,1,2,3,0,6,8,8,7,6,7,3,3,3,2,7,4,7,8,3,4,1
79,3,1,6,3,3,6,6,7,7,3,5,4,1,5,1,6,5,4,4,6,6,5,1,7,4,5,2,2,3,2,7,1,2,3,5,5,7,6,7,6,1,0,6,3,0,7,9,7,6,2,2,0,4,9,8,7,7,9,3,8,5,4,2,6,4,5,6,9,5,8,1,0,1,1,2,2,0,8,0,2,2,6,6,4,4,9,9,2,2,6,6,6,4,8,6,5,1,8,3,2,6,9,6,8,5,1,4,3,7,0,8,6,2,2,4,4,2,5,5,9,8,7,1,3,5,9,8,7,9,2,1,1,7,5,5,4,2,5,3,1,3,0,2,1,5,5,2,7,4,3,4,6,7,8,7,2,6,4,6,1,7,2,2,9,6,8,2,9,1,6,1,5,3,3,4,4,5,1,8,4,3,4,0,7,8,1,2,1,9,6,4,8,3,2,5
80,8,5,1,3,2,2,2,1,2,8,2,3,1,5,1,7,1,5,4,9,4,6,2,8,2,8,3,5,5,2,8,8,7,1,2,2,7,1,1,4,2,8,7,7,0,2,4,8,1,1,3,5,7,0,9,3,6,7,6,7,4,8,9,3,8,8,3,4,8,8,5,6,4,5,0,6,4,9,5,0,9,0,4,8,7,7,2,0,7,6,2,3,4,0,6,1,1,4,6,5,9,5,9,7,5,5,8,7,4,5,9,3,3,5,5,4,2,0,4,3,1,6,1,5,5,1,1,6,9,2,1,2,1,4,1,5,7,7,2,5,1,4,5,8,7,4,4,1,1,2,1,1,1,2,6,6,2,8,2,5,4,1,2,5,7,0,7,1,1,4,0,3,2,6,1,2,6,8,8,8,2,5,1,1,1,6,2,1,6,8,8,6,0,1,7
81,2,4,6,4,6,6,7,8,0,2,7,3,4,2,5,9,4,3,8,2,6,4,6,7,6,4,9,6,7,1,1,0,8,3,5,5,4,7,2,9,1,1,2,9,4,8,6,7,6,4,2,3,8,2,4,6,1,2,3,6,5,0,0,3,5,8,7,3,8,1,2,2,4,1,5,7,4,8,6,4,0,4,3,8,5,4,0,2,4,5,8,4,4,1,4,8,4,7,6,8,5,3,0,3,5,3,3,7,1,8,5,7,8,6,0,6,3,7,5,8,5,7,7,9,1,1,9,0,7,9,6,6,3,8,6,1,4,8,4,8,2,4,5,6,6,7,4,9,0,1,8,5,6,8,5,4,8,1,6,2,1,2,1,7,8,3,8,5,4,7,7,2,9,6,2,1,0,3,6,2,2,1,3,6,2,8,3,1,2,1,1,1,7,5,5
82,0,6,1,3,9,4,4,9,2,1,7,4,2,2,8,6,2,8,0,6,5,3,4,0,8,2,6,5,6,4,8,6,8,5,5,5,7,3,0,4,4,0,6,3,7,4,3,3,6,5,1,5,6,5,0,3,3,5,9,1,7,5,2,5,2,2,4,8,7,9,4,5,4,2,8,1,6,7,8,1,8,0,2,4,8,9,4,1,7,8,1,7,5,1,9,4,1,4,3,6,3,6,8,7,4,4,6,4,0,8,6,4,3,7,1,7,0,3,3,3,8,7,6,4,0,5,2,8,1,3,6,2,6,4,3,1,5,9,5,4,2,3,8,2,7,8,3,1,1,7,6,8,6,0,6,6,4,1,3,8,6,5,8,4,2,7,3,1,3,7,0,4,8,0,8,7,1,3,2,4,6,2,4,4,4,8,7,0,5,8,5,6,2,3,9
83,4,6,4,6,1,2,3,4,0,9,3,6,6,2,5,1,6,1,5,4,3,4,8,7,3,8,5,6,0,5,3,5,6,3,4,3,7,4,2,5,2,0,0,2,9,5,2,5,1,5,7,2,5,7,7,2,3,3,6,3,2,0,4,8,4,9,0,6,7,6,0,5,8,3,1,2,0,8,5,8,8,4,0,1,3,6,1,5,2,8,3,3,4,1,4,3,2,7,4,4,3,3,3,0,1,5,4,1,0,6,9,2,4,6,6,9,1,0,8,4,8,2,1,0,8,4,1,5,5,9,3,5,7,1,4,0,3,6,7,8,2,7,4,6,6,7,2,1,2,0,8,8,3,9,1,1,7,4,1,3,5,4,6,1,1,5,3,2,8,2,4,7,6,3,6,6,6,1,4,4,8,7,6,4,2,6,2,1,5,1,5,3,1,5,2
84,0,4,1,6,8,2,3,9,5,9,9,8,8,1,4,5,8,3,1,3,8,3,6,1,2,6,0,8,9,1,8,5,3,8,8,3,5,9,7,7,2,6,8,7,2,8,9,5,2,4,1,4,1,5,7,0,8,3,4,9,3,9,9,1,1,4,7,6,6,3,4,2,3,5,2,8,0,7,4,0,5,8,9,0,1,2,0,3,5,7,7,5,5,3,5,6,3,3,2,7,6,0,8,8,4,2,6,2,2,8,8,8,3,2,0,8,2,5,0,2,1,5,2,2,8,4,1,7,5,8,2,3,6,7,0,0,5,8,8,6,5,8,1,2,6,7,0,3,1,1,3,3,1,2,3,5,1,0,1,6,3,4,4,5,2,4,9,4,3,4,3,7,6,3,9,8,8,3,7,6,8,1,5,4,3,0,8,1,8,3,0,3,6,8,9
85,0,7,2,3,7,4,6,5,6,3,6,7,8,4,5,6,3,6,2,8,1,5,7,4,3,7,7,2,7,4,8,8,1,3,8,6,9,5,7,7,7,0,6,7,0,7,4,7,0,7,2,4,6,8,5,3,5,9,1,6,4,2,3,5,4,3,5,9,5,2,4,2,6,2,8,4,6,4,4,4,4,8,1,1,0,1,8,8,6,6,7,8,1,7,1,2,3,5,6,9,3,8,4,2,7,2,6,5,1,2,5,6,7,4,6,8,7,8,9,7,7,1,4,2,1,5,8,9,7,0,1,6,1,7,4,3,4,6,2,1,9,5,9,8,7,9,6,8,6,5,1,6,3,6,8,4,2,1,2,9,5,7,1,0,1,6,5,3,8,4,1,6,5,0,2,1,7,4,6,2,1,8,6,5,7,6,6,3,1,0,8,5,2,5,0
86,6,6,9,9,3,8,8,6,8,7,8,5,4,4,8,1,7,7,2,3,2,1,6,7,5,0,4,2,4,1,3,4,7,3,7,7,5,4,7,5,8,1,8,1,6,9,9,4,2,3,9,6,8,1,5,5,7,2,0,5,7,7,4,4,8,4,2,1,3,3,9,6,2,4,1,1,8,4,8,9,1,4,9,5,2,0,2,7,6,9,7,4,6,0,2,7,6,2,9,7,0,6,7,1,4,6,5,2,4,1,8,2,2,4,6,2,1,8,4,3,5,5,8,5,3,3,9,5,3,3,4,3,9,4,6,7,5,8,7,8,6,1,5,3,4,5,8,4,6,5,2,5,2,5,2,0,6,6,3,4,7,4,8,1,2,5,6,4,9,0,6,6,2,8,4,2,5,8,3,9,2,7,3,4,6,1,1,8,5,6,7,2,2,8,6
87,6,5,5,6,1,4,4,7,8,5,8,4,2,6,8,8,3,1,7,5,7,6,7,5,0,0,4,7,9,2,4,2,2,6,5,5,2,7,5,1,2,0,1,2,3,4,8,4,3,2,8,1,8,6,4,6,3,5,6,8,3,6,3,7,9,2,0,1,0,4,4,6,9,3,4,3,5,5,0,4,8,0,1,8,9,1,0,3,8,1,0,0,7,1,5,4,8,5,3,3,1,6,8,4,7,6,5,9,4,5,1,7,8,5,6,9,0,8,8,7,1,1,5,4,7,7,3,7,1,5,2,8,5,5,9,3,7,5,5,2,2,7,4,5,5,3,8,1,7,2,5,7,6,6,7,8,5,5,9,3,1,1,7,5,2,7,3,5,6,9,8,9,8,3,1,9,4,7,8,2,5,6,4,9,1,4,7,1,3,7,8,6,1,4,5
88,0,6,9,6,6,7,2,8,8,9,6,0,9,9,7,6,8,1,9,2,5,2,8,4,2,8,2,0,4,1,1,1,2,9,8,0,6,4,7,4,1,6,4,5,5,5,9,7,8,5,3,8,2,7,4,2,7,8,0,8,4,6,8,5,9,6,2,1,3,5,5,1,2,4,0,8,8,7,8,9,6,8,8,3,1,9,3,0,3,1,7,7,7,8,6,2,5,3,3,3,2,5,8,4,6,5,6,4,3,7,7,6,3,2,8,0,3,8,4,4,6,2,3,4,2,9,1,6,5,5,4,2,2,4,1,5,1,3,3,7,7,2,3,2,4,7,8,6,3,8,5,7,8,4,7,2,9,4,4,9,1,7,6,5,4,1,4,7,2,9,4,7,3,9,2,3,1,2,8,4,7,6,8,8,2,4,9,2,3,5,9,5,6,5,5
89,6,7,1,1,8,1,0,7,1,7,6,5,2,7,7,3,5,1,7,2,3,7,1,6,4,8,2,2,4,1,8,4,4,7,3,5,1,6,3,8,6,1,5,4,9,1,8,8,0,7,5,6,7,6,4,6,5,4,8,7,5,6,1,2,3,2,4,6,8,4,9,4,8,8,6,7,6,8,3,4,5,0,5,7,6,7,5,4,0,1,0,2,9,5,2,6,2,6,0,7,2,6,4,6,8,4,6,3,5,6,5,8,7,8,3,0,2,9,6,7,1,2,1,5,5,6,6,7,2,4,6,7,1,3,7,5,0,4,8,2,2,7,2,4,1,7,8,7,9,9,0,1,3,0,9,1,8,7,7,4,6,5,6,9,5,6,5,8,9,7,6,3,5,8,4,0,1,2,4,8,9,5,8,1,0,7,2,9,6,3,4,1,1,9,0
90,8,8,2,7,7,8,9,3,9,2,6,4,5,1,8,6,2,8,8,5,1,0,2,1,7,8,2,1,0,7,6,3,8,2,7,1,6,6,0,2,7,5,2,8,6,5,3,8,4,9,3,8,1,4,1,4,8,5,6,9,7,4,5,4,3,2,1,4,7,7,6,1,0,0,5,7,6,3,8,1,3,1,6,9,1,2,6,1,8,0,5,8,7,9,7,3,7,3,5,6,4,9,1,3,6,6,9,2,5,1,1,0,0,8,9,0,7,4,9,0,3,3,4,3,6,8,6,1,6,9,3,3,2,6,1,2,1,3,2,5,2,7,2,6,0,5,8,4,1,5,1,4,5,5,7,5,4,5,5,6,6,4,3,8,6,9,5,3,5,2,3,3,6,4,8,9,8,8,4,3,1,2,6,3,3,3,4,4,2,1,6,5,6,7,0
91,4,0,6,2,1,4,3,9,2,0,4,2,6,8,6,7,5,6,3,4,5,4,6,5,9,6,3,7,1,5,7,6,6,3,3,1,9,6,6,6,5,1,8,3,5,7,0,7,6,9,9,4,1,9,1,1,7,5,5,7,1,3,1,4,3,6,2,8,7,2,8,9,4,4,8,4,3,3,2,1,2,7,5,4,2,4,1,6,5,5,0,6,6,8,4,7,7,8,4,7,7,5,2,7,0,4,2,2,2,1,0,2,4,2,3,0,5,6,3,4,6,2,3,8,7,5,9,5,6,3,2,1,3,8,8,2,5,2,7,1,8,8,7,1,2,6,0,9,2,9,8,3,9,0,5,5,5,8,7,5,3,2,5,2,2,6,6,7,4,3,8,5,9,7,7,8,7,5,4,0,1,8,7,3,0,9,3,2,8,8,9,9,6,7,3
92,4,4,8,2,2,4,4,1,4,4,7,3,3,9,6,8,1,1,3,1,7,4,2,5,7,5,4,2,8,2,2,3,3,3,2,4,6,0,4,1,0,4,0,1,1,6,1,4,6,4,3,8,4,8,5,2,9,0,8,7,6,6,9,7,1,8,8,4,5,3,1,6,2,9,5,1,2,8,5,7,3,6,5,8,6,5,4,1,8,9,3,0,1,9,8,6,6,2,4,4,8,6,4,4,5,8,2,6,1,6,2,7,5,1,7,6,8,8,5,4,8,0,6,5,0,8,1,3,4,8,4,6,1,0,6,4,2,0,5,5,1,3,3,9,9,6,2,5,4,2,7,6,5,6,9,1,4,3,5,5,1,6,4,9,7,2,7,4,3,9,8,6,8,9,1,5,6,5,6,7,9,7,5,0,6,6,2,2,1,5,1,6,6,9,3
93,4,3,5,2,1,2,8,4,4,6,7,3,2,5,1,8,1,3,8,0,6,1,4,5,4,6,2,9,7,4,2,3,6,1,6,4,1,8,5,2,5,1,5,2,3,0,2,5,3,8,2,1,2,1,4,3,4,7,2,9,9,3,1,3,1,6,0,8,5,2,2,8,2,1,1,1,3,5,3,5,2,3,5,5,2,3,1,7,7,6,9,4,0,6,8,8,4,2,6,7,0,5,9,1,5,0,9,4,3,1,3,2,2,8,3,2,6,1,1,5,9,5,5,4,1,2,3,6,8,7,3,4,5,9,8,7,4,1,1,1,6,5,5,7,2,4,4,1,9,8,2,5,8,2,8,4,6,1,6,0,3,6,5,3,4,4,8,1,3,2,1,3,9,0,7,3,2,6,4,9,8,1,0,6,5,2,0,2,5,7,1,6,8,4,0
94,4,7,8,8,0,4,6,4,4,6,7,1,2,6,5,5,1,5,6,5,4,4,5,4,7,6,8,3,1,0,5,6,9,2,6,3,5,5,6,7,5,5,1,7,3,0,4,4,5,2,1,6,5,5,5,4,7,3,8,3,5,7,3,5,5,4,7,0,1,7,5,5,3,3,6,0,1,7,8,1,4,3,3,9,6,1,7,2,2,4,5,7,9,0,3,1,0,5,8,2,4,1,4,6,2,8,6,8,5,3,8,6,8,6,0,7,6,3,8,7,9,3,7,1,8,1,7,5,4,6,2,1,6,1,3,3,4,2,5,8,5,6,9,7,9,1,2,1,3,4,0,7,2,8,1,2,5,3,0,0,8,7,1,1,2,4,5,2,3,0,3,3,7,7,0,2,8,4,2,4,1,4,0,8,6,0,5,9,5,6,9,0,6,5,3
95,5,9,5,1,6,2,4,1,5,8,7,3,8,4,4,0,6,8,8,2,3,4,2,4,7,6,1,3,4,8,4,7,5,5,1,6,4,1,5,0,3,5,8,4,5,8,9,7,4,7,2,7,4,3,4,9,3,7,7,5,3,5,7,1,3,1,7,7,3,1,2,1,0,6,4,1,9,8,6,1,9,7,0,4,8,1,7,2,4,3,5,3,3,1,0,7,4,3,8,6,6,8,7,7,5,0,1,4,4,9,8,8,1,2,6,3,9,5,2,6,2,7,1,6,0,1,4,7,7,4,0,3,7,5,0,5,3,5,5,1,7,9,4,2,1,6,8,3,7,4,1,7,6,1,5,1,5,3,1,3,7,8,0,7,8,5,6,2,7,6,8,6,6,9,7,9,7,4,7,1,7,1,1,2,5,4,2,7,1,8,5,8,6,8,6
96,4,9,4,2,4,4,5,1,1,0,5,6,3,6,9,5,2,7,4,3,9,8,7,2,2,2,3,9,5,5,5,9,5,5,9,3,0,6,6,8,9,3,0,5,2,3,7,5,8,1,6,0,6,9,2,3,5,5,2,9,1,7,7,2,9,4,7,0,6,7,5,1,8,2,9,9,9,4,0,7,3,4,1,6,1,5,5,1,9,4,9,7,3,3,8,0,4,6,0,5,5,8,5,7,6,3,4,7,1,5,4,3,4,4,7,7,5,1,2,8,1,7,1,6,6,8,0,2,8,1,1,8,7,3,1,4,6,1,1,2,7,5,1,0,4,5,8,6,0,9,8,4,8,2,1,5,3,4,2,7,7,6,5,6,6,8,9,1,8,2,1,2,5,1,5,0,3,7,7,1,7,7,7,0,4,5,8,6,2,2,5,4,7,8,2
97,8,9,8,6,8,1,3,9,4,5,3,1,4,8,6,5,0,8,4,8,0,1,4,6,4,2,7,9,3,5,8,1,7,4,2,4,7,1,5,6,2,7,1,9,3,7,6,2,3,4,5,9,4,6,7,6,5,6,6,7,2,5,2,3,4,1,6,4,7,5,6,3,7,8,1,3,4,5,8,5,9,4,2,5,6,2,0,7,2,2,0,1,8,3,1,8,0,1,3,5,8,0,3,2,3,0,7,5,4,6,3,3,6,7,2,7,5,2,5,7,4,5,7,3,8,1,6,5,3,0,5,0,3,2,2,0,8,6,7,6,4,8,5,7,0,4,8,4,5,8,7,9,5,6,0,3,3,8,8,1,1,7,6,1,0,1,8,2,7,3,8,1,4,0,3,1,4,4,4,7,9,4,6,4,4,9,1,8,0,0,8,4,2,3,6
98,1,3,1,8,8,3,7,2,0,7,5,9,3,8,7,8,5,1,7,3,6,9,6,6,3,3,1,7,4,2,3,5,5,6,6,2,2,1,2,2,1,8,8,9,8,5,6,0,1,4,8,1,1,4,1,8,1,6,6,4,7,7,2,5,6,4,4,6,4,8,3,6,6,0,2,8,8,8,7,6,1,1,5,3,2,0,1,0,1,7,4,8,8,9,1,8,5,0,4,5,7,1,5,3,2,2,6,8,4,2,9,7,6,8,1,5,4,9,5,5,2,7,5,8,9,5,3,6,9,7,1,6,7,2,2,6,8,4,2,6,3,4,5,5,5,2,8,8,8,8,5,9,9,2,4,5,6,7,3,5,6,7,6,5,2,9,0,3,8,2,1,0,4,2,4,2,2,2,1,4,5,1,9,1,1,6,0,0,9,6,8,1,6,3,4
99,2,0,0,3,8,3,5,5,3,9,5,1,2,3,2,0,9,3,4,7,3,8,1,8,1,2,6,8,9,9,1,7,8,5,3,0,6,6,1,9,8,8,7,5,8,6,3,5,1,4,4,4,9,5,7,8,7,0,5,8,3,2,9,0,8,4,8,7,0,3,3,5,8,3,7,4,8,6,5,2,3,7,5,3,8,3,1,8,2,3,6,9,8,2,3,0,8,8,0,4,7,3,6,5,3,7,4,3,0,5,1,6,3,4,2,2,1,1,4,7,7,8,7,1,7,2,4,0,2,5,4,1,7,1,3,4,5,5,6,5,5,8,9,3,2,6,1,1,1,3,3,3,2,8,6,5,1,2,5,4,1,5,8,6,3,9,6,5,9,3,5,6,7,0,8,5,4,6,5,7,1,3,2,1,1,1,8,8,2,5,7,1,7,3,9
100,6,5,9,7,9,6,5,6,4,1,4,4,7,8,5,7,1,8,3,2,6,1,1,4,2,5,6,8,2,7,9,3,8,7,6,5,7,5,4,6,6,8,0,3,5,3,1,6,7,1,8,5,2,6,1,5,6,2,6,2,8,9,5,1,5,1,4,6,4,7,2,4,8,1,6,7,7,8,2,2,3,4,2,5,6,5,7,8,6,4,5,2,3,1,2,9,1,2,0,0,4,7,8,7,8,1,2,7,1,3,8,1,8,3,8,5,3,5,5,4,4,0,8,5,6,5,3,4,5,7,4,5,2,4,7,6,2,5,5,2,9,9,5,4,4,2,7,8,2,8,7,9,3,5,5,8,4,9,9,3,3,1,7,1,6,2,3,7,6,4,1,2,1,8,2,0,8,5,3,8,1,8,8,4,5,4,4,8,3,0,7,8,5,6,7
101,3,8,7,4,9,4,1,7,8,3,9,2,6,2,6,0,3,5,8,7,0,7,0,6,9,1,2,2,3,7,5,8,6,0,0,8,2,5,3,3,3,7,4,3,2,3,9,8,7,4,0,5,8,8,3,7,0,2,5,6,7,9,1,7,7,8,0,2,8,2,5,5,8,3,5,1,7,3,4,7,4,8,7,7,6,5,1,2,3,1,0,1,5,4,2,8,1,4,2,2,0,1,6,8,8,3,6,1,6,5,8,4,5,3,2,8,8,2,6,3,4,7,1,3,3,0,4,4,5,1,7,9,1,5,2,0,4,1,6,3,7,8,6,2,4,4,2,7,8,5,7,7,7,6,7,9,2,7,6,2,6,3,4,6,7,3,4,3,5,1,7,4,8,8,8,3,1,8,2,6,4,9,1,5,6,0,8,1,6,3,6,2,6,4,4
102,1,8,9,5,4,5,5,7,4,2,1,1,9,9,3,8,5,4,0,3,8,3,3,3,3,9,3,4,3,2,2,3,5,4,5,3,4,3,8,4,3,6,0,4,1,7,5,4,4,2,5,2,6,5,6,2,7,8,1,3,5,2,7,0,5,6,1,8,8,2,2,3,8,2,1,7,8,9,6,6,6,8,1,2,4,4,4,7,2,1,4,8,5,3,8,1,4,2,1,4,5,0,8,0,5,1,8,1,6,5,1,5,8,1,5,3,8,4,2,9,8,7,4,2,9,1,5,4,2,5,8,8,6,0,4,6,2,5,4,8,6,1,0,6,3,4,7,8,6,6,3,5,6,3,9,3,7,8,5,9,8,9,4,4,3,2,4,5,8,3,4,0,1,5,4,6,4,9,6,3,2,4,3,2,3,1,9,9,4,1,8,2,6,6,6
103,7,4,4,7,1,7,6,4,5,9,5,6,1,6,3,2,4,7,7,8,3,7,3,5,1,8,5,1,4,5,0,7,7,0,3,6,7,7,6,0,2,9,3,4,9,9,5,2,7,4,6,6,7,2,3,8,5,1,6,3,2,9,9,3,1,9,3,7,1,4,2,3,1,7,0,5,1,6,6,7,4,3,3,7,8,4,3,4,8,5,7,6,6,8,8,2,8,1,4,2,7,8,0,7,1,0,3,3,5,1,6,5,4,2,2,6,4,2,8,3,3,1,3,2,5,9,5,3,9,6,2,6,1,0,2,7,7,1,4,6,2,8,2,3,4,8,8,9,3,8,1,2,3,8,0,2,0,7,3,6,9,2,4,6,3,1,1,5,3,6,6,6,3,2,1,0,2,0,7,4,6,4,6,0,0,1,7,3,5,0,1,1,6,6,8
104,6,2,4,2,5,6,3,4,2,9,4,7,0,7,2,4,2,2,2,1,8,2,7,5,6,0,1,6,1,8,4,6,4,4,6,5,3,5,2,2,3,8,7,3,3,3,7,8,1,3,6,8,3,8,1,8,3,6,5,4,8,2,5,7,5,9,2,5,2,1,4,9,2,1,6,6,5,1,7,5,1,1,1,7,0,7,7,2,3,1,3,7,5,3,0,3,5,1,2,7,1,6,8,0,7,6,4,7,3,9,7,8,6,6,8,7,4,3,3,0,7,0,1,3,8,5,6,8,3,8,7,1,5,2,5,9,8,5,3,4,3,1,2,4,1,8,4,1,7,8,8,6,5,5,1,7,9,3,6,7,8,1,6,7,4,9,7,9,7,4,4,7,5,8,0,1,0,3,5,7,9,2,5,1,5,1,8,2,8,8,7,5,0,8,7
105,3,7,8,3,7,1,1,2,7,4,6,5,3,1,2,4,2,3,8,8,2,0,4,2,6,1,7,0,3,6,7,4,1,4,9,7,3,8,7,7,6,5,1,4,5,1,5,3,6,2,9,1,1,2,7,1,6,3,4,6,4,7,3,6,3,9,7,8,4,6,9,1,6,8,2,2,3,9,8,1,0,9,6,1,9,2,7,4,8,2,5,1,3,5,8,5,9,8,7,4,9,7,3,3,0,4,4,3,7,4,8,8,1,4,2,1,6,4,1,2,0,2,4,6,7,9,8,8,4,3,0,6,5,2,5,4,1,4,9,1,4,3,5,8,8,6,2,5,5,5,8,6,7,6,4,2,2,0,2,8,8,8,8,7,4,8,7,3,8,5,5,4,3,4,1,6,4,8,5,6,5,1,8,5,5,9,3,9,4,7,9,8,2,7,8
106,0,3,8,6,1,4,4,7,6,4,5,1,2,6,2,5,4,6,8,1,7,8,7,2,2,6,7,4,4,4,6,5,8,7,3,8,7,6,1,9,5,6,6,4,1,2,1,1,6,4,1,2,7,9,9,5,8,6,1,4,6,4,3,4,3,9,7,8,6,7,7,1,3,2,2,1,2,5,5,0,1,3,6,5,4,6,4,8,5,7,6,2,1,3,9,5,5,2,2,1,1,4,4,7,0,0,2,0,9,1,2,8,7,1,4,2,2,5,5,3,3,5,3,2,5,6,7,8,9,4,4,4,2,3,3,8,2,5,4,2,4,8,2,3,5,9,6,2,5,8,8,5,3,2,7,5,8,3,9,6,7,2,5,4,1,7,6,5,6,9,1,6,3,9,8,3,2,4,1,3,8,1,1,9,2,7,6,1,8,3,2,7,6,5,6
107,7,5,9,8,4,9,3,1,9,6,0,6,5,8,3,7,1,1,2,9,8,2,9,7,5,6,0,9,8,2,2,7,7,6,6,4,7,7,4,1,4,5,3,1,2,1,1,6,5,6,2,1,4,6,6,4,5,7,2,3,6,5,8,3,3,5,7,0,6,7,0,2,1,1,2,3,4,2,2,8,5,4,1,3,8,3,6,4,1,3,1,7,2,5,2,2,2,2,5,4,4,7,4,7,1,0,0,2,4,1,8,3,9,3,5,3,3,2,0,8,0,3,5,3,4,9,2,6,4,3,9,5,4,7,3,1,8,4,9,4,6,1,0,4,4,5,3,9,7,8,3,2,6,6,6,5,6,4,7,5,2,3,1,5,3,5,3,8,9,6,7,8,3,2,6,2,5,0,2,3,6,5,6,5,2,5,1,5,2,8,8,6,7,2,3
108,3,2,4,1,9,4,4,8,9,7,3,5,6,5,2,4,1,4,2,8,1,5,3,7,4,7,7,3,0,9,8,7,1,0,5,6,2,8,5,2,3,3,8,1,8,7,7,4,7,1,4,7,6,6,8,5,4,5,7,7,4,2,6,0,8,4,5,7,3,8,8,8,1,7,1,3,2,7,1,7,5,8,5,1,9,8,2,1,5,5,6,7,1,6,8,4,9,2,5,3,9,8,8,4,5,6,9,0,8,2,1,2,4,8,6,5,5,7,8,7,3,2,4,2,9,2,6,0,8,0,3,1,8,9,4,2,7,2,7,1,5,7,9,4,6,6,1,9,7,0,0,5,2,1,2,3,6,8,5,0,7,7,6,2,2,2,8,8,4,3,8,4,4,2,6,8,5,7,5,4,7,1,8,8,8,2,7,4,1,4,0,1,8,3,1
109,7,3,1,5,6,0,3,3,8,5,1,0,8,3,1,7,4,2,3,2,7,6,3,2,8,3,7,8,2,5,8,3,7,2,1,4,1,0,0,0,1,4,4,7,7,6,1,1,8,3,2,7,8,6,8,7,8,3,8,7,2,4,3,6,6,0,3,5,7,1,2,3,7,3,8,5,3,7,7,2,2,7,7,4,6,4,3,8,0,7,4,6,1,7,8,2,7,6,4,7,0,1,1,5,6,0,2,4,0,4,5,6,1,0,5,1,2,1,7,8,3,1,9,5,1,9,7,8,6,1,7,2,7,0,6,0,6,7,4,2,1,9,8,4,2,3,2,7,5,0,5,1,5,3,6,9,7,4,1,2,4,3,2,8,2,4,4,3,4,9,7,3,1,9,4,2,4,4,3,3,2,2,3,6,1,3,8,4,6,5,6,7,2,1,1
110,5,7,5,4,2,2,6,3,1,5,5,1,2,9,6,9,3,5,6,8,4,8,5,1,5,3,7,6,3,1,4,0,6,1,8,3,2,7,8,6,3,2,9,4,4,4,1,7,8,5,4,3,6,6,4,3,5,0,2,8,5,3,5,2,6,5,8,3,6,6,4,5,1,3,5,5,4,7,8,5,4,1,1,0,2,2,7,3,7,8,5,9,6,7,7,3,8,3,6,8,4,9,7,4,5,1,7,2,7,0,3,7,1,6,5,5,8,2,4,1,3,0,6,8,6,3,8,7,1,4,1,5,7,9,6,1,6,5,1,1,1,9,2,4,3,0,3,0,1,8,5,2,4,9,9,8,1,2,1,6,0,4,9,2,1,2,5,2,9,2,0,9,4,3,6,8,4,1,4,7,9,4,4,6,5,1,4,2,2,1,0,8,4,6,9
111,5,2,8,1,7,1,2,8,7,8,6,6,9,1,0,8,8,2,7,3,4,5,0,8,8,8,9,7,5,6,8,8,7,7,4,4,0,1,4,2,1,1,6,8,6,7,5,7,1,7,2,2,3,1,0,4,8,4,4,6,0,1,4,7,8,5,3,0,5,4,8,3,8,3,8,7,7,6,0,8,5,6,1,4,5,1,7,5,0,4,7,4,6,8,8,9,8,3,8,5,7,2,7,8,4,1,7,2,6,5,0,6,6,4,0,7,4,3,2,3,7,2,1,8,3,6,1,6,3,4,6,2,7,1,6,3,5,7,6,0,9,1,0,4,8,4,8,2,4,5,6,6,2,1,7,8,5,6,0,7,6,4,4,4,1,5,5,4,2,9,2,3,3,2,8,4,3,7,3,5,7,6,4,1,9,3,5,7,8,1,5,9,2,4,2
112,9,4,1,8,4,7,6,4,4,8,7,7,4,7,5,9,4,2,7,0,1,6,2,1,7,5,1,4,1,4,9,8,5,9,7,6,1,5,1,1,1,3,9,7,8,1,6,4,5,4,3,3,2,8,5,6,1,7,4,4,4,9,6,0,4,2,2,1,2,4,4,6,2,4,4,4,5,5,4,5,8,5,8,0,3,2,5,8,4,3,1,7,5,2,8,5,0,6,6,7,8,0,2,5,6,6,1,1,8,6,8,0,3,3,3,7,8,7,6,4,2,2,4,5,7,4,6,5,8,3,7,5,6,0,2,1,4,0,6,7,2,2,5,4,4,6,4,8,1,4,6,5,7,8,3,6,0,5,6,7,3,3,3,3,9,4,6,7,5,3,1,0,4,5,7,2,3,3,8,3,2,4,4,6,7,0,8,6,6,8,2,2,9,1,3
113,8,5,6,5,4,9,5,6,5,5,4,7,3,5,1,6,6,6,3,6,7,6,6,4,0,4,9,4,5,6,3,2,1,6,4,5,3,1,6,8,3,5,4,1,5,1,1,5,4,3,1,2,2,5,6,7,8,8,7,3,0,8,2,6,7,4,7,2,5,6,2,8,7,3,1,2,7,3,2,3,1,7,3,0,8,2,6,7,6,2,1,8,3,6,8,4,5,6,3,8,3,5,9,5,7,5,9,8,7,8,0,4,0,9,1,0,2,4,0,8,7,2,0,7,8,2,4,0,7,0,6,6,4,1,5,0,7,5,1,7,9,4,7,2,6,7,2,1,7,4,0,8,7,2,1,1,9,9,3,7,8,1,4,4,6,2,3,2,2,3,4,2,8,5,6,7,5,8,5,7,8,9,2,3,6,9,2,2,5,0,5,7,2,9,5
114,1,6,5,6,6,4,5,0,7,8,2,1,5,2,2,0,1,0,7,1,7,8,4,1,5,2,6,1,6,3,9,1,4,9,1,8,6,4,7,4,5,1,2,7,3,8,5,3,5,2,5,3,1,4,0,1,1,9,6,4,1,1,1,0,4,8,5,9,4,3,3,3,2,8,5,1,4,1,3,6,8,4,8,2,8,2,7,7,3,6,7,6,6,3,5,2,1,9,2,5,5,6,2,4,5,7,3,1,8,3,8,0,3,0,9,3,4,2,2,5,2,9,7,7,1,4,6,7,6,8,7,1,8,2,2,5,4,4,2,8,4,7,6,6,2,7,4,3,2,0,4,3,1,4,1,2,8,0,5,5,6,9,8,5,8,7,3,7,5,7,6,6,5,5,1,1,0,7,6,6,5,7,2,6,8,4,2,8,3,5,5,7,3,8,8
115,6,2,1,8,7,1,7,3,5,6,5,4,5,5,7,8,5,3,8,7,5,1,9,4,5,8,9,8,3,7,9,3,0,1,2,0,6,5,0,3,8,4,4,4,0,6,2,2,7,2,7,8,3,8,3,7,2,6,3,7,2,7,8,7,8,8,5,3,0,5,5,5,7,4,1,3,4,5,7,9,7,2,4,0,6,5,6,2,9,6,9,9,7,7,5,6,0,3,0,1,9,3,8,3,8,0,8,6,1,8,7,0,7,7,0,6,7,0,2,5,8,5,3,4,1,3,3,1,1,7,6,4,9,2,6,4,0,8,6,6,1,5,6,4,8,5,1,2,4,9,4,5,4,2,8,3,6,2,6,7,7,2,2,8,7,7,5,8,6,7,7,7,1,6,1,2,9,6,8,4,9,8,3,7,1,5,2,5,4,8,5,2,5,3,4
116,4,7,7,1,5,1,9,1,2,2,5,1,8,6,2,7,3,0,3,2,3,4,6,7,6,7,5,3,3,6,6,4,1,5,0,8,0,2,6,2,6,5,8,2,5,6,1,4,1,3,8,8,4,1,7,1,5,1,6,2,1,7,3,0,6,0,5,1,7,8,7,2,1,3,8,6,5,7,3,5,0,1,1,0,9,3,0,4,2,2,8,6,0,4,1,6,9,0,3,3,2,4,3,8,1,5,6,6,3,6,4,2,6,6,6,0,8,8,9,2,7,0,8,5,1,0,4,2,4,6,4,2,6,4,4,8,6,6,7,9,4,5,5,4,6,3,7,2,7,2,5,7,9,2,3,9,8,4,1,4,5,3,7,4,8,4,9,1,7,5,7,8,7,7,0,4,1,3,4,5,6,5,5,7,2,6,3,6,6,1,7,1,9,0,5
117,8,4,8,5,2,7,6,5,4,1,8,0,1,2,1,9,2,6,6,4,6,7,8,8,8,5,0,4,1,7,4,8,1,9,4,4,4,7,2,7,2,0,4,5,0,8,6,1,0,8,4,2,3,2,4,4,8,4,1,5,4,7,2,5,8,4,2,4,0,0,6,4,4,5,1,3,2,1,7,0,3,3,9,4,9,3,6,7,1,9,2,7,9,1,5,8,7,7,7,7,3,2,8,5,2,4,3,4,7,7,6,2,8,8,8,0,0,1,4,9,6,8,1,4,2,2,4,1,5,7,4,4,9,7,2,7,7,7,1,3,7,6,7,6,3,2,7,4,7,2,2,4,7,3,1,4,5,9,3,4,8,6,2,8,6,2,7,6,1,0,8,2,6,3,3,5,1,1,1,2,5,6,1,7,0,2,7,4,1,4,4,4,2,0,1
118,9,3,2,4,1,1,7,8,6,3,7,3,4,8,7,2,3,4,1,4,7,1,3,2,8,3,9,7,7,8,1,1,9,8,1,4,7,3,2,5,4,6,5,4,4,3,6,5,5,2,7,2,8,1,4,0,1,6,2,5,9,2,4,7,4,9,3,6,0,7,9,8,7,7,7,7,6,7,3,5,7,3,9,4,9,8,8,7,6,4,4,1,6,7,2,8,6,2,4,2,8,5,5,0,5,1,5,5,9,2,1,4,3,4,1,6,8,0,6,8,6,3,7,2,1,3,3,6,2,1,2,1,4,9,2,1,1,4,2,1,6,8,2,7,8,6,3,3,5,5,1,2,1,1,2,7,8,8,0,5,5,0,2,1,4,2,7,5,5,2,1,5,0,5,8,8,8,2,7,2,7,5,0,1,8,5,1,0,7,1,3,3,9,3,8
119,1,6,1,4,1,7,4,8,5,6,7,9,8,2,0,1,9,9,8,9,6,4,7,1,4,7,3,5,3,6,0,4,8,6,4,6,7,7,3,5,2,0,6,4,4,7,7,1,5,2,9,5,4,6,5,4,7,4,8,2,8,8,7,4,7,7,1,7,1,0,8,1,3,8,1,8,8,3,3,5,4,2,2,2,1,9,0,1,0,6,9,8,8,1,1,6,2,6,1,3,7,6,8,7,1,3,7,9,2,9,0,3,4,2,6,3,6,5,0,8,3,6,1,1,9,8,2,4,0,3,5,4,0,8,3,4,7,2,4,8,3,6,6,7,2,7,0,3,6,3,7,5,4,4,4,4,6,9,5,1,9,7,6,1,2,1,8,3,6,6,4,4,2,8,1,1,7,6,9,1,4,8,2,1,2,2,9,7,7,7,9,4,1,7,6
120,2,5,7,8,4,4,2,7,4,5,7,2,5,8,1,1,7,1,8,0,6,6,4,0,4,1,1,2,0,3,1,5,9,2,2,9,9,2,2,9,6,3,5,3,2,0,7,9,2,7,9,1,7,6,6,1,3,2,5,6,4,8,6,3,3,2,3,7,8,6,8,5,8,5,5,3,3,2,5,6,6,2,3,3,2,5,5,5,1,2,0,4,9,6,1,2,8,9,2,9,6,4,0,6,4,6,1,2,1,4,5,3,0,5,5,8,2,3,3,0,6,9,0,1,6,6,3,2,1,3,6,4,1,8,6,6,1,6,3,2,4,5,3,6,5,8,7,7,0,7,3,3,8,6,3,1,7,1,4,6,3,8,6,2,6,2,6,9,4,1,8,3,7,9,6,3,3,7,1,1,6,7,5,7,2,1,6,1,7,0,7,7,5,1,0
121,5,6,2,3,1,8,4,0,5,4,7,3,1,6,4,5,1,9,4,8,8,3,5,2,4,2,8,7,4,2,1,0,7,4,7,4,5,3,1,2,6,6,2,4,7,5,3,4,9,2,1,3,2,2,0,8,5,3,1,5,7,1,1,7,9,0,2,2,0,1,3,1,2,7,2,0,0,5,7,1,4,4,4,1,7,9,9,6,7,1,1,1,6,7,8,0,3,8,5,5,2,4,1,2,7,5,3,4,3,9,5,1,3,6,4,6,6,9,1,3,0,1,4,7,8,5,7,8,9,5,1,1,3,1,4,2,5,9,9,8,9,0,3,5,5,5,3,7,6,7,4,7,8,8,2,5,6,7,5,9,2,8,2,2,6,4,4,7,3,6,6,1,7,1,4,8,8,6,9,7,4,1,7,1,3,5,0,4,8,6,2,5,1,6,9
122,8,5,2,1,7,0,2,6,0,8,3,3,0,0,8,9,3,2,3,5,9,0,8,6,2,6,4,3,7,6,3,7,8,5,1,7,5,1,2,5,7,3,7,9,4,2,3,5,1,6,1,9,1,7,2,1,7,8,0,7,3,4,2,1,8,5,9,9,4,0,3,9,7,4,1,6,2,8,3,2,8,2,0,4,5,5,2,2,4,1,5,6,3,8,7,9,0,4,2,5,4,2,4,4,3,1,6,8,8,1,7,1,7,8,6,1,5,1,3,8,8,0,5,4,2,7,4,3,2,5,7,1,0,1,7,7,6,6,4,1,8,1,4,3,3,3,3,1,1,3,4,5,9,4,1,2,3,1,6,4,8,8,7,2,9,8,2,3,9,1,8,1,9,9,0,8,4,8,5,2,9,7,8,4,5,9,1,4,7,4,1,2,4,1,1
123,3,0,8,0,8,8,2,8,0,0,7,1,9,8,8,4,2,2,4,0,5,4,6,8,7,3,3,1,7,2,6,3,8,6,8,4,6,5,4,1,1,2,6,1,5,7,9,0,4,7,2,0,1,8,5,9,0,4,1,2,1,0,9,8,2,3,9,7,1,1,1,2,2,2,3,3,8,7,6,5,3,7,7,6,5,4,3,7,8,2,6,6,4,5,2,7,3,1,7,3,6,3,2,2,5,3,5,3,8,8,2,7,1,7,5,9,6,4,3,3,0,7,0,6,4,7,5,4,7,1,5,2,7,6,2,6,9,6,4,6,5,1,8,6,2,7,8,5,3,6,6,4,1,8,8,6,4,1,1,4,7,7,7,4,1,7,8,9,5,2,8,0,8,2,2,5,5,9,6,7,2,5,7,9,1,2,6,6,8,3,8,5,1,2,1
124,7,1,7,2,3,8,7,5,9,9,8,4,7,5,4,4,6,5,0,6,1,4,9,5,2,8,8,5,2,5,4,5,1,4,4,6,3,7,3,8,5,7,2,2,7,4,8,7,8,3,1,2,7,3,0,5,4,6,0,2,6,1,2,1,8,2,3,7,8,6,8,7,7,8,7,9,0,2,5,5,3,7,4,2,8,2,3,4,7,9,2,6,9,2,5,1,2,5,2,4,4,3,6,6,4,8,1,4,1,6,2,6,5,1,4,1,8,0,5,4,1,9,8,0,1,4,0,4,4,4,2,6,4,3,7,3,6,4,8,5,4,3,5,3,5,8,4,5,5,8,8,6,5,0,6,3,5,9,7,1,3,1,7,9,6,4,5,6,0,4,1,1,5,2,7,5,3,8,6,0,1,8,3,4,2,6,5,1,1,8,1,1,3,7,5
125,4,4,6,4,2,3,4,7,1,3,8,4,4,9,1,7,5,8,8,5,3,2,5,5,6,2,3,2,4,1,5,7,1,8,9,5,4,7,5,1,3,5,5,5,0,1,3,0,5,1,5,8,5,6,1,2,5,3,2,3,7,2,1,4,7,3,6,8,7,3,4,6,4,1,0,2,8,3,3,7,6,5,7,5,2,8,1,8,5,4,1,7,3,5,2,5,4,3,1,0,1,9,7,0,6,4,6,6,4,5,4,7,8,1,5,4,0,4,1,5,1,4,9,2,0,4,3,1,3,4,4,2,5,1,1,3,5,0,2,5,0,5,3,3,7,8,6,4,7,7,1,8,5,5,5,0,0,8,9,8,9,4,8,4,5,3,5,2,2,5,3,9,6,2,6,9,5,7,8,6,4,2,1,5,0,3,8,6,9,1,9,9,3,1,5
126,5,3,1,9,5,1,6,8,2,3,6,4,2,4,5,2,7,4,3,2,6,5,2,8,2,4,9,8,4,5,4,8,2,3,4,3,1,7,5,4,6,5,0,5,3,9,6,1,5,7,7,1,0,3,4,3,7,7,3,3,8,3,4,2,4,6,1,5,3,6,9,3,5,3,3,0,8,7,4,1,4,8,7,9,3,9,7,1,7,5,2,5,4,0,8,4,3,7,3,0,3,1,8,5,0,4,8,0,2,2,5,1,4,0,8,6,7,7,8,9,4,4,6,5,2,0,4,5,4,4,3,9,9,7,7,4,2,1,7,7,9,8,8,7,4,4,5,9,9,6,4,3,5,6,2,9,4,2,9,2,9,9,7,0,6,3,6,5,8,5,7,1,9,2,3,3,4,7,1,6,6,0,8,2,5,1,5,9,5,0,7,5,4,5,4
127,5,4,6,8,6,1,6,6,3,3,8,9,7,6,6,3,1,1,5,5,5,6,4,4,6,0,2,0,7,5,8,5,6,3,3,2,4,1,0,4,5,5,3,8,2,7,6,5,3,4,2,9,4,6,0,3,2,6,4,4,7,7,0,2,6,5,3,6,3,8,7,8,1,7,8,3,0,3,2,7,2,8,4,3,8,0,1,1,1,4,5,8,8,7,1,7,4,0,5,1,4,5,2,4,0,5,7,5,7,5,8,8,1,7,7,2,4,6,9,2,2,4,7,2,6,2,0,3,4,8,6,5,2,8,5,9,4,8,2,6,9,3,2,8,2,2,2,6,5,5,4,3,1,6,1,8,3,3,0,5,5,7,3,1,5,4,3,4,6,0,4,8,4,4,7,5,7,4,7,7,0,1,6,8,1,4,4,9,6,4,0,4,5,3,5
128,9,7,6,6,1,7,6,5,7,8,6,0,7,0,3,9,1,8,1,5,1,1,8,1,6,4,4,7,6,1,5,2,4,5,0,7,4,4,2,7,6,3,1,8,7,1,4,4,1,4,6,3,0,1,5,5,3,6,5,2,4,6,7,5,0,4,2,0,5,3,7,8,0,2,8,3,7,6,8,3,3,3,0,5,6,5,2,0,8,1,1,3,4,7,4,3,6,4,7,3,2,1,2,5,4,3,9,8,8,6,2,7,8,1,1,9,2,5,5,6,4,3,6,3,9,0,7,0,6,4,5,2,7,9,4,6,6,9,3,3,5,6,1,6,2,1,8,2,5,4,6,5,4,3,5,5,8,7,3,8,4,0,8,6,4,1,6,0,5,8,9,8,1,5,1,6,3,6,1,2,5,7,3,6,9,7,6,7,5,8,2,3,4,9,8
129,6,7,9,8,3,7,2,0,3,5,1,5,9,5,5,5,3,2,5,3,7,9,6,7,7,5,5,4,4,6,2,1,8,7,1,3,2,5,3,2,9,4,3,6,4,4,5,8,0,1,0,8,0,3,3,3,6,0,2,4,1,2,6,3,9,2,3,3,5,4,7,5,8,0,8,1,4,5,8,1,2,0,1,5,8,3,4,8,7,9,7,3,2,8,1,0,2,5,2,2,5,7,2,8,8,3,5,8,9,6,8,2,1,5,2,9,7,6,4,5,5,5,1,2,6,3,3,6,0,1,6,9,0,1,5,5,7,5,7,9,9,9,2,2,4,2,0,6,7,6,3,1,6,6,4,0,1,5,7,1,8,5,2,2,8,3,4,8,8,2,8,6,8,2,9,8,6,5,4,2,8,5,9,4,7,5,8,7,1,1,4,7,5,7,9
130,6,6,8,7,4,8,8,8,3,5,3,6,7,3,5,6,6,3,1,2,4,5,3,4,4,5,0,1,4,4,7,8,0,1,3,9,8,2,1,6,5,3,7,2,8,9,7,0,7,1,6,5,4,3,7,7,7,4,7,5,1,6,4,1,8,7,8,7,5,4,5,1,4,3,5,5,1,9,4,8,3,4,8,0,8,4,6,1,7,1,1,9,8,1,4,0,7,1,8,1,3,8,4,6,1,5,0,9,6,5,1,4,4,0,2,2,3,8,2,3,1,5,6,5,8,6,6,1,5,0,5,4,9,7,6,3,4,1,9,9,8,0,2,1,4,2,1,5,6,2,7,8,5,9,7,0,9,1,2,3,3,8,2,0,6,8,2,4,8,0,2,6,2,7,4,2,7,2,2,2,4,9,8,4,3,1,2,3,6,6,5,9,8,7,0
131,7,7,7,2,1,0,7,4,4,2,4,4,2,8,8,2,6,5,2,5,4,2,8,3,3,6,8,4,6,2,6,5,8,1,0,8,6,6,8,1,7,3,5,8,1,2,1,0,1,7,9,8,9,6,6,7,6,6,3,7,1,4,3,6,8,1,5,5,9,2,7,0,9,1,1,8,1,8,8,5,2,3,7,5,7,2,9,1,5,2,5,9,2,6,6,4,4,1,7,5,1,0,2,1,1,5,9,8,0,9,8,7,1,2,9,5,4,9,1,7,5,9,6,4,2,6,4,2,1,6,0,3,7,8,7,5,6,2,1,2,8,8,2,7,2,4,7,1,5,0,8,5,8,7,7,8,5,8,1,1,0,9,3,6,7,5,7,8,3,3,0,4,8,6,6,8,7,2,8,1,7,8,9,0,4,2,5,7,3,6,9,3,3,3,1
132,5,6,1,6,8,1,4,6,2,7,6,3,6,6,7,3,2,6,8,6,7,4,2,9,8,2,5,2,6,9,8,6,3,4,7,2,5,1,3,5,8,4,7,2,7,2,2,5,5,0,7,4,7,8,9,5,8,6,7,7,9,5,4,4,8,7,8,8,7,3,2,4,1,3,6,6,1,2,8,4,8,4,5,5,5,7,7,2,2,5,2,2,6,3,4,3,7,4,2,5,8,6,3,1,2,3,7,2,5,0,8,7,1,9,4,8,7,5,5,8,8,5,4,8,4,1,6,7,1,3,0,0,6,7,1,2,8,4,3,6,2,2,8,4,2,5,8,7,4,7,6,1,3,5,1,2,5,5,1,0,1,7,4,6,1,2,3,6,5,0,6,9,8,5,3,6,8,1,3,8,4,6,1,0,4,8,5,6,2,7,8,3,8,8,1
133,2,9,2,6,2,9,7,5,5,1,6,8,9,7,4,1,7,4,5,4,5,5,2,4,1,8,9,4,0,8,0,4,2,4,2,3,4,3,2,3,1,1,1,9,5,3,9,2,0,4,1,1,4,7,3,9,1,5,7,4,7,7,4,1,2,3,8,5,4,7,5,8,9,6,9,3,2,5,3,3,4,1,8,5,5,3,1,0,2,2,1,3,1,8,1,5,7,0,1,6,5,2,1,5,0,8,1,8,8,6,4,0,6,3,1,2,6,8,0,4,4,3,6,2,4,7,8,3,8,4,7,3,0,8,0,4,6,1,5,1,2,5,3,6,4,7,2,1,1,1,8,1,3,2,5,6,0,5,6,9,6,8,8,8,1,0,7,2,4,5,5,1,8,1,4,6,3,6,5,8,5,0,3,2,7,5,2,7,8,5,1,6,8,3,2
134,2,7,2,1,8,3,1,5,6,2,3,2,4,0,6,6,2,1,1,4,3,7,1,7,2,8,8,6,9,2,7,7,5,1,7,6,8,1,5,1,5,4,7,4,3,3,4,5,2,8,0,1,5,3,6,7,3,6,5,5,7,5,1,1,8,5,4,6,4,6,6,1,9,6,8,7,9,6,6,0,7,2,0,6,5,4,4,6,9,2,0,1,6,7,6,0,8,4,5,0,6,5,9,1,3,6,7,5,7,1,4,3,6,7,1,4,4,9,3,1,5,3,1,5,3,2,8,7,5,3,9,0,7,0,4,0,6,8,6,4,6,6,4,4,9,6,2,8,8,7,6,8,1,9,3,9,1,1,8,3,5,4,7,9,6,1,4,1,1,0,3,4,7,4,7,8,5,8,2,7,3,2,9,8,3,0,4,8,1,5,0,0,8,3,3
135,8,6,4,7,3,4,5,5,3,7,5,8,3,1,3,4,4,4,8,5,4,9,5,5,9,1,4,6,5,8,3,7,9,5,6,2,6,5,3,7,3,4,6,1,6,4,7,0,5,1,6,6,7,7,1,6,8,2,1,7,4,8,0,7,8,6,3,4,6,7,7,4,2,3,8,3,6,7,4,2,6,4,4,2,5,8,3,2,2,1,8,0,9,8,8,1,5,5,7,8,2,7,5,5,6,5,8,4,2,4,3,6,0,9,8,7,8,8,8,8,2,8,7,2,4,0,0,0,6,2,3,8,3,5,0,0,3,8,5,8,3,2,9,5,0,4,7,3,1,4,5,2,3,9,3,1,2,3,8,2,1,5,6,1,7,8,5,7,4,8,5,0,8,2,0,0,6,8,8,9,4,4,5,6,5,2,7,8,8,8,5,8,5,8,3
136,6,7,5,3,9,6,3,7,3,1,5,2,5,0,1,3,2,2,5,4,3,3,5,8,4,8,8,3,3,9,3,1,6,8,0,5,4,2,1,2,1,4,8,5,8,0,2,8,6,7,3,1,4,8,6,0,3,4,7,1,1,8,8,5,4,4,7,1,5,6,2,8,3,6,0,8,3,3,6,7,0,0,5,1,0,6,5,2,7,3,6,6,2,3,0,0,3,7,7,6,6,2,8,8,0,4,9,2,6,2,1,0,3,5,8,7,3,8,1,6,4,1,7,5,6,3,7,2,3,4,6,6,9,3,1,0,3,0,2,6,5,5,2,5,2,6,3,8,1,9,3,4,6,4,1,7,7,7,9,8,8,7,5,1,3,5,1,4,4,9,7,3,5,8,9,4,4,8,3,1,4,8,4,8,7,4,2,2,1,7,4,0,7,7,1
137,7,7,4,4,2,8,6,6,2,3,4,5,3,8,3,8,3,2,5,4,5,4,2,8,3,8,7,6,8,4,8,6,6,5,1,3,2,9,1,5,8,2,3,1,8,3,2,8,6,4,0,7,4,2,0,7,8,5,8,7,5,2,3,6,3,9,7,8,2,0,5,7,3,1,3,2,1,2,2,1,4,1,5,4,4,6,5,4,9,7,4,7,6,5,2,3,3,4,1,1,8,8,1,7,5,6,2,2,2,7,5,5,3,1,7,8,4,6,5,4,5,6,1,4,2,6,6,4,3,4,3,6,8,4,1,2,0,8,4,9,2,4,2,2,8,8,6,6,4,6,3,7,5,4,6,1,7,3,9,3,4,5,4,6,9,1,3,7,3,7,8,2,7,0,6,9,6,3,7,6,3,6,2,2,4,4,4,3,3,0,6,8,5,5,8
138,2,5,5,1,5,4,5,0,4,4,9,5,1,5,3,9,4,1,5,2,8,5,7,8,2,7,3,7,2,2,1,3,8,4,2,9,4,3,5,4,3,7,9,3,1,1,6,1,5,2,4,8,3,4,6,3,5,2,4,3,8,5,4,3,2,7,5,6,9,2,8,6,3,6,0,4,3,6,6,3,9,7,3,1,3,7,4,7,8,7,3,3,1,7,6,5,5,8,3,6,0,8,2,3,6,8,6,1,5,5,1,5,3,3,3,2,5,3,3,2,2,7,1,4,8,1,2,3,3,4,2,5,7,2,5,3,6,0,9,8,7,4,4,3,2,5,9,6,1,1,1,7,1,0,0,4,2,6,5,9,5,8,4,4,4,4,9,8,4,2,0,2,8,0,6,6,2,7,0,8,4,1,8,1,4,2,6,9,9,7,5,7,2,2,3
139,3,8,0,5,8,1,7,2,3,9,0,3,3,5,1,2,3,8,6,7,3,5,1,7,3,2,1,5,8,4,5,4,5,0,6,7,3,7,6,5,4,6,7,9,9,4,9,5,4,3,6,4,5,8,5,4,6,9,7,2,8,1,3,2,6,3,3,4,6,4,7,2,8,1,7,7,3,1,8,1,5,6,7,4,8,3,2,4,3,3,0,5,3,7,7,3,6,1,2,4,3,9,2,2,9,0,7,7,1,0,3,3,3,3,7,4,3,0,6,8,4,8,2,7,2,1,6,6,6,7,7,4,6,1,3,2,3,7,0,1,1,5,2,8,6,0,2,6,2,6,1,7,4,5,4,8,0,3,2,4,6,2,0,7,2,3,8,7,4,6,9,0,3,6,6,4,7,6,7,4,9,2,6,4,3,0,2,3,6,5,4,2,5,2,3
140,5,6,5,6,7,8,4,2,8,1,0,4,2,1,7,4,8,8,1,9,9,5,2,6,5,8,6,2,4,8,4,3,8,3,2,8,2,6,6,3,1,5,8,1,8,6,8,8,6,7,5,5,3,7,5,7,0,6,9,2,9,7,2,2,6,9,2,4,3,2,6,3,3,9,9,6,3,3,7,7,1,4,0,7,5,5,1,4,7,2,0,3,2,8,6,5,6,3,3,2,1,3,1,4,1,8,4,1,0,8,5,6,4,7,5,6,3,7,5,5,7,1,9,1,8,7,8,1,1,1,6,3,6,4,9,6,8,9,1,0,5,4,4,7,4,7,3,8,1,1,1,4,6,4,7,7,5,4,8,2,8,4,0,1,5,7,4,5,7,1,2,1,4,4,2,8,1,1,3,7,3,0,7,3,8,3,3,8,4,7,6,9,5,3,8
141,7,9,1,5,5,8,9,7,6,6,8,4,8,8,5,4,0,1,4,7,8,4,5,3,5,7,3,8,5,7,0,6,6,7,5,5,6,6,7,0,1,7,7,1,3,5,5,4,5,0,4,9,5,5,1,2,7,8,8,2,3,1,4,2,7,4,9,2,4,7,5,9,9,4,7,5,3,1,7,0,3,9,8,4,4,4,0,6,7,1,0,5,4,4,6,3,6,9,4,1,2,6,1,3,3,6,4,3,9,8,4,5,3,3,5,7,8,6,5,8,2,3,9,9,6,7,3,1,6,4,8,1,4,4,7,3,2,4,1,5,0,6,5,2,8,0,8,5,7,7,1,2,5,4,2,3,9,3,2,1,0,8,3,6,8,5,2,3,7,5,8,8,4,4,5,3,1,3,9,7,3,9,4,5,2,4,1,5,2,5,0,2,8,2,1
142,4,1,3,7,5,6,4,7,7,5,2,5,2,5,4,0,3,5,8,2,5,3,4,4,3,4,4,4,1,5,6,1,1,1,2,2,8,6,1,5,9,3,2,6,1,4,4,4,7,6,3,8,4,5,4,6,2,6,3,6,6,7,3,8,9,6,5,3,7,8,6,3,3,3,8,2,4,3,7,3,6,2,6,2,4,6,3,5,9,0,1,1,3,2,8,7,1,1,8,7,7,4,5,5,3,8,8,8,4,2,5,9,6,5,6,0,9,7,2,5,9,7,1,8,3,4,9,4,8,5,2,2,3,7,4,5,2,8,3,7,2,0,7,4,5,5,2,2,8,6,9,2,7,7,7,3,1,3,6,8,5,5,2,2,5,1,6,6,4,8,9,2,2,3,2,2,3,6,0,1,1,4,5,6,5,7,0,5,2,6,1,5,3,8,2
143,2,4,7,5,7,0,9,0,8,3,9,1,3,4,5,6,7,3,1,6,8,8,5,3,2,3,0,5,4,8,0,2,9,1,8,4,2,5,1,4,2,6,5,8,5,8,4,6,6,6,2,7,8,1,6,3,2,5,7,4,4,7,1,1,8,3,6,4,8,7,4,6,5,7,1,5,6,0,7,9,6,6,7,0,5,6,7,0,1,3,7,5,4,6,2,5,3,7,2,3,3,3,3,6,4,5,7,6,2,4,9,5,3,5,1,5,9,8,3,6,3,1,7,6,5,9,2,4,9,8,2,1,9,6,8,3,4,1,8,2,1,3,0,1,5,3,9,7,5,5,2,2,3,4,3,8,9,8,7,1,8,2,4,8,4,8,7,3,8,9,5,5,3,7,3,2,0,1,7,0,3,1,4,5,6,6,5,1,6,8,2,2,7,2,0
144,6,6,2,8,2,8,4,5,5,1,9,3,0,7,1,5,4,4,1,4,7,6,5,2,0,8,0,8,2,5,1,6,5,7,4,1,0,4,8,3,3,1,8,0,7,9,7,3,0,4,4,5,1,8,5,3,1,8,7,8,7,4,6,1,7,7,2,3,5,8,7,7,2,5,1,1,6,5,6,2,5,6,8,8,6,8,8,1,4,3,8,8,4,1,5,1,1,3,5,1,5,6,6,9,6,2,1,4,7,7,1,4,2,4,1,1,5,8,6,2,2,3,6,3,2,9,3,1,5,3,1,8,4,8,2,4,2,8,4,9,2,1,8,0,6,9,7,8,6,2,7,0,5,4,3,2,1,9,6,1,4,4,7,5,2,1,7,1,3,8,5,7,7,2,7,0,5,8,1,4,1,9,1,4,9,3,2,9,6,2,3,6,0,7,1
145,8,6,6,6,7,5,2,8,7,2,8,5,6,6,3,9,8,2,9,3,6,5,7,8,3,7,5,2,3,1,4,4,7,7,9,5,3,7,1,3,9,7,9,5,2,1,6,2,2,5,4,7,8,3,2,7,4,3,6,4,3,3,6,0,0,8,4,2,7,6,3,2,6,6,7,4,8,7,7,2,5,4,9,2,3,7,2,1,7,7,2,2,8,0,3,7,4,0,3,0,9,7,5,9,3,4,4,5,1,7,3,9,9,0,6,3,2,4,6,4,0,6,9,4,6,1,5,2,6,1,1,3,2,4,2,8,2,0,6,7,9,5,9,0,0,3,8,6,8,2,7,4,7,7,9,6,0,3,1,9,7,5,1,9,1,0,2,5,3,8,1,1,1,8,2,7,4,3,8,5,2,5,7,7,2,7,1,2,1,2,7,8,3,2,2
146,5,6,3,1,5,7,6,8,4,1,1,5,8,0,4,8,1,9,1,4,9,1,2,7,2,6,1,3,0,1,8,8,2,0,1,4,5,3,8,0,7,3,7,5,2,0,3,7,8,0,4,8,2,3,2,3,5,8,2,7,3,7,7,3,9,0,8,3,6,1,3,3,4,1,3,8,5,5,6,3,5,7,5,5,2,2,5,1,5,6,0,6,1,5,8,4,6,6,1,3,2,8,4,5,4,5,4,4,1,6,5,4,4,3,6,4,9,0,5,0,5,3,4,2,7,0,4,2,4,7,2,2,1,2,8,2,6,0,1,2,3,1,5,0,4,0,1,8,5,8,9,5,4,3,0,5,7,5,3,4,8,1,1,3,6,7,7,5,2,4,6,6,8,8,0,7,6,4,4,4,6,8,4,2,1,9,7,6,2,5,1,1,6,4,3
147,1,4,6,7,6,5,5,1,8,7,5,4,4,8,4,2,2,2,5,4,1,6,7,9,3,5,1,8,7,0,6,3,1,2,7,5,2,7,8,0,3,2,1,5,9,4,4,4,0,3,1,9,4,6,8,2,2,1,7,4,7,1,1,5,9,9,0,8,3,2,6,0,8,8,3,1,6,0,1,0,6,6,2,2,7,1,1,5,3,3,2,6,1,6,4,1,2,2,3,5,8,2,6,4,9,6,9,9,4,6,9,7,9,8,0,6,3,4,5,0,6,9,9,5,9,1,9,2,3,3,9,5,9,2,1,2,7,8,0,0,5,8,4,0,6,5,0,4,8,2,4,7,0,3,4,1,8,4,5,0,4,6,2,5,2,5,7,2,0,9,6,3,5,2,6,3,1,4,1,2,3,2,5,6,5,5,8,2,2,2,6,7,9,4,4
148,3,3,8,6,7,6,5,9,8,1,4,0,0,2,5,0,3,1,4,7,1,0,4,7,3,2,7,7,3,7,3,8,7,2,6,3,7,4,9,1,9,2,3,3,1,4,0,0,1,6,6,6,1,1,1,1,0,7,6,1,8,3,3,3,3,0,5,2,1,4,1,5,4,6,3,4,7,6,4,6,7,6,3,5,8,5,9,8,8,2,0,6,0,0,5,6,7,2,5,4,2,4,7,8,9,8,8,3,9,0,8,5,7,2,8,4,3,5,8,2,8,6,6,6,5,2,1,8,9,1,8,6,7,5,8,9,4,5,1,0,7,6,1,3,2,4,4,0,7,2,8,6,6,3,3,9,7,8,8,4,1,6,7,3,1,5,5,7,6,6,8,8,6,5,7,5,2,7,8,7,4,6,4,3,4,5,2,1,4,5,7,6,1,3,7
149,7,2,6,8,8,2,5,8,9,3,7,4,5,9,4,5,4,4,4,5,1,7,5,5,8,8,9,8,6,6,2,4,6,8,2,4,6,4,8,6,7,4,2,7,0,1,1,1,2,4,4,1,2,9,0,5,6,5,2,0,9,8,7,3,4,1,8,6,1,1,0,4,1,1,4,9,7,4,1,9,8,1,8,8,8,5,0,5,2,9,0,6,4,3,5,9,7,4,0,2,6,7,3,7,5,7,1,5,3,9,6,5,6,1,1,6,3,9,0,1,6,6,2,2,6,8,4,8,7,9,3,2,1,4,5,2,7,4,1,6,0,6,3,1,4,6,3,7,0,4,4,1,3,4,1,6,7,8,1,2,1,4,7,6,2,1,5,8,6,8,2,3,9,1,7,2,3,6,8,7,8,7,4,6,8,5,5,0,1,6,2,6,6,8,4
150,7,2,5,2,5,1,2,2,6,7,1,0,1,7,8,8,6,2,0,1,3,3,2,3,4,6,6,5,4,2,7,3,5,7,7,8,8,1,3,8,4,3,4,8,7,6,0,3,5,5,6,8,2,3,7,6,7,0,0,5,2,0,4,3,5,0,5,8,6,8,9,8,8,0,2,6,8,7,4,4,3,6,8,5,6,6,5,8,8,2,2,8,1,1,8,3,1,7,3,2,9,0,8,8,4,4,4,6,8,3,4,3,1,4,7,7,7,5,4,4,7,7,4,4,1,6,0,3,2,1,0,3,0,6,5,4,9,9,5,3,1,3,7,1,5,1,3,6,0,0,2,4,8,3,3,4,0,1,8,7,9,7,6,6,8,1,5,4,3,8,5,8,7,8,1,2,7,8,6,7,6,3,9,4,2,3,5,5,6,3,4,6,6,6,0
151,3,5,0,4,3,6,5,4,5,0,6,0,7,1,6,3,8,4,4,7,7,5,8,5,6,4,9,5,3,3,2,8,4,0,4,0,1,6,3,0,3,4,8,7,4,6,8,5,2,1,5,1,7,0,2,3,0,6,0,7,5,5,5,8,5,8,8,3,3,2,8,3,9,8,1,2,3,2,8,8,3,2,9,1,1,6,3,7,1,1,3,6,2,5,3,4,2,1,9,6,5,4,0,6,1,3,2,3,5,1,7,2,7,7,8,4,2,3,1,3,6,1,8,9,2,4,7,5,9,8,3,6,4,1,4,4,3,2,6,3,1,7,7,1,2,0,1,2,5,6,0,8,4,9,9,5,1,1,3,3,3,7,7,8,5,5,3,6,4,1,5,5,0,2,0,5,9,6,0,3,7,9,3,8,9,6,5,2,4,4,5,5,6,6,6
152,7,0,5,8,1,4,4,1,3,1,7,3,7,2,5,0,0,2,4,8,5,2,3,4,5,6,8,3,3,8,1,1,6,1,2,4,6,4,3,9,6,4,9,4,3,4,5,5,2,6,3,3,5,8,2,0,7,5,4,3,7,2,7,1,2,7,2,4,2,4,1,6,6,0,5,0,4,8,8,5,3,4,6,8,7,6,2,5,2,8,6,8,5,0,3,3,3,4,8,8,2,3,8,3,4,6,3,5,7,5,7,6,3,4,1,9,7,6,5,4,8,8,3,3,8,5,3,0,0,6,5,0,9,6,9,5,8,1,3,8,8,2,8,3,7,4,4,6,0,6,1,0,3,6,1,7,8,5,6,4,7,4,8,1,5,3,6,1,8,5,8,2,9,3,8,4,3,5,4,4,9,6,4,7,2,5,8,5,2,2,5,7,3,0,6
153,8,7,5,5,4,2,1,5,3,4,4,1,7,3,4,4,3,1,4,7,3,3,3,2,5,0,8,8,4,4,7,3,6,9,6,8,2,5,0,3,7,5,7,2,2,9,6,7,8,0,6,0,7,2,3,0,0,7,2,1,3,5,9,7,1,6,1,3,5,6,6,4,6,1,0,8,4,6,3,3,8,3,1,1,1,7,5,5,2,2,0,3,8,8,1,3,5,5,4,3,3,7,5,3,6,7,5,7,5,5,7,7,8,6,8,1,2,5,4,1,1,8,7,9,0,4,2,4,6,0,2,4,2,8,0,1,0,1,2,5,6,8,7,5,6,2,7,1,4,5,0,8,0,0,6,2,4,5,6,0,9,6,8,9,8,8,3,1,5,1,2,8,4,1,3,2,2,8,8,5,8,5,2,1,0,2,6,5,5,1,7,6,2,0,2
154,2,7,1,3,5,1,0,6,6,4,4,7,1,5,7,8,6,7,2,3,2,1,4,4,4,5,8,8,5,7,9,6,9,9,1,3,0,1,2,0,0,8,1,2,4,1,1,3,3,7,3,9,7,5,2,9,3,9,1,0,4,5,8,2,2,3,6,3,6,3,1,6,8,7,8,3,6,4,6,3,2,6,1,7,4,0,1,5,6,3,2,8,7,7,2,5,7,8,5,6,4,4,6,6,6,5,4,5,8,6,6,7,3,9,9,3,6,6,4,1,8,0,5,1,2,1,8,0,1,6,2,3,1,6,1,1,5,9,3,5,6,8,2,5,2,9,8,2,6,7,2,4,3,0,2,5,7,7,2,6,4,5,3,9,8,9,6,4,8,5,3,8,7,3,8,2,1,1,6,6,9,5,7,9,1,2,0,2,3,9,7,4,9,1,6
155,2,5,1,1,1,5,2,4,2,8,5,8,6,2,3,3,9,4,6,7,1,1,4,6,7,8,1,1,4,3,2,8,2,2,9,1,7,4,5,8,6,2,1,5,3,2,6,1,0,4,2,3,1,8,1,3,4,4,7,4,3,4,7,2,5,4,7,6,2,8,3,5,6,3,7,8,2,3,3,4,0,0,7,3,7,1,2,3,2,5,5,1,3,9,1,5,3,9,6,7,2,3,5,4,7,8,1,7,0,7,2,6,8,3,8,6,8,8,1,8,9,1,9,1,5,1,9,9,7,5,5,7,1,6,1,2,7,8,7,8,3,7,4,4,3,9,8,9,0,5,7,2,6,1,0,6,4,6,5,4,8,3,4,8,2,6,7,1,3,8,2,3,1,6,8,0,8,5,8,3,4,4,2,5,1,4,2,6,7,3,6,5,8,1,3
156,4,5,8,3,8,1,6,8,7,0,7,3,8,5,3,1,8,4,9,5,7,3,2,8,3,7,1,1,5,7,1,4,2,8,7,2,7,5,3,7,4,5,6,7,3,5,8,5,6,6,2,2,7,3,2,3,3,3,1,7,5,8,3,7,1,6,8,1,8,6,3,4,7,2,3,6,7,7,1,1,8,4,3,5,2,3,6,8,8,6,2,2,2,4,5,3,8,8,0,3,8,1,2,9,7,5,1,7,1,5,5,4,1,7,2,1,2,7,3,5,1,3,2,4,8,6,8,5,9,5,4,4,8,8,7,6,1,4,4,7,1,5,7,5,3,3,4,2,4,3,3,6,6,8,1,0,8,5,3,8,0,2,5,2,4,5,2,4,4,6,5,2,2,5,5,2,1,1,4,7,7,3,4,1,4,6,6,3,9,5,2,8,2,5,1
157,4,6,1,3,1,6,1,1,5,0,0,1,8,7,7,2,7,2,4,7,7,9,7,2,5,4,4,3,2,5,5,1,3,2,8,1,1,1,6,3,8,1,5,5,6,5,3,4,2,0,3,6,7,8,1,6,9,2,0,9,1,2,9,2,5,4,6,0,9,3,5,1,5,8,5,8,7,8,5,0,3,5,6,8,7,0,2,6,5,1,2,6,1,5,8,6,5,2,8,3,1,8,8,4,8,5,5,3,0,1,1,6,2,1,6,5,7,3,5,5,5,5,1,7,3,2,6,7,5,2,3,6,5,9,8,8,7,7,1,6,3,9,2,1,3,2,2,4,7,4,8,4,3,5,6,5,0,5,2,6,3,2,0,3,6,7,2,1,8,7,4,7,1,0,0,7,6,2,1,2,7,2,3,0,5,1,5,6,1,3,2,9,0,5,7
158,8,7,6,3,6,2,3,6,2,4,1,5,8,1,6,1,4,8,8,1,6,6,4,9,4,7,4,0,3,0,7,1,2,4,8,4,5,7,0,2,7,3,6,6,8,4,8,7,1,4,1,6,4,0,0,6,1,2,3,5,8,4,3,3,1,0,4,0,6,6,3,7,5,6,0,8,8,8,1,0,1,7,6,3,8,8,1,2,8,9,4,1,1,8,9,6,0,2,6,7,7,3,9,1,7,2,2,8,6,8,3,0,3,2,3,1,4,2,5,0,7,2,1,7,8,7,9,9,5,3,1,0,5,1,4,8,7,7,2,0,6,4,4,3,8,8,5,2,5,0,1,9,1,7,5,1,1,0,6,9,1,6,5,3,9,4,1,5,7,1,8,6,2,6,6,3,2,1,1,4,6,8,8,4,6,0,7,5,4,1,2,5,1,1,1
159,5,1,7,2,8,7,0,5,1,0,5,3,1,8,1,5,3,7,6,3,7,8,8,4,8,3,0,6,8,5,9,9,8,2,2,5,1,5,6,8,0,2,1,5,2,6,8,7,4,1,4,4,7,5,4,7,1,6,7,7,4,8,4,6,1,7,0,3,2,7,2,1,4,4,6,3,1,2,1,2,8,7,4,2,4,0,8,3,2,7,0,8,9,2,4,3,7,2,7,3,2,3,2,7,1,2,8,4,7,2,2,7,1,7,3,2,2,5,5,7,9,3,5,3,3,8,7,7,2,2,5,0,2,4,8,6,6,0,7,0,2,1,8,6,9,4,6,2,2,7,6,6,6,6,5,1,3,4,0,2,2,4,4,7,7,9,2,2,3,1,1,4,1,2,6,5,6,3,6,4,4,7,6,3,9,9,5,7,8,2,8,7,6,7,6
160,3,9,5,9,7,2,8,6,7,2,7,8,4,7,6,0,4,7,7,7,2,6,1,4,4,1,1,5,6,8,2,6,6,1,6,3,8,4,4,4,2,1,5,9,0,7,1,3,7,0,7,4,4,0,6,3,8,2,8,2,4,3,2,2,8,8,5,6,6,0,4,7,2,0,7,6,0,2,2,3,2,3,8,5,3,2,5,5,0,0,1,8,5,8,8,6,9,9,5,7,5,4,2,1,7,4,8,7,7,7,1,2,7,7,6,8,8,2,6,1,7,7,7,3,6,7,6,8,9,6,2,7,8,6,1,3,0,6,8,8,3,1,3,2,7,1,1,3,4,6,1,9,1,0,8,1,1,4,6,0,1,2,8,3,5,8,7,1,1,1,3,6,6,5,3,1,7,2,4,5,5,2,8,0,2,7,6,2,2,1,4,5,2,8,4
161,9,1,6,8,2,5,7,1,2,5,6,6,5,3,1,4,4,4,5,4,6,8,2,0,8,7,6,6,5,8,2,8,7,9,7,0,4,4,6,4,4,6,6,3,8,3,2,6,2,7,6,1,2,1,7,5,7,1,4,3,3,8,4,8,2,3,4,6,9,2,0,2,0,0,7,6,8,6,6,2,0,0,5,7,8,2,3,5,3,8,1,6,9,7,5,3,1,2,1,8,2,5,5,7,2,7,3,4,6,7,2,5,8,3,6,1,6,7,7,8,3,2,4,3,8,3,8,7,0,0,3,5,4,5,5,0,3,1,2,4,4,9,4,7,8,2,7,8,3,2,6,2,1,1,4,2,6,0,8,7,0,3,6,8,7,5,7,6,3,2,6,2,8,4,2,6,3,9,4,3,6,5,3,5,6,2,0,9,0,3,1,7,2,8,2
162,1,1,7,1,5,3,2,1,2,7,9,1,1,8,4,7,5,8,8,8,2,3,7,3,8,6,1,4,0,7,4,3,5,6,4,4,0,3,4,4,8,0,1,2,2,6,5,2,4,1,9,6,2,6,7,5,1,6,5,3,6,8,3,0,0,6,8,3,3,7,9,3,7,4,8,8,0,8,1,7,3,6,0,9,4,2,3,3,6,6,2,6,8,6,2,9,2,7,5,3,6,5,9,5,3,7,3,7,5,9,4,8,3,6,0,0,7,4,8,6,6,4,7,5,3,1,0,0,4,3,2,5,2,1,5,4,3,4,4,6,8,2,2,4,4,3,5,3,3,6,1,5,5,4,8,4,3,5,6,1,3,0,8,8,2,6,8,8,7,7,6,3,6,1,0,8,1,5,2,2,0,3,8,3,6,6,3,5,1,2,5,4,3,7,6
163,7,8,5,0,5,6,1,1,5,4,8,8,4,3,5,7,5,6,4,4,7,4,6,8,2,2,3,6,8,8,9,1,7,7,0,7,6,5,1,6,4,8,4,1,4,3,5,6,3,6,7,7,4,3,5,5,8,6,2,1,7,8,4,3,6,8,3,1,5,1,0,7,2,4,1,6,5,2,5,6,9,8,7,0,2,8,4,3,4,4,3,6,0,7,5,6,4,1,1,7,5,2,3,7,4,7,3,7,7,5,2,6,4,6,9,5,9,2,1,4,6,1,1,4,2,6,8,1,1,2,3,3,5,7,3,8,3,8,1,3,1,5,2,4,2,4,2,4,4,8,3,0,5,8,4,5,3,4,2,9,7,1,0,5,6,2,2,8,7,7,4,1,3,3,2,7,9,8,8,6,2,3,6,3,1,1,3,2,2,3,5,4,3,9,8
164,4,5,2,7,5,7,6,3,4,0,8,1,1,3,7,7,8,1,1,7,2,6,5,3,9,0,2,2,5,8,8,7,4,2,2,1,6,2,1,5,7,5,1,1,7,1,1,5,2,0,8,1,6,0,1,6,1,9,0,2,4,5,6,8,4,9,5,2,3,6,7,1,5,2,0,6,8,6,0,7,2,8,3,4,6,4,1,3,7,6,4,2,8,9,1,1,2,8,7,2,7,8,5,2,5,5,3,6,3,8,1,0,7,3,7,6,6,1,2,2,8,4,5,3,3,5,1,7,4,9,5,7,3,3,1,4,4,1,9,5,4,0,0,4,1,9,8,1,4,3,9,5,7,9,0,9,8,7,2,0,3,5,4,0,3,7,1,2,4,6,7,3,4,9,2,4,3,9,5,9,2,7,4,7,2,8,0,5,1,7,3,6,1,9,2
165,1,8,6,3,6,1,8,8,3,3,5,4,2,7,7,7,7,7,4,3,7,5,0,8,8,8,1,4,8,1,2,8,1,7,1,4,3,3,6,8,1,6,4,5,2,0,9,2,3,8,9,7,7,1,4,2,3,9,6,3,5,1,8,8,3,2,2,3,9,4,6,8,1,3,8,8,5,3,4,9,6,3,0,6,2,7,1,5,6,4,7,7,9,7,3,2,8,6,7,8,8,2,3,5,8,3,2,2,1,3,3,1,3,1,6,2,6,8,2,6,2,3,1,8,4,4,6,5,2,4,6,6,3,3,0,6,4,4,2,6,3,1,0,8,3,2,4,1,3,6,1,2,5,6,9,2,0,2,3,9,2,5,5,7,0,6,3,2,2,8,4,4,3,6,6,8,0,8,5,7,3,8,9,2,8,6,5,2,5,3,2,8,6,4,7
166,4,2,7,1,8,4,0,1,1,7,3,1,2,7,6,6,8,1,1,3,3,3,3,0,2,6,4,2,1,9,4,5,2,0,7,1,7,5,6,4,4,7,5,1,5,4,6,3,3,1,9,3,1,8,7,9,6,1,8,6,2,3,1,4,3,9,2,9,6,5,6,5,9,5,4,3,3,1,2,1,3,2,4,4,7,4,3,0,8,8,6,8,1,6,5,8,7,7,5,4,2,6,6,4,4,5,4,4,1,4,3,4,8,4,8,3,8,9,5,4,8,5,0,8,5,5,9,5,8,2,1,5,8,0,4,5,2,7,7,2,2,2,5,4,5,2,7,5,1,4,3,5,6,7,6,4,5,2,2,1,1,8,7,2,1,0,6,2,4,2,1,7,6,5,6,8,9,8,3,5,8,8,4,5,7,5,3,8,0,3,1,8,6,1,2
167,5,9,5,5,4,8,1,3,8,2,4,4,8,7,7,2,5,1,4,6,4,8,2,6,0,5,1,3,0,8,2,1,3,3,8,9,8,7,9,4,6,4,9,6,6,8,5,5,5,2,8,0,3,5,5,7,4,2,1,1,5,4,7,6,1,7,2,7,8,6,4,5,1,4,1,8,2,3,1,2,3,7,4,8,8,9,6,7,1,6,7,1,9,0,8,3,8,7,7,2,9,5,3,5,4,3,3,1,1,4,7,2,8,1,4,8,1,7,9,1,4,4,5,7,7,3,1,5,4,0,4,7,5,6,7,8,2,1,6,5,3,4,5,0,2,2,7,1,6,5,5,3,4,8,6,4,5,4,3,4,6,5,2,0,1,6,0,7,0,1,6,1,4,5,1,1,8,2,2,1,8,6,2,3,8,1,1,3,8,7,7,5,7,9,8
168,6,7,4,5,7,4,0,0,8,9,1,7,9,9,7,4,3,7,7,6,7,8,6,7,3,2,1,6,5,8,8,3,7,6,1,3,4,7,5,8,6,2,3,4,4,3,4,7,8,3,5,3,6,4,1,8,9,5,8,6,7,4,6,3,8,7,7,5,2,4,5,9,2,7,6,5,0,8,8,7,6,1,2,8,4,3,1,3,8,7,8,2,9,2,4,8,1,2,8,5,3,5,8,1,3,3,6,2,3,1,9,5,5,7,3,5,6,3,7,4,2,5,7,6,7,2,1,7,4,3,7,2,3,2,4,2,4,5,6,7,3,3,4,3,2,5,0,7,2,3,8,6,3,7,8,4,3,5,6,3,7,3,1,0,0,4,6,0,7,2,4,9,4,7,5,0,8,4,2,5,6,6,5,8,2,3,6,4,1,4,1,2,3,0,3
169,5,1,2,6,2,3,1,3,2,5,6,6,4,3,3,7,7,7,8,8,1,7,8,6,1,1,4,4,2,8,1,6,1,5,1,1,2,5,5,8,7,6,5,7,4,2,5,4,1,1,5,4,3,7,5,7,6,4,4,7,6,6,5,8,2,8,9,7,8,5,3,1,6,8,2,7,7,8,2,8,0,2,6,9,6,4,5,4,2,9,2,3,1,8,2,5,3,7,6,5,1,1,3,2,1,5,8,1,8,3,7,2,7,3,3,2,4,9,4,3,8,9,4,1,0,8,1,2,1,6,1,7,6,7,8,1,8,5,1,3,2,0,7,7,0,1,3,5,6,1,9,8,7,8,8,8,3,8,4,7,5,0,5,9,9,0,5,1,0,7,4,7,7,1,6,4,1,3,7,0,8,5,4,4,2,6,6,6,7,2,1,5,3,7,2
170,6,1,6,0,7,4,1,4,1,1,4,7,1,5,3,3,3,5,3,4,8,2,1,2,7,2,7,1,3,4,4,2,0,7,0,8,3,5,4,3,3,2,1,4,1,8,4,3,3,7,1,3,6,4,6,4,6,1,6,8,8,9,5,7,7,5,1,7,5,5,4,6,7,2,5,7,1,4,8,4,9,2,3,5,4,3,3,8,8,8,8,4,4,5,3,5,7,0,5,5,1,1,4,6,5,6,1,3,2,9,3,3,9,7,3,1,3,7,0,1,4,1,6,5,6,4,5,8,7,3,8,3,4,4,1,1,1,9,5,3,7,7,2,0,6,5,7,7,6,7,0,2,2,3,9,8,8,2,8,3,4,0,4,2,9,4,7,2,3,0,5,1,2,8,7,8,2,6,1,6,8,3,8,5,1,0,4,7,1,4,9,1,0,9,1
171,5,5,6,3,6,8,2,5,3,5,6,5,8,2,4,6,6,3,3,5,6,6,0,4,8,0,7,3,1,0,3,8,8,7,9,1,6,7,5,5,6,6,7,1,7,9,7,2,9,7,5,6,1,0,5,5,4,5,4,1,6,6,6,4,1,1,2,7,1,2,4,0,2,1,7,0,6,4,8,4,3,4,1,9,5,2,7,2,1,2,7,2,2,1,0,9,5,1,4,9,8,5,5,5,2,5,6,1,3,5,2,6,5,2,1,3,6,8,0,8,4,7,1,2,0,6,3,7,4,2,3,8,9,7,6,6,3,0,7,6,4,4,4,4,9,5,3,6,8,4,2,0,8,1,2,9,3,9,6,0,9,8,2,8,8,1,5,7,6,3,0,8,5,5,9,4,3,7,9,7,9,8,5,6,4,8,3,2,6,7,7,2,6,8,2
172,0,8,3,8,9,7,2,4,4,8,4,8,2,1,0,4,4,0,5,5,5,6,6,5,2,3,3,7,9,3,2,9,3,4,7,6,5,7,0,3,4,1,5,3,1,1,2,0,2,8,4,8,2,4,2,2,8,4,2,4,6,6,3,6,4,4,1,7,5,8,4,7,8,9,2,2,6,3,1,0,5,8,1,1,5,5,0,6,2,1,8,8,7,2,3,0,9,3,3,0,1,3,6,9,1,0,8,7,4,5,8,0,9,5,4,2,2,6,2,4,7,1,8,3,7,1,9,5,1,2,2,5,4,3,2,3,3,6,8,5,7,1,5,1,5,2,7,2,7,8,7,2,6,4,0,5,3,8,4,2,9,6,7,6,3,7,1,1,6,5,6,0,7,2,1,4,7,5,3,4,8,3,8,9,4,2,5,7,7,2,1,9,3,7,4
173,7,3,4,0,9,8,3,2,1,4,3,9,9,4,1,9,6,0,3,5,6,3,6,5,0,1,7,4,9,8,9,1,1,8,6,5,1,8,6,6,6,9,9,2,2,2,5,3,0,6,9,7,6,8,5,6,1,3,5,3,2,7,6,6,8,1,0,6,8,9,7,3,1,0,5,8,4,6,6,8,6,8,1,3,0,5,2,3,4,5,0,4,7,3,6,7,0,1,0,5,8,7,2,3,2,8,2,8,8,1,7,0,3,1,2,9,9,5,5,9,6,4,2,2,3,3,4,3,1,1,3,6,8,1,3,0,4,2,3,5,6,4,8,1,6,1,2,3,3,1,0,1,5,8,7,2,8,3,5,0,6,4,8,0,8,1,7,4,5,3,5,8,0,8,7,0,5,3,2,1,0,3,3,3,0,6,8,6,1,5,4,7,3,4,9
174,4,7,8,2,8,3,6,3,9,6,8,0,4,9,3,1,0,4,7,4,2,1,3,9,4,5,3,4,2,8,2,6,3,2,3,0,6,2,1,6,1,5,4,8,1,1,1,3,2,8,0,0,4,6,1,0,4,5,1,2,7,4,7,1,9,8,6,2,1,4,5,8,2,3,2,0,4,7,8,1,3,2,0,0,4,7,2,2,2,3,4,7,8,4,8,2,4,7,7,4,6,7,6,2,3,3,8,0,8,7,1,5,5,3,8,0,8,5,6,7,1,8,7,2,2,1,9,5,7,1,5,7,1,0,1,2,5,9,2,3,1,5,8,4,0,4,7,7,7,2,2,1,2,6,8,1,1,7,8,7,8,8,6,2,4,0,5,4,4,2,4,3,2,0,2,8,5,9,7,1,1,6,1,3,3,7,8,7,3,2,7,3,6,5,6
175,4,0,1,4,5,4,4,4,5,6,2,4,7,3,7,3,7,1,3,6,5,6,5,2,9,7,7,3,2,6,8,1,1,7,8,1,2,4,5,4,1,8,9,8,2,3,6,0,8,5,2,2,2,6,7,4,1,5,8,2,3,1,8,2,3,9,4,1,4,1,9,3,4,2,4,0,1,7,3,3,5,1,7,6,0,6,5,4,3,6,1,5,7,6,7,3,2,1,5,2,4,5,4,5,1,7,6,5,5,3,3,2,8,2,4,5,3,6,2,3,8,1,3,6,7,0,2,5,1,1,8,4,2,5,1,6,1,2,3,0,4,8,0,0,4,4,4,6,5,3,9,2,2,0,6,8,6,4,1,0,7,6,5,3,6,5,7,1,1,5,5,7,3,1,0,9,2,3,6,1,5,6,3,5,6,7,1,6,3,0,1,0,4,6,8
176,7,6,3,8,5,3,7,3,0,3,6,1,2,1,1,5,9,7,4,1,6,6,6,6,3,2,5,7,0,1,1,5,8,1,2,8,6,3,4,8,2,8,8,9,8,9,7,9,1,8,8,9,1,5,0,7,7,1,6,0,8,3,4,2,1,6,4,8,4,8,9,9,9,0,1,2,5,9,7,3,7,4,1,7,3,8,2,5,4,2,2,7,2,7,3,7,2,4,4,8,1,3,1,7,6,2,3,6,4,1,7,2,5,4,7,4,6,2,1,7,6,7,8,2,2,5,7,5,5,9,5,3,2,4,2,6,7,5,7,1,5,8,4,5,5,9,2,3,2,1,6,3,3,5,5,4,7,6,0,6,7,4,0,1,0,8,3,5,8,6,2,5,7,8,5,0,8,5,2,1,8,2,3,2,3,1,3,1,1,8,1,3,0,3,2
177,1,2,2,1,2,5,4,0,4,0,5,6,7,0,4,1,3,8,1,0,5,7,2,2,6,2,5,3,1,6,0,7,8,3,1,8,7,8,1,7,1,6,2,3,9,3,4,8,4,5,6,3,2,5,9,0,7,4,7,2,4,3,7,1,6,7,1,7,4,7,3,4,5,4,0,7,3,2,3,1,3,5,0,7,5,8,2,7,6,6,0,4,1,7,0,8,7,1,4,4,6,3,1,8,7,4,3,6,7,4,0,0,0,1,6,2,0,5,2,6,7,7,1,1,3,6,1,2,7,2,2,3,1,1,3,0,6,1,2,5,7,1,5,4,1,6,3,7,8,1,5,9,2,0,8,2,5,1,2,5,9,8,7,8,1,8,8,8,3,3,4,2,0,6,5,3,0,4,5,1,3,1,2,3,2,9,4,0,7,1,4,4,4,5,1
178,5,6,2,9,4,0,1,3,5,8,0,4,8,5,8,5,5,7,1,6,6,6,5,3,3,3,6,5,2,3,3,1,0,7,7,6,4,7,2,5,4,8,9,1,1,2,9,6,5,7,1,4,7,8,6,6,3,5,7,1,7,2,6,2,7,4,3,1,2,6,5,5,5,8,5,4,2,6,2,1,8,6,3,6,1,2,8,7,1,2,5,1,8,4,6,3,8,2,7,3,7,4,8,3,6,3,4,9,2,6,6,6,6,3,5,3,4,8,3,6,1,1,3,3,9,2,9,5,1,6,1,4,4,3,8,4,1,1,2,0,8,1,8,0,7,4,6,4,7,3,7,4,3,1,6,5,4,4,5,4,4,7,1,2,6,8,4,8,4,9,5,6,2,7,5,2,6,0,1,8,7,7,7,1,8,2,5,2,8,4,3,6,6,1,7
179,1,6,8,3,1,5,3,7,5,7,5,1,5,1,3,1,7,0,3,8,2,1,7,3,8,5,6,7,4,2,4,0,5,8,4,8,1,7,4,2,7,3,2,0,8,6,9,7,8,2,7,5,4,4,7,6,5,8,4,7,4,7,4,5,3,2,7,9,9,9,3,1,4,9,7,9,0,5,5,0,0,2,7,8,6,8,7,6,5,3,8,8,0,5,2,6,8,2,1,7,1,9,6,8,3,6,2,6,8,6,0,6,5,8,6,5,3,1,3,2,3,7,6,1,7,4,5,4,2,5,4,5,8,9,5,5,8,7,8,4,4,7,1,3,8,0,8,3,6,2,6,0,9,7,6,8,2,6,6,2,3,7,6,6,6,6,7,6,1,0,6,3,8,6,1,6,8,1,0,4,7,6,5,6,3,6,8,7,6,7,4,3,2,9,2
180,5,8,8,2,5,2,5,6,1,2,6,3,1,0,3,8,3,5,1,1,3,0,5,6,8,4,8,2,1,1,2,9,3,4,7,3,7,6,1,5,2,2,9,3,8,0,9,9,3,8,3,3,4,9,6,0,2,4,3,7,3,9,5,1,4,3,3,5,9,2,8,4,1,1,2,1,5,1,2,6,9,1,7,3,4,6,9,3,7,4,4,6,9,1,8,8,0,3,4,7,2,9,0,2,8,2,5,2,7,8,7,6,0,4,7,7,6,5,7,6,1,7,6,9,4,6,2,5,6,6,2,8,2,3,1,2,2,1,8,1,0,5,6,1,1,8,4,2,4,5,3,6,7,5,8,8,4,8,3,3,8,7,8,7,2,6,1,5,3,2,1,1,4,1,8,5,5,3,1,0,8,0,0,8,4,6,1,4,9,6,6,5,7,5,1
181,7,2,6,9,7,6,4,2,8,2,2,0,9,8,5,1,3,5,8,2,5,0,6,9,2,4,3,5,5,3,1,3,0,2,1,1,4,1,8,3,6,8,3,8,9,6,5,3,3,1,0,5,7,6,4,3,4,1,1,4,1,7,6,2,5,7,9,6,1,6,6,2,1,4,5,1,5,9,6,9,0,5,4,1,5,5,1,8,8,7,7,5,6,3,6,7,1,2,0,2,9,2,6,9,4,2,2,9,7,8,3,5,3,3,2,5,9,1,1,3,4,8,9,8,5,6,8,3,8,7,6,9,1,4,3,9,7,9,7,9,1,9,2,0,5,6,3,5,9,7,4,1,6,6,7,6,1,5,8,3,2,1,8,1,7,4,7,0,5,5,3,5,3,8,2,1,6,8,5,2,0,5,8,1,2,7,5,7,7,7,9,6,6,1,4
182,6,0,1,4,3,4,3,4,7,1,4,9,0,8,8,2,1,1,1,3,5,5,2,8,8,1,7,6,7,3,3,3,6,8,6,3,7,5,0,8,8,3,5,8,1,5,7,2,4,4,7,3,7,6,2,5,9,4,4,8,4,4,7,6,1,9,6,8,1,0,0,5,8,2,2,5,5,4,6,4,1,8,6,3,0,2,7,3,4,3,9,5,9,4,6,4,0,7,4,1,0,2,3,8,2,4,6,4,3,5,1,2,4,1,5,8,3,1,7,7,8,4,6,1,7,1,4,5,2,7,3,5,2,2,6,5,5,4,3,2,7,1,1,0,3,2,6,2,2,2,7,5,1,6,9,6,2,1,8,3,8,4,1,1,8,0,6,7,2,6,7,5,1,3,1,1,0,2,5,5,3,0,7,4,4,4,1,2,7,0,8,6,3,3,0
183,2,7,6,9,6,7,6,6,2,2,0,4,7,9,5,8,7,3,5,1,8,6,9,1,5,2,4,5,6,4,5,2,6,8,0,5,4,4,8,8,7,8,7,2,3,2,4,7,1,2,7,5,2,0,7,4,5,5,9,0,4,4,0,7,4,1,4,4,3,0,1,1,2,0,0,1,5,4,0,1,3,2,7,7,3,4,9,7,3,4,6,8,4,5,2,0,3,4,1,4,1,3,5,4,6,1,6,4,9,9,2,5,0,7,5,7,4,2,1,7,7,4,8,2,7,0,4,7,3,2,3,2,1,5,1,1,7,2,1,5,2,6,0,8,9,5,4,1,8,5,6,4,4,4,7,4,3,4,7,9,5,3,8,5,3,1,8,1,5,4,1,3,8,7,7,9,6,5,4,3,3,3,0,1,7,9,2,7,3,2,6,6,8,1,7
184,2,4,9,6,3,8,4,2,1,9,4,6,6,7,3,1,0,6,5,5,5,3,6,6,1,3,6,3,9,1,4,2,1,1,3,6,7,5,3,1,5,5,7,4,2,6,5,1,5,0,1,9,0,0,1,7,6,8,2,5,5,9,7,3,2,6,2,1,3,5,2,4,0,2,3,2,2,0,4,5,3,4,4,1,9,8,7,7,0,8,9,4,8,4,3,4,1,2,2,7,2,3,5,5,7,3,2,1,7,4,2,3,2,4,3,0,3,4,3,1,6,5,7,1,9,7,9,4,5,8,9,6,3,7,2,1,5,7,3,9,7,7,3,7,1,4,6,9,2,0,4,3,5,6,6,2,7,3,2,7,8,7,9,5,5,4,7,7,0,7,7,7,3,1,1,4,6,3,6,2,4,8,1,0,9,7,6,1,2,7,8,8,6,2,2
185,8,6,2,1,4,7,5,4,5,6,2,3,2,8,6,2,7,8,7,6,7,5,8,6,3,2,1,5,1,5,4,6,8,3,4,7,5,8,6,8,3,3,7,0,2,1,0,3,9,7,5,2,2,7,4,8,3,5,1,5,4,5,1,7,3,7,7,0,7,4,9,9,6,4,5,5,8,5,9,9,0,3,5,5,7,5,4,6,1,7,3,2,2,2,2,4,3,1,8,0,3,4,7,4,5,9,4,8,6,5,8,3,5,5,7,5,4,1,4,3,7,3,2,4,4,4,2,1,1,2,5,7,6,4,2,0,8,7,6,7,2,1,2,8,7,3,9,8,6,7,5,3,7,6,6,7,5,1,1,6,2,3,8,6,1,6,7,9,2,4,1,4,8,7,6,3,5,7,7,4,4,8,8,1,0,5,1,6,0,1,4,2,7,7,8
186,3,9,7,2,7,6,8,2,5,1,7,4,7,4,4,7,8,9,0,7,8,8,8,4,7,4,5,2,7,6,7,6,4,5,6,7,7,1,6,4,6,1,2,2,4,8,5,9,1,7,1,4,5,8,2,9,7,6,1,5,3,6,7,1,5,7,5,6,5,0,8,3,1,0,1,0,7,6,2,6,1,8,2,5,2,6,9,9,7,8,3,8,0,3,4,9,7,4,3,7,6,9,1,2,8,2,7,7,8,4,9,7,7,4,2,6,2,0,3,7,5,5,1,7,2,1,6,1,3,3,6,2,1,1,2,6,6,2,1,6,6,3,7,1,1,7,8,1,7,4,6,7,2,2,8,3,4,8,7,5,1,3,2,6,1,6,5,3,4,6,6,7,4,5,3,7,1,3,3,1,9,6,1,6,6,0,5,6,1,8,8,3,6,4,8
187,7,5,7,5,5,9,2,8,0,7,2,1,5,4,3,5,3,2,3,6,2,5,5,3,5,6,6,1,9,1,5,5,9,4,4,0,9,2,1,3,6,6,4,4,7,2,4,5,6,0,5,1,3,8,8,0,2,6,5,4,3,0,4,7,3,8,2,2,8,1,3,9,6,1,4,3,7,8,5,3,4,8,3,3,2,0,6,7,3,7,1,3,6,2,1,5,5,5,6,8,0,6,7,1,7,1,8,3,7,2,0,2,8,3,3,8,2,6,1,3,9,7,5,6,2,5,5,7,1,4,5,2,2,8,7,5,7,1,4,7,7,1,9,0,2,3,8,7,7,4,0,6,3,8,8,0,4,1,1,3,4,7,9,7,4,2,6,2,1,9,7,1,2,4,7,5,3,7,6,8,1,2,5,7,6,7,0,4,2,6,0,3,1,7,1
188,5,1,3,7,2,2,8,3,2,3,4,2,5,0,7,5,3,6,8,8,7,7,1,4,3,7,6,6,7,9,9,5,2,6,1,4,1,3,3,1,7,4,1,4,5,3,9,2,2,0,1,7,8,1,1,8,9,0,0,6,3,8,2,1,2,3,0,2,6,1,7,2,3,4,3,2,7,6,3,7,3,7,8,1,2,1,1,7,1,4,7,5,7,6,2,7,2,1,0,4,3,1,4,6,6,3,7,8,0,1,1,1,2,5,1,5,7,7,2,3,4,2,3,4,8,2,5,6,7,7,4,8,7,8,7,8,5,3,6,0,6,3,2,7,2,0,9,7,7,1,7,2,7,2,6,4,8,4,5,3,9,1,4,3,8,4,8,2,8,0,3,6,3,4,4,0,2,7,8,5,8,7,5,4,5,3,1,0,6,8,7,6,9,6,6
189,2,4,2,7,3,3,6,2,7,7,1,6,4,2,6,9,4,2,5,1,6,2,4,2,7,1,2,8,2,8,7,9,4,8,5,2,8,6,3,0,7,4,6,2,2,7,5,6,5,3,3,3,9,4,5,0,8,8,4,8,2,2,3,8,5,6,8,5,6,8,2,3,0,7,5,2,1,9,3,4,2,6,0,7,3,8,1,3,4,3,3,7,9,0,9,8,3,8,5,9,1,4,4,6,4,7,4,0,7,5,6,3,9,5,8,4,7,8,1,8,1,4,3,7,2,6,2,2,3,3,3,2,4,3,1,2,3,4,9,6,2,3,2,9,8,7,7,7,5,5,9,5,5,3,7,0,8,3,0,5,1,2,1,0,0,1,2,2,4,2,7,4,1,9,7,2,6,6,4,3,2,6,5,0,5,7,6,3,0,2,8,6,8,8,0
190,3,1,6,4,4,3,4,0,8,1,0,9,0,4,4,5,5,2,9,6,0,1,4,4,3,6,7,8,8,8,6,8,4,2,8,5,2,0,4,6,3,1,7,8,2,9,4,3,7,0,7,9,9,8,7,5,3,5,9,1,0,6,4,1,6,4,0,8,3,8,4,9,4,2,8,6,6,2,7,8,0,3,0,4,5,4,7,9,6,4,1,6,6,5,2,3,4,9,8,2,6,7,0,6,2,4,8,2,6,6,8,0,8,6,8,8,1,5,1,0,7,1,8,8,0,3,9,9,6,2,2,8,1,5,1,4,3,4,7,5,5,7,5,1,1,1,8,2,5,9,5,5,8,4,5,2,4,0,6,5,5,8,4,9,1,3,1,7,2,3,8,8,8,6,9,7,4,4,7,2,8,7,7,4,4,5,5,2,4,0,7,5,2,6,4
191,8,9,2,7,8,4,8,2,0,5,2,4,6,5,7,5,1,2,9,5,4,8,6,8,6,2,7,4,7,7,4,5,9,0,8,1,3,4,2,1,7,2,6,2,2,0,2,2,5,2,2,6,5,8,1,2,2,2,4,2,3,5,2,0,8,3,7,0,2,7,2,1,4,8,8,2,7,9,4,7,8,6,5,1,7,7,5,7,9,3,5,5,1,7,1,0,0,1,9,8,6,0,1,5,5,1,4,1,6,8,2,7,6,4,3,8,5,6,6,8,1,5,3,8,5,3,9,7,4,1,6,0,6,4,2,4,7,0,0,2,7,6,8,0,7,2,3,2,3,8,7,6,5,2,2,6,6,8,6,6,4,5,3,4,6,0,5,5,5,6,7,8,6,5,4,1,3,2,0,9,9,4,5,0,4,2,8,1,0,6,0,5,1,5,8
192,3,1,4,5,7,9,5,7,8,8,1,5,0,1,5,0,1,2,7,5,1,9,3,8,7,5,3,8,7,2,9,3,1,2,6,9,3,5,7,4,6,8,0,2,7,5,6,1,8,7,4,8,3,5,9,9,1,4,6,7,2,2,4,1,0,6,8,4,2,1,1,9,3,2,4,4,8,4,0,3,3,4,3,8,3,4,7,2,1,1,7,1,4,8,6,7,2,2,4,1,0,6,4,7,7,8,7,0,7,5,1,1,1,7,2,6,4,1,1,4,5,3,5,6,0,2,6,2,5,1,5,4,0,6,4,0,5,0,5,4,0,2,0,0,6,7,2,5,2,8,7,7,7,8,8,7,4,1,5,2,2,4,7,1,6,8,5,1,2,6,1,1,6,3,9,1,2,1,3,8,4,8,2,4,8,8,5,8,2,5,8,0,4,3,4
193,4,5,0,3,4,0,4,6,6,4,5,3,8,7,1,1,3,2,8,4,4,1,9,2,2,6,2,2,8,2,1,0,3,6,5,7,6,4,9,5,8,9,8,4,8,6,3,4,6,5,4,3,4,3,2,7,7,2,2,2,2,7,0,7,9,4,3,2,8,4,8,6,6,6,2,0,7,7,5,4,3,5,2,2,6,6,7,5,2,5,1,6,1,6,9,1,1,4,5,7,3,4,3,2,7,1,7,4,7,9,1,7,4,5,4,8,1,8,8,1,5,7,3,4,5,7,4,0,3,3,7,3,5,7,5,2,6,6,0,7,9,7,5,7,4,0,2,2,1,8,4,1,0,2,4,1,8,6,6,1,1,8,6,2,3,1,5,7,8,6,0,8,6,6,6,7,7,8,3,3,7,0,7,7,3,7,4,5,9,8,3,8,0,9,5
194,4,1,2,3,8,4,3,6,5,6,3,8,3,0,1,3,8,2,4,4,5,6,7,0,8,4,1,2,6,0,0,5,1,3,4,1,3,5,8,5,3,3,9,0,4,2,0,2,3,6,2,6,8,6,6,4,8,6,4,4,7,0,6,3,8,4,6,9,0,7,6,7,3,6,6,7,9,2,0,2,9,6,0,1,8,4,2,9,7,3,0,9,5,4,2,6,4,9,5,7,3,9,6,5,9,4,2,2,5,7,5,5,2,7,4,4,0,1,7,5,4,3,5,1,4,5,4,1,2,0,0,6,8,8,2,4,1,0,8,2,2,4,8,1,4,5,2,4,7,1,9,8,8,8,9,5,5,2,1,5,2,2,7,3,9,6,3,2,6,8,4,6,5,9,5,6,1,7,2,5,5,7,7,4,8,7,6,5,7,9,5,7,4,0,4
195,4,7,0,7,6,1,2,8,6,6,2,2,3,8,8,8,5,3,3,8,2,3,9,5,7,8,3,3,6,5,2,5,1,7,7,3,5,6,6,1,7,5,5,8,2,6,2,1,4,5,4,3,0,7,1,3,5,8,8,3,4,3,1,2,2,7,2,7,7,4,8,6,3,4,1,2,7,5,1,7,1,1,9,0,4,5,9,8,1,1,6,0,6,2,7,8,3,1,2,1,4,1,5,1,1,5,5,4,5,6,7,7,1,8,0,4,8,4,7,6,8,8,5,4,5,4,7,7,2,4,5,8,3,9,7,3,6,8,6,9,8,2,8,8,8,4,3,5,0,1,3,7,1,1,6,1,5,1,1,3,2,2,6,1,0,1,3,3,1,3,2,9,5,4,4,3,7,6,9,7,6,2,6,6,6,8,2,6,8,8,6,1,2,9,0

