0,1,2,3,4,5,6,7,8,9,10,11,12,13,14,15,16,17,18,19,20,21,22,23,24,25,26,27,28,29,30,31,32,33,34,35,36,37,38,39,40,41,42,43,44,45,46,47,48,49,50,51,52,53,54,55,56,57,58,59,60,61,62,63,64,65,66,67,68,69,70,71,72,73,74,75,76,77,78,79,80,81,82,83,84,85,86,87,88,89,90,91,92,93,94,95,96,97,98,99,100,101,102,103,104,105,106,107,108,109,110,111,112,113,114,115,116,117,118,119,120,121,122,123,124,125,126,127,128,129,130,131,132,133,134,135,136,137,138,139,140,141,142,143,144,145,146,147,148,149,150,151,152,153,154,155,156,157,158,159,160,161,162,163,164,165,166,167,168,169,170,171,172,173,174,175,176,177,178,179,180,181,182,183,184,185
1,0,1,5,2,2,7,6,7,3,2,8,9,9,4,1,5,4,4,5,8,4,3,9,6,3,7,2,5,8,8,3,7,6,6,2,6,1,2,6,7,5,3,6,1,0,2,1,6,1,8,7,7,7,3,5,3,4,4,4,7,7,0,7,5,3,4,4,1,2,8,7,7,6,4,4,3,4,8,5,3,2,4,1,6,2,7,8,2,7,2,6,8,8,6,3,5,4,6,7,6,7,0,0,8,6,4,6,4,1,4,8,5,6,4,6,1,7,0,6,3,2,2,3,4,7,2,8,4,4,4,2,8,8,7,4,5,3,9,8,1,6,9,2,4,8,2,0,1,8,3,3,1,5,9,8,6,4,5,8,7,2,2,8,9,4,8,9,9,8,6,1,7,5,2,5,6,8,1,4,4,3,8,6,4,1
2,7,0,6,8,6,8,5,5,9,1,2,2,8,2,9,4,6,8,2,5,1,8,5,9,8,3,2,5,8,7,4,5,9,5,9,0,4,0,2,6,5,2,8,2,0,6,2,6,9,4,6,5,3,3,4,4,9,3,6,1,6,5,3,0,1,6,2,3,8,5,2,4,4,2,4,1,6,6,8,3,7,8,4,9,8,4,3,9,2,1,2,6,1,8,2,6,6,8,1,3,3,0,8,7,3,1,3,3,2,4,6,8,9,8,5,5,5,7,8,8,6,7,4,1,0,6,2,7,6,9,1,5,8,8,8,6,5,8,4,6,5,9,4,5,4,2,4,3,9,7,9,4,2,7,8,0,9,5,6,8,7,8,4,8,5,1,1,0,5,8,7,2,0,4,6,6,5,5,5,7,0,7,7,2,3
3,8,8,0,7,7,3,3,8,2,2,7,3,7,6,1,2,1,7,7,1,7,0,2,1,1,3,9,7,2,1,6,8,6,9,8,2,2,1,8,3,3,5,3,9,8,2,3,4,1,5,6,6,7,6,8,2,8,2,6,6,1,7,1,4,4,1,8,1,1,6,1,7,9,2,4,9,4,5,3,6,5,6,4,4,1,4,9,1,5,3,8,4,2,4,4,7,8,3,6,0,1,2,5,5,1,6,0,6,8,2,1,7,4,2,6,7,3,1,2,1,1,8,1,6,3,9,1,1,9,2,5,7,0,0,9,8,7,7,4,7,4,5,1,4,2,8,6,7,9,2,8,2,6,1,7,6,5,2,5,7,6,1,5,1,8,4,1,5,6,0,5,5,0,5,0,3,4,8,2,2,4,5,1,7,2
4,0,2,7,0,2,5,4,2,4,9,7,1,4,8,8,4,1,9,6,7,0,1,4,9,2,8,3,7,1,1,9,8,7,0,4,4,7,0,5,0,8,5,5,6,3,0,8,0,7,6,1,3,0,2,2,5,2,3,8,4,3,1,7,4,4,5,7,5,8,3,4,6,7,3,5,8,6,5,6,0,7,6,4,0,7,1,1,1,3,2,5,6,0,3,2,9,6,7,3,4,0,9,5,1,7,1,5,4,3,6,9,2,5,1,4,8,8,0,8,6,2,6,2,5,1,2,6,5,4,9,4,7,7,3,2,5,2,2,3,5,7,0,3,9,5,8,1,8,0,8,6,6,4,5,1,9,4,3,3,2,7,3,1,5,2,3,2,3,3,8,8,1,6,9,3,6,5,0,4,3,2,1,6,0,6
5,2,8,8,7,0,6,4,1,1,8,4,5,7,5,5,7,6,9,3,3,2,9,0,5,5,6,2,4,1,2,2,7,7,9,3,9,9,9,2,4,6,0,7,1,7,4,6,3,6,6,2,1,6,8,2,4,9,5,5,4,1,1,7,2,9,6,0,2,5,6,4,4,8,7,2,3,7,8,8,8,9,6,3,0,5,4,8,2,8,8,6,6,8,4,7,5,3,7,4,3,8,2,1,0,0,7,7,2,3,9,8,1,2,3,1,2,8,1,5,0,1,1,2,2,8,1,2,4,8,8,0,3,6,6,4,0,0,9,4,1,2,3,6,8,0,3,2,1,8,2,3,6,3,5,6,9,7,9,7,5,1,7,7,1,3,5,7,7,2,6,5,1,2,2,8,8,7,1,8,1,2,7,8,2,4
6,6,4,8,2,7,0,0,6,5,5,2,5,9,5,2,8,3,0,3,8,4,5,3,2,0,1,7,2,1,3,4,3,6,3,7,5,9,8,7,6,1,3,7,4,9,7,5,6,3,1,0,2,2,4,6,0,7,2,5,6,8,5,9,5,5,6,6,2,8,6,5,0,7,1,1,3,5,3,0,6,4,2,9,1,6,2,3,9,1,6,8,7,6,1,3,6,5,8,4,1,7,8,0,3,3,4,5,3,0,3,5,4,2,8,4,2,4,5,5,8,2,1,0,9,7,4,4,1,7,8,7,3,7,2,6,5,1,0,5,5,4,5,6,1,2,6,8,1,1,2,3,5,1,4,0,4,8,2,3,8,8,2,8,6,3,0,6,5,9,0,9,3,3,3,4,9,0,5,1,3,7,5,7,7,4
7,1,6,7,8,3,2,0,3,5,0,6,4,8,6,9,3,5,3,4,1,5,5,4,2,5,5,7,2,4,0,5,4,8,3,1,5,5,8,0,2,6,2,4,5,8,9,8,8,2,6,1,5,7,6,3,5,3,0,5,6,4,4,7,6,7,8,2,6,2,6,4,1,4,3,9,1,5,3,1,9,0,5,0,1,2,1,2,8,4,4,2,3,6,3,7,2,3,8,4,1,7,1,5,3,2,6,5,1,3,5,5,6,8,3,6,2,7,5,1,9,7,2,2,1,3,0,4,4,6,1,5,1,6,1,1,7,5,5,9,4,0,7,7,0,7,6,4,4,0,4,3,2,7,8,6,3,8,8,4,6,1,8,3,3,5,5,7,4,0,8,1,7,6,8,5,6,3,3,0,3,5,6,7,6,8
8,1,8,5,7,1,6,3,0,0,6,3,4,5,3,1,1,5,3,3,3,0,9,6,6,2,7,1,6,5,0,3,5,6,1,2,4,2,6,6,0,7,5,0,1,0,3,1,3,8,2,9,4,5,5,0,3,5,4,9,1,2,1,9,6,5,6,1,2,2,7,5,3,2,4,6,4,2,7,1,6,4,8,7,2,2,7,8,4,5,8,3,6,4,7,2,8,9,4,2,0,5,3,5,9,4,6,7,8,2,1,7,1,6,7,5,6,6,1,8,7,1,3,0,1,7,8,4,9,8,8,6,0,5,4,4,5,7,9,6,3,7,3,6,5,7,3,6,6,4,1,2,4,1,2,5,7,5,6,8,0,6,2,6,7,0,0,3,0,6,4,4,3,9,6,4,8,1,9,7,1,7,2,1,4,5
9,7,2,2,3,1,6,7,6,0,8,6,1,3,2,8,4,1,4,6,6,4,3,7,6,7,6,4,1,8,2,2,4,1,4,9,5,1,3,2,5,5,4,6,4,1,0,5,3,6,7,1,2,3,5,4,2,8,5,7,4,5,7,2,6,2,6,4,4,1,2,3,1,7,8,5,7,2,1,2,6,2,8,4,2,1,6,4,6,1,3,2,3,8,5,5,8,4,3,7,4,6,9,0,9,6,0,7,8,7,5,7,2,9,4,2,9,6,7,1,6,6,7,2,2,3,3,9,7,1,1,6,2,4,9,3,4,3,1,3,6,0,5,6,3,7,3,4,7,3,4,2,4,9,1,4,8,7,3,1,2,5,3,7,1,0,7,4,2,9,5,6,4,5,4,2,3,6,8,3,9,8,8,5,0,4
10,4,5,2,8,5,7,2,3,8,0,1,6,5,2,5,3,8,6,7,8,1,8,0,0,5,9,7,3,9,2,4,8,4,2,4,8,7,7,8,8,2,8,3,3,5,7,0,4,8,2,3,8,2,1,6,9,3,8,4,1,5,1,2,3,5,1,9,2,7,5,5,4,5,2,3,4,6,1,0,3,1,3,4,7,3,3,5,1,4,8,0,7,0,1,0,4,5,8,0,5,8,0,9,7,4,2,2,8,0,7,5,1,1,1,3,5,6,4,3,3,4,8,4,6,5,6,2,7,8,2,8,4,5,2,6,3,5,4,4,3,3,3,5,1,3,3,3,8,3,7,0,3,8,4,0,1,8,8,4,8,4,8,8,7,7,9,6,2,2,1,5,6,1,1,8,2,7,8,1,2,1,0,3,4,9
11,5,5,6,7,7,8,4,7,5,2,0,2,2,1,4,7,6,1,8,4,6,0,4,3,3,2,5,7,4,7,4,3,5,7,0,3,7,5,2,9,1,0,9,8,4,4,0,0,2,3,6,7,1,0,9,9,8,4,6,9,1,5,7,5,0,5,2,7,8,4,5,3,1,8,1,7,3,6,2,5,6,5,5,8,5,4,5,8,9,5,0,7,2,6,8,7,6,5,8,1,6,6,7,3,4,1,8,3,5,8,2,7,3,0,1,3,1,2,2,8,4,1,7,6,6,8,1,1,5,5,9,1,3,6,3,3,5,4,1,5,9,3,3,6,1,6,4,4,0,1,9,2,4,1,2,6,7,7,0,0,1,8,1,6,3,8,5,7,5,1,2,7,6,2,6,8,6,3,3,4,8,8,4,5,7
12,3,7,1,8,8,4,4,6,0,4,4,0,1,2,1,7,4,4,4,0,6,1,8,1,2,6,3,9,7,8,9,2,4,5,5,8,8,4,7,2,8,2,5,3,1,5,1,6,2,9,1,8,7,9,7,3,8,4,6,5,6,1,7,2,6,7,8,4,5,5,5,6,7,0,3,6,6,5,7,2,1,1,2,2,3,7,8,2,9,7,7,8,1,8,4,8,2,4,2,0,1,5,3,9,1,2,6,4,6,7,6,7,4,0,1,1,9,6,0,8,3,0,4,5,5,1,6,7,4,9,7,6,7,0,4,2,9,8,6,6,1,3,1,7,1,6,2,2,5,1,3,5,3,6,6,0,6,5,8,5,7,8,4,2,8,2,2,6,0,2,3,5,7,0,7,6,7,3,3,4,3,7,3,0,3
13,8,7,2,6,0,9,6,1,1,3,0,6,0,5,4,4,1,4,1,2,9,7,8,3,4,3,6,8,5,8,1,3,0,3,0,2,8,1,5,1,3,8,8,8,7,1,6,7,6,7,1,4,8,4,6,8,2,4,4,9,4,7,4,8,6,0,2,6,6,5,6,6,3,1,3,1,8,6,8,2,4,1,7,6,8,7,7,1,4,1,4,3,8,1,7,5,4,7,2,8,3,6,3,3,6,3,8,2,1,1,2,3,0,5,3,5,2,1,7,8,5,7,9,8,6,5,8,0,1,1,5,7,6,8,5,5,7,3,2,1,8,3,2,1,8,2,2,1,6,3,4,3,7,6,6,3,0,6,4,4,5,4,1,0,1,0,6,4,6,2,4,3,2,7,5,7,3,4,7,2,2,1,2,5,9
14,0,3,3,7,3,7,8,2,4,1,8,2,8,0,2,5,2,3,7,0,9,0,8,5,4,2,3,3,7,4,1,9,3,9,8,2,4,1,2,3,2,2,4,3,0,6,1,1,5,3,3,9,4,7,3,3,0,7,1,5,6,1,2,5,2,8,4,0,4,5,3,8,8,8,8,5,3,4,2,5,7,0,8,1,3,4,6,8,6,7,2,5,6,5,6,1,0,6,0,7,3,4,2,6,8,5,3,5,2,6,3,1,6,1,5,3,3,3,5,1,1,9,2,0,1,6,4,5,9,3,4,6,1,1,6,6,2,1,2,6,8,8,1,0,2,9,1,6,8,6,1,1,3,2,9,2,2,7,2,3,4,2,2,4,1,5,1,2,2,7,7,9,6,2,5,7,5,8,6,8,2,5,5,6,2
15,6,6,2,5,3,1,4,7,5,2,6,3,4,4,0,3,5,3,8,3,5,5,8,5,7,1,5,7,4,1,6,8,2,1,2,2,1,4,1,8,7,1,7,8,0,8,4,8,5,5,9,2,5,6,0,7,6,8,7,2,2,2,8,5,2,7,3,6,5,6,3,0,2,1,8,5,1,7,2,7,2,2,1,8,1,7,0,1,9,5,3,6,8,4,2,7,1,0,9,9,0,6,2,3,2,1,1,4,4,1,3,7,3,7,7,1,7,7,6,2,5,5,0,5,5,7,1,8,7,7,2,6,7,8,1,3,2,4,4,8,3,6,6,8,7,1,3,2,2,0,1,6,6,4,8,1,1,5,4,4,7,2,7,1,5,1,4,0,5,1,5,4,2,1,2,4,8,4,2,0,6,4,5,0,7
16,4,0,6,6,9,2,3,8,5,1,2,0,7,0,2,0,1,6,7,6,8,3,6,3,1,3,1,5,6,7,5,6,1,9,8,0,4,3,3,5,9,5,3,1,3,5,5,4,3,2,3,0,2,3,6,7,6,4,4,8,4,7,1,8,8,1,4,3,2,6,4,9,2,1,1,7,4,2,9,8,5,0,0,6,9,9,8,3,3,0,5,8,2,9,9,5,4,1,8,9,6,1,5,4,5,1,8,2,7,8,8,3,3,6,2,5,8,8,8,5,6,4,7,1,5,4,2,1,4,4,8,8,5,2,6,8,8,7,4,5,2,8,7,5,2,2,6,7,8,4,8,2,6,3,2,6,6,6,1,4,7,9,4,2,2,3,7,5,9,1,2,4,0,4,3,3,7,4,3,3,2,2,2,7,1
17,5,6,8,8,3,0,5,3,2,3,0,3,5,9,3,5,0,8,1,6,9,0,8,2,0,4,7,3,2,2,1,8,6,1,1,8,0,3,3,8,0,7,8,6,4,8,8,5,3,2,0,7,6,5,1,8,5,3,5,6,5,8,1,6,6,9,7,5,2,4,8,6,5,3,4,4,5,6,4,2,7,4,1,7,7,3,0,2,9,9,0,6,3,7,5,8,6,4,6,0,1,6,9,5,6,9,5,7,6,3,1,5,3,7,6,5,5,8,9,8,2,4,6,8,5,5,8,7,1,8,1,8,7,5,6,3,6,6,9,8,5,2,1,8,8,5,4,0,5,0,8,9,3,7,3,4,8,0,9,2,4,2,1,0,2,1,5,2,5,5,8,8,3,7,7,3,7,2,8,5,4,3,1,2,8
18,8,5,5,2,3,3,7,1,8,4,3,2,4,5,7,2,0,0,7,6,1,8,2,7,1,8,1,6,1,5,5,9,2,2,3,4,0,3,7,5,6,3,0,7,9,0,6,2,7,0,5,8,4,1,2,1,0,2,2,0,4,7,8,6,4,5,3,7,6,7,6,2,1,4,1,4,6,9,1,2,8,2,4,6,7,8,5,5,5,4,8,5,7,7,5,6,8,9,7,0,4,2,1,8,3,2,6,3,0,4,4,9,3,7,9,1,3,1,8,2,6,7,7,4,3,5,5,1,1,4,6,1,3,8,2,1,1,2,7,5,5,8,1,9,8,3,7,3,2,6,4,4,5,1,1,3,3,0,7,6,2,7,8,4,2,1,4,4,6,5,7,0,1,1,5,2,6,1,2,5,0,5,5,7,5
19,8,1,7,0,5,3,5,1,2,1,8,7,6,1,3,1,4,7,0,4,1,2,8,7,5,3,6,3,5,3,5,9,1,1,3,9,4,9,1,8,2,9,5,9,8,4,4,6,3,9,1,8,4,7,6,6,3,4,7,9,4,5,4,1,6,1,7,2,4,9,1,3,1,2,4,4,3,4,2,1,1,3,5,7,8,1,0,1,3,3,7,3,1,3,6,6,4,6,1,2,1,3,6,9,3,3,1,3,3,4,1,7,3,7,5,2,5,7,2,1,2,5,4,9,4,2,7,5,6,6,7,6,6,8,6,9,3,8,1,3,4,8,7,0,5,7,6,7,3,6,8,6,8,6,7,0,6,4,2,1,3,7,8,8,8,8,5,0,7,5,5,6,2,1,4,1,2,1,6,2,6,4,5,3,6
20,6,1,9,7,1,1,6,8,7,2,9,6,5,7,6,2,7,0,0,0,1,4,4,1,6,2,5,6,7,8,6,1,6,6,3,8,6,3,5,4,8,9,7,5,7,1,7,0,3,1,8,3,7,4,6,5,6,1,3,6,1,8,1,2,8,5,7,0,1,1,6,6,9,7,4,4,3,8,4,3,9,0,5,7,2,7,8,8,1,3,6,9,4,5,3,8,6,3,7,5,2,6,4,9,7,7,1,8,3,4,6,1,5,3,2,2,4,8,9,8,3,6,2,8,7,1,8,5,4,1,3,9,2,7,5,4,0,8,2,3,6,7,5,4,2,1,5,6,8,6,0,7,8,8,7,6,1,0,3,1,3,6,6,3,2,8,8,3,4,3,6,6,6,8,5,0,6,3,6,5,8,1,1,5,3
21,8,5,8,1,5,9,5,4,1,1,4,4,8,8,1,8,1,9,8,6,0,0,3,8,7,2,4,6,1,3,9,8,1,3,1,0,4,8,5,8,9,3,6,7,2,6,9,2,2,3,6,5,6,8,1,6,7,2,8,5,1,4,6,2,7,8,5,5,0,7,1,7,8,3,2,6,4,2,1,6,7,6,2,1,8,8,6,4,8,8,1,8,8,1,1,7,9,4,3,1,6,1,3,7,8,8,2,3,2,6,7,5,2,4,3,0,2,3,4,4,4,6,9,5,0,1,1,8,8,0,7,2,3,6,3,2,7,6,2,3,4,3,2,4,2,1,8,3,6,4,9,1,2,3,7,8,7,5,9,5,3,5,6,2,3,8,1,5,2,3,7,6,5,1,3,8,6,6,4,1,8,6,2,5,9
22,3,6,5,2,9,9,5,5,9,4,3,8,6,6,6,3,5,5,5,2,3,0,6,6,8,7,6,8,4,3,9,5,7,2,2,6,1,4,7,3,5,5,9,2,5,6,2,8,7,2,2,1,1,6,2,8,4,6,3,1,2,4,2,2,7,6,7,8,8,7,8,3,5,5,8,7,0,9,5,0,5,0,4,2,9,5,3,2,8,6,2,3,1,4,3,5,9,1,1,5,3,0,1,7,8,3,6,6,6,0,8,8,1,1,5,7,5,5,3,2,4,0,2,9,7,3,3,8,7,7,6,4,8,5,7,6,9,8,5,7,2,5,1,8,3,1,8,7,3,8,4,7,2,4,5,2,2,7,8,0,0,4,0,2,2,8,4,7,3,2,7,7,5,7,3,1,8,5,6,6,4,7,3,1,7
23,6,4,2,5,2,1,8,8,7,4,6,8,8,3,5,3,3,3,2,5,4,0,0,1,7,8,5,5,6,5,7,2,2,6,5,7,7,1,6,5,7,6,3,7,2,1,6,3,8,6,0,6,6,1,0,2,5,6,7,5,3,3,2,4,8,5,1,1,9,6,1,5,7,1,6,3,9,5,3,8,7,7,5,5,5,8,5,5,7,9,1,7,2,3,7,1,1,2,3,1,2,6,1,8,4,6,5,7,5,1,6,3,4,3,0,1,4,8,3,0,9,5,1,0,8,6,5,7,3,3,4,6,5,5,6,8,7,8,5,6,8,3,5,6,3,7,5,3,8,3,1,7,7,6,7,6,3,1,3,9,5,6,7,2,0,8,1,8,5,4,4,8,3,5,3,8,8,7,1,9,8,8,6,1,7
24,5,8,5,7,2,3,5,0,8,4,7,8,6,2,3,7,3,5,1,8,1,5,7,0,3,6,6,7,2,8,1,3,6,5,6,3,6,5,6,9,2,5,6,5,5,9,8,7,8,6,3,4,5,5,7,4,4,2,4,2,1,1,7,4,9,2,4,7,7,6,0,5,2,7,3,6,2,2,3,2,3,4,2,5,8,7,0,3,4,3,1,0,2,7,7,0,8,9,6,0,6,8,3,0,8,5,3,7,7,8,8,6,1,7,7,7,2,7,1,7,2,7,2,5,2,7,7,1,8,1,0,2,7,9,2,5,6,6,4,4,5,4,6,7,6,6,8,4,9,3,5,1,8,3,4,3,4,2,6,1,1,6,2,6,8,1,0,9,8,8,9,5,3,9,1,1,6,4,1,5,5,5,4,2,6
25,6,7,7,8,2,2,3,0,6,2,8,5,4,2,5,1,1,0,1,6,8,4,7,0,0,0,8,5,8,8,6,4,3,7,8,4,7,5,2,4,3,0,2,2,0,3,1,0,6,0,9,0,0,4,1,3,5,1,8,7,8,0,6,5,3,8,9,7,5,3,4,8,7,5,7,4,3,5,9,5,7,6,7,5,1,5,1,5,6,4,5,0,8,7,9,5,6,4,8,4,1,3,7,0,1,8,2,3,4,9,3,1,6,3,7,6,6,5,9,5,1,5,1,2,4,3,4,4,7,5,7,5,3,8,4,6,6,7,5,8,0,8,9,5,2,3,4,5,8,3,4,5,5,8,2,6,2,9,1,7,4,5,8,1,7,1,1,8,4,3,0,1,6,8,2,5,1,8,9,2,7,2,7,6,0
26,0,7,4,1,6,4,1,7,3,5,8,8,1,5,9,6,3,7,5,6,2,6,4,4,3,0,3,7,1,7,6,7,5,1,8,4,4,5,5,2,3,4,4,8,2,8,0,3,7,7,0,7,9,7,3,4,8,5,8,5,8,5,2,3,6,9,4,7,7,6,6,6,7,6,1,4,5,5,8,7,1,4,3,0,8,8,3,5,6,1,1,5,4,3,3,8,5,2,9,9,5,0,0,4,5,4,2,4,8,6,9,5,5,4,1,7,6,9,2,6,1,4,8,3,0,1,7,1,9,2,2,3,2,9,2,6,8,8,2,5,2,9,1,2,2,8,6,2,9,1,1,2,8,4,7,6,5,1,8,7,2,5,8,1,7,8,5,4,1,5,7,2,2,9,5,2,5,4,4,0,1,2,5,5,5
27,4,5,3,2,1,6,5,5,6,2,6,1,7,6,3,3,7,5,3,6,1,2,1,9,5,4,0,5,5,5,2,4,9,7,5,4,2,1,7,8,2,8,3,2,3,4,6,3,9,2,5,8,9,1,1,3,5,5,2,8,3,1,6,7,8,3,1,5,3,1,2,7,5,1,6,7,8,8,6,7,8,4,3,2,2,3,6,6,7,4,8,6,8,8,4,9,2,4,1,3,0,5,1,2,5,2,5,0,6,2,1,1,8,5,9,1,0,9,1,6,1,7,4,1,9,9,3,9,2,3,3,7,7,6,4,2,6,0,0,1,6,6,2,2,2,8,1,0,8,6,8,2,9,6,5,1,7,1,4,3,8,6,0,1,6,1,6,4,7,5,4,5,2,1,8,0,2,1,6,0,2,7,5,6,6
28,6,6,1,6,4,2,2,5,1,2,8,8,8,1,0,3,4,8,3,1,5,7,8,2,2,3,5,0,7,4,5,9,2,8,8,4,3,2,2,1,8,4,5,4,0,5,3,5,9,1,2,4,3,6,6,4,2,5,3,0,4,5,2,7,6,5,6,5,1,3,6,7,4,5,5,6,1,6,8,9,7,1,5,1,1,3,3,7,2,6,5,6,3,4,8,0,3,8,8,3,4,3,7,6,3,7,5,3,7,9,7,3,4,2,4,4,5,2,1,2,1,6,2,3,1,1,3,1,7,0,2,5,4,2,5,3,4,1,7,3,5,6,6,2,8,1,5,6,5,2,2,9,8,8,1,6,8,2,6,8,0,8,5,1,4,3,5,0,0,1,5,7,1,0,3,1,1,9,3,5,1,1,2,4,5
29,9,4,1,2,3,4,8,6,1,2,6,8,3,4,2,8,3,0,5,6,6,4,5,5,5,3,6,8,0,1,9,3,2,3,9,9,4,2,9,6,8,6,4,4,6,4,6,5,4,8,2,5,2,4,7,5,9,4,2,1,1,7,5,1,1,0,5,3,6,7,8,9,5,3,8,0,6,5,3,1,2,4,8,1,1,6,4,4,2,7,6,3,1,2,5,6,0,1,6,1,0,8,1,6,1,5,5,5,7,7,7,4,5,5,4,2,3,0,6,0,6,2,7,1,8,4,1,4,8,2,8,3,2,2,6,8,2,0,5,1,7,8,0,8,2,1,8,7,1,3,8,4,9,8,8,5,8,9,3,6,4,7,7,7,2,5,8,1,4,0,6,3,1,7,9,5,5,3,2,9,6,9,9,8,3
30,7,5,7,8,2,3,6,1,6,0,9,8,7,2,0,3,6,6,6,7,6,2,1,7,2,1,1,3,7,0,4,1,8,5,6,5,7,7,1,9,1,4,4,5,1,7,1,6,7,5,7,4,1,6,9,4,8,4,8,2,4,2,2,7,8,1,5,3,7,5,3,4,2,4,6,6,4,0,7,4,8,5,1,0,2,4,5,1,8,5,1,1,5,5,8,1,4,6,3,4,4,9,5,9,7,9,5,6,1,2,6,3,8,0,9,2,8,6,3,7,9,8,4,5,5,8,8,5,1,3,2,4,1,8,7,7,4,0,7,3,6,4,5,0,6,5,4,3,1,7,1,6,0,4,8,2,7,2,0,5,6,4,4,8,8,8,7,6,6,4,2,9,3,0,3,8,9,6,3,1,6,1,3,6,3
31,3,9,8,2,7,3,8,4,8,3,2,1,1,7,8,0,7,1,1,8,7,1,2,2,6,1,3,7,7,4,0,5,8,3,4,4,4,3,4,3,4,3,7,8,1,2,1,0,8,8,9,2,2,5,1,0,5,7,8,8,5,9,1,3,9,6,9,4,6,6,6,5,6,8,7,6,4,2,7,1,3,8,3,7,8,2,4,1,0,5,1,7,6,7,7,2,3,1,1,9,3,2,4,8,3,0,6,4,9,2,2,3,1,4,1,8,6,3,1,6,8,4,7,6,8,3,8,8,1,5,7,5,0,7,8,4,1,7,3,6,2,2,2,9,7,3,1,3,6,3,5,3,7,3,1,2,3,9,6,9,2,5,7,5,2,6,6,0,8,3,4,7,8,4,3,3,3,2,2,6,4,0,0,3,6
32,7,7,7,8,7,3,6,6,3,8,6,7,6,1,4,4,3,0,3,1,7,4,6,7,3,9,1,5,6,6,5,0,2,4,4,0,8,3,8,2,3,5,5,8,2,5,6,2,7,1,8,8,3,5,2,1,7,4,1,8,9,8,2,7,7,8,5,3,2,6,0,1,8,5,3,8,8,8,6,2,2,2,7,4,1,8,1,8,5,6,8,8,0,9,9,1,3,5,9,6,6,2,6,4,9,0,1,9,5,2,9,6,3,0,6,8,1,2,1,3,8,6,3,8,8,4,9,7,2,7,3,5,1,5,0,1,6,8,9,3,3,9,9,2,2,2,6,3,2,1,1,8,1,3,8,5,3,4,1,1,0,8,3,2,5,4,6,2,8,4,6,5,3,7,1,3,2,3,6,9,4,6,3,8,8
33,5,1,8,2,5,6,3,9,7,7,4,7,6,4,7,2,8,2,6,2,1,3,5,4,4,3,1,2,4,2,2,2,0,5,7,7,2,0,7,6,2,3,7,2,1,1,1,9,1,2,2,1,6,5,7,6,7,2,2,4,9,4,6,1,9,5,8,1,4,7,7,4,1,6,4,2,2,5,6,7,1,0,0,5,1,8,5,6,8,8,2,9,3,9,5,9,3,7,9,7,9,2,6,8,7,6,3,6,7,2,3,8,7,7,8,2,5,7,9,3,2,1,3,2,5,2,4,0,2,7,9,5,1,2,2,4,1,7,2,5,5,7,3,3,7,7,9,4,5,8,1,3,4,3,1,3,1,4,4,2,1,9,6,3,7,0,3,5,2,9,1,4,4,1,6,9,8,2,3,8,6,5,8,7,4
34,3,1,7,2,2,4,7,2,9,2,7,3,0,6,1,8,2,5,9,4,7,7,7,7,2,3,8,9,0,1,9,7,3,0,2,0,2,2,1,3,6,5,5,5,5,1,6,4,2,1,5,8,8,1,9,1,5,6,9,6,7,6,4,7,7,4,7,9,4,3,3,7,2,5,0,3,8,4,1,7,8,3,8,1,6,6,2,6,2,0,7,4,2,1,6,4,3,5,2,1,2,4,5,0,5,7,3,6,8,8,6,3,8,2,4,5,2,1,4,7,1,3,4,4,3,5,9,7,7,5,6,5,8,6,6,1,8,0,6,1,9,6,6,1,5,5,3,4,8,1,5,3,5,5,7,4,7,2,3,3,6,7,8,1,4,4,8,6,6,8,6,6,1,1,2,7,8,6,0,7,8,6,3,5,9
35,2,4,4,3,0,4,9,3,7,1,5,3,0,8,4,1,5,3,9,7,7,2,4,4,0,4,5,9,5,4,4,0,4,6,0,2,0,8,8,4,2,1,3,7,4,6,6,7,1,3,8,0,4,7,4,2,7,9,4,6,8,4,2,3,6,1,7,9,1,6,9,3,6,7,2,5,2,4,5,3,4,1,8,2,5,6,2,1,6,6,8,3,8,8,9,8,6,6,4,7,3,7,8,0,5,7,1,1,6,3,8,1,3,4,6,4,0,5,4,6,8,5,6,2,0,4,6,6,5,0,3,8,7,4,3,4,2,4,1,3,4,5,4,5,0,6,9,5,2,7,7,4,8,7,3,4,7,9,0,8,1,8,2,8,8,4,2,3,8,6,8,2,7,6,1,5,6,0,6,5,0,6,8,6,8
36,2,3,4,6,4,5,3,5,0,4,5,0,4,4,7,2,2,0,2,2,1,4,3,8,3,6,4,3,6,6,2,0,4,1,9,0,1,9,6,4,4,3,1,1,7,7,8,3,2,1,7,5,7,2,9,4,4,1,9,2,7,3,3,2,3,3,5,6,5,6,8,3,5,8,8,1,7,2,4,4,6,3,6,8,4,1,4,8,2,1,4,2,9,4,0,1,6,4,6,1,8,6,2,9,7,5,3,4,6,4,5,9,9,4,2,4,6,2,2,2,6,5,6,3,5,4,1,9,7,3,8,6,8,6,7,1,5,5,7,5,9,6,3,5,4,5,4,4,4,1,8,9,8,7,0,1,7,8,3,2,7,5,5,3,3,0,3,2,8,0,7,1,1,7,5,8,2,9,8,9,5,7,9,3,8
37,4,7,1,2,6,0,3,4,6,1,3,3,7,8,3,0,8,0,3,6,9,3,9,4,7,0,1,3,8,6,9,2,2,3,5,8,0,0,8,8,5,2,2,2,4,7,7,1,5,6,5,4,8,9,6,6,4,9,1,5,7,3,2,4,8,6,8,7,2,4,6,9,6,9,4,2,5,2,9,9,8,0,6,2,5,5,4,5,7,8,3,2,0,8,3,7,4,9,5,6,8,4,5,2,7,9,3,8,5,0,9,0,7,0,4,5,6,6,5,5,4,1,8,2,2,9,4,3,1,7,2,6,8,3,8,5,8,4,7,4,6,1,1,3,4,1,7,6,4,2,2,9,6,6,4,3,7,2,8,4,4,0,8,9,0,2,2,0,5,8,7,5,2,2,2,7,3,3,4,2,9,8,4,8,1
38,6,3,1,2,1,2,9,8,6,5,0,5,2,9,7,7,7,3,8,6,1,8,9,7,7,6,9,8,2,2,7,2,2,5,8,6,2,0,8,2,3,2,8,5,3,3,3,3,3,1,3,8,9,8,7,8,4,1,7,6,7,5,4,6,7,3,6,2,9,7,5,7,4,8,3,2,4,1,1,4,4,5,5,1,3,1,5,7,2,4,4,4,8,0,2,7,0,1,6,7,4,3,2,5,2,8,6,8,3,0,7,8,8,1,6,4,0,2,3,7,4,5,3,5,9,4,6,7,6,1,4,6,9,6,9,2,0,2,4,8,8,9,8,5,6,2,3,0,5,8,3,7,8,6,4,6,4,0,4,6,1,3,7,2,4,7,8,6,2,2,5,2,3,3,7,7,9,6,4,5,4,8,1,7,6
39,8,8,6,6,6,0,6,6,5,8,7,6,6,2,3,7,8,2,3,5,3,3,3,6,2,1,2,0,2,3,7,4,1,3,9,6,4,0,0,1,6,1,3,7,2,2,6,5,9,5,8,4,0,4,2,8,8,1,3,2,3,7,2,1,2,7,6,8,2,6,8,6,6,8,4,4,7,4,4,1,6,7,5,5,1,4,3,3,9,1,3,6,2,5,4,0,1,4,3,2,7,7,5,6,6,9,6,8,6,1,3,6,3,8,6,6,8,2,2,8,3,2,3,2,9,6,0,9,9,6,7,4,1,9,7,5,4,7,7,6,3,2,0,8,5,4,6,2,6,4,0,8,0,3,6,1,5,3,7,5,7,2,3,5,4,7,8,6,0,0,6,4,7,2,8,2,0,7,3,5,6,6,5,3,3
40,7,5,3,2,1,1,4,5,9,5,2,7,0,2,9,3,6,4,8,4,8,4,3,9,4,8,0,6,4,4,2,2,3,5,5,0,2,8,4,0,3,4,7,8,4,7,6,9,3,4,8,2,1,4,1,2,8,0,8,5,1,7,0,2,7,3,4,3,8,1,8,3,4,7,5,0,2,8,2,6,4,7,1,5,3,1,4,4,8,5,7,8,2,0,5,8,6,6,4,9,4,1,4,0,0,1,5,7,5,5,7,2,8,6,4,9,2,5,1,9,5,4,3,6,2,6,6,8,6,8,8,9,8,4,4,2,6,6,3,7,5,7,9,7,2,1,5,1,7,0,5,5,1,1,7,0,6,1,5,5,6,6,5,0,7,2,9,4,7,3,6,3,4,7,2,1,2,8,6,8,7,2,7,4,7
41,2,6,7,9,3,4,9,2,2,8,7,7,8,5,0,2,4,4,7,5,7,3,3,3,3,6,5,4,9,3,6,3,6,0,2,5,5,8,2,2,0,1,6,1,1,9,1,8,4,6,1,0,4,3,2,2,7,5,1,7,7,1,2,0,5,7,4,7,0,5,0,2,3,8,1,6,1,2,0,3,6,2,1,0,9,9,3,7,2,3,1,8,1,4,2,1,5,3,7,0,4,7,8,8,7,7,6,5,2,7,4,2,3,7,9,1,3,2,5,6,8,0,7,5,6,5,6,0,7,3,3,3,2,6,8,9,2,3,4,5,7,2,7,3,1,7,7,5,6,6,3,7,7,1,3,6,7,3,3,1,2,2,9,2,3,5,6,2,4,8,5,7,8,0,5,1,1,1,5,8,6,9,4,3,5
42,9,3,1,1,5,4,1,2,5,6,3,6,3,6,6,9,4,2,6,0,2,5,2,5,3,2,0,3,4,6,8,4,1,3,5,3,4,6,2,4,4,0,1,4,5,3,7,8,0,7,3,3,6,5,5,6,4,5,9,5,8,5,7,7,5,6,5,4,5,5,1,3,0,7,1,3,2,2,4,6,1,1,7,2,6,2,6,1,4,3,5,8,2,2,8,4,5,4,5,5,6,8,2,7,3,7,1,7,1,5,7,8,8,3,1,6,5,6,7,1,3,7,7,2,0,1,7,4,6,2,7,2,3,2,3,5,4,1,8,6,2,8,9,7,7,8,6,4,4,0,3,8,0,9,8,2,6,1,6,1,3,8,3,3,8,6,4,2,1,3,4,1,8,1,3,3,2,7,7,1,6,4,5,6,6
43,6,6,3,9,6,6,1,7,6,6,4,2,4,9,8,2,2,1,0,6,8,2,2,2,6,9,6,4,7,2,4,8,2,7,4,6,4,0,5,6,0,5,0,8,1,3,6,2,2,0,1,6,7,6,4,8,0,7,3,7,8,3,5,8,1,6,7,4,2,9,4,0,5,2,2,6,3,7,0,1,2,1,5,3,8,7,3,1,1,0,2,2,3,2,4,7,0,2,4,5,4,1,5,5,5,5,7,6,3,4,4,4,4,1,9,5,0,7,7,8,7,1,8,2,7,3,7,3,2,8,8,7,5,6,2,5,5,6,6,3,1,1,9,2,2,9,2,4,4,4,7,5,8,1,2,3,8,7,6,7,7,2,2,3,2,2,1,3,3,4,3,8,7,0,5,1,0,4,8,5,3,3,4,4,8
44,1,3,5,4,8,6,6,2,9,2,6,2,0,5,7,0,7,1,4,8,4,5,4,9,6,3,8,6,2,6,4,3,6,3,2,7,5,7,1,7,1,0,2,0,9,5,8,6,5,7,7,9,4,4,6,6,1,7,6,2,9,2,5,3,2,0,5,5,3,1,6,9,4,6,6,2,7,6,7,7,1,5,8,1,7,3,0,5,4,1,4,1,2,3,3,1,0,5,7,8,2,7,0,7,6,4,5,7,5,3,9,4,6,5,3,8,8,7,4,6,8,2,8,2,4,4,3,5,8,4,6,5,6,6,6,1,3,7,5,7,1,3,1,1,2,3,1,4,3,2,3,5,2,2,2,0,1,6,6,3,4,0,4,6,7,6,4,5,5,8,8,3,3,1,4,4,8,7,8,1,8,2,3,3,1
45,0,3,6,7,2,6,1,6,1,2,5,4,8,6,1,9,8,6,3,3,3,6,5,3,4,1,7,2,7,4,1,2,1,3,1,0,2,2,3,5,4,4,4,2,0,8,3,5,8,2,0,3,3,7,1,4,2,6,2,1,9,4,3,1,5,6,1,5,6,2,4,5,1,2,4,1,6,3,2,8,7,4,0,5,8,0,4,8,1,2,6,2,1,6,5,5,4,4,5,3,0,9,2,7,2,8,2,9,8,0,6,0,6,8,2,6,3,2,2,4,7,5,3,5,6,7,4,8,0,9,5,3,5,6,7,0,2,2,3,1,7,1,8,2,1,3,1,4,1,3,2,1,5,0,9,3,2,7,6,1,2,3,4,7,6,1,2,2,3,4,1,1,9,3,1,2,8,2,4,3,6,7,7,3,4
46,6,1,9,1,3,6,8,0,6,8,3,2,8,1,8,8,6,4,1,0,1,8,5,6,6,3,9,9,5,2,1,7,0,7,6,7,1,3,6,5,3,7,1,7,8,0,7,8,0,1,8,8,5,0,3,4,2,7,6,7,7,2,8,8,9,1,4,6,1,5,3,7,8,7,4,5,1,8,4,4,3,5,8,0,4,6,5,3,6,6,8,1,3,0,4,7,2,8,1,2,6,2,0,3,5,8,8,9,3,6,5,9,8,5,6,8,8,1,8,5,2,9,1,1,8,4,5,0,3,9,4,1,8,0,8,3,7,4,6,5,8,3,5,6,6,7,3,1,5,2,3,6,1,1,1,8,3,3,6,5,4,2,6,3,2,2,8,4,9,1,6,8,6,7,4,5,7,8,8,5,5,1,8,6,1
47,1,5,3,4,2,5,7,9,5,4,4,2,8,8,8,5,5,0,8,5,9,5,4,0,4,8,4,2,5,3,1,5,1,1,2,6,6,8,5,5,8,5,8,8,6,0,0,4,8,7,8,8,1,8,7,0,4,8,3,8,4,0,2,1,0,4,7,6,5,7,9,6,5,5,7,4,4,8,8,3,1,8,6,1,1,5,4,5,1,6,0,3,4,8,6,8,3,5,3,4,5,2,7,7,6,6,4,2,1,1,3,3,5,9,8,1,8,3,3,2,0,3,5,3,2,7,5,2,9,3,7,9,7,4,4,6,5,5,3,3,6,1,2,7,1,5,5,8,2,4,0,0,8,3,4,3,2,3,4,2,8,4,6,4,6,7,1,5,9,4,0,1,0,0,3,2,6,0,2,5,1,0,8,5,4
48,1,8,9,3,6,0,9,1,2,2,7,0,1,8,5,2,1,7,1,7,1,1,3,6,8,4,6,5,3,6,4,4,0,1,3,3,2,5,1,3,7,8,1,4,8,9,5,0,6,9,7,7,3,5,1,3,3,7,2,1,7,5,1,6,6,2,2,4,6,8,8,2,6,8,6,7,7,9,0,6,3,4,3,5,1,9,9,1,7,5,8,0,1,7,7,0,4,1,2,3,5,4,4,7,2,0,1,4,8,0,6,0,4,3,8,1,6,7,1,3,2,8,4,3,5,4,1,8,3,1,4,6,8,3,4,0,9,6,5,7,0,9,3,5,2,9,2,4,6,5,2,6,7,2,5,8,9,3,3,8,1,4,1,6,1,8,6,7,2,0,2,8,8,0,6,9,3,1,7,5,2,9,5,7,3
49,4,3,4,1,1,3,7,3,9,4,8,8,8,1,4,2,7,8,5,5,6,6,6,9,7,1,7,5,0,6,5,2,7,6,2,1,7,2,2,9,6,7,8,2,1,7,0,6,0,9,3,4,6,1,3,0,5,6,2,6,4,8,1,6,4,4,8,5,3,1,8,2,0,9,0,5,4,8,7,4,8,5,6,2,1,7,0,1,2,7,7,5,5,9,3,8,3,8,4,7,8,2,2,3,7,0,6,1,5,1,3,2,6,3,1,5,9,8,0,5,1,4,6,5,8,2,4,4,4,5,7,3,3,3,8,4,7,4,7,3,4,8,4,3,4,2,2,8,5,1,2,7,2,7,4,7,7,7,6,1,7,8,2,5,5,3,0,7,5,2,4,2,2,4,0,5,6,3,2,7,2,8,6,5,8
50,0,7,1,3,8,7,8,6,1,8,1,3,1,9,5,4,6,6,4,2,7,7,6,8,5,9,3,3,2,3,2,4,8,9,4,5,2,1,6,2,8,2,3,6,6,1,9,4,2,0,1,9,7,7,4,3,9,3,5,7,3,4,4,7,4,0,9,2,2,2,6,4,2,0,8,8,8,6,6,1,9,1,8,3,1,3,2,2,8,0,3,3,2,0,1,8,8,3,6,6,7,1,5,1,2,9,2,1,3,7,7,5,1,9,4,8,3,6,8,8,4,3,9,4,3,1,4,0,6,3,7,0,3,9,0,3,6,7,5,0,3,6,8,6,5,6,1,8,3,7,8,5,4,1,1,1,2,3,8,5,2,4,7,2,8,2,3,9,0,4,7,6,4,2,4,4,4,6,2,5,8,5,2,4,9
51,9,2,6,8,5,3,7,2,9,4,4,5,0,2,4,8,8,3,7,5,3,2,9,2,0,2,5,1,1,8,1,4,7,5,0,4,1,2,6,7,3,6,8,4,5,1,3,1,1,4,0,3,5,7,2,6,8,5,7,4,0,7,0,5,4,8,0,3,5,5,1,6,6,3,8,7,6,8,3,2,1,4,2,9,2,3,4,7,5,7,4,8,1,0,7,3,2,5,5,4,7,2,8,6,1,6,5,9,9,1,5,6,0,4,0,4,3,1,3,9,3,1,6,4,6,3,6,1,4,1,7,0,6,2,9,7,8,7,9,6,6,1,6,7,1,7,6,0,9,5,6,4,0,0,4,6,7,1,0,5,7,1,2,2,7,7,8,7,2,9,2,9,0,4,2,7,6,0,4,9,2,1,0,5,7
52,5,6,3,8,3,2,7,3,3,6,5,2,6,7,3,8,3,2,9,7,2,7,2,7,4,7,9,7,4,9,4,4,8,9,1,7,7,9,6,3,8,2,4,0,6,7,4,6,1,9,7,0,6,3,8,8,5,4,5,8,1,3,4,2,5,7,6,3,1,6,9,8,1,5,5,7,1,4,2,4,3,3,8,6,5,2,3,2,2,6,1,3,3,3,7,5,8,8,1,1,7,5,1,4,3,6,3,4,1,5,3,7,5,5,5,6,7,2,5,6,1,0,2,7,5,0,0,3,8,2,1,4,7,5,1,0,4,7,7,4,3,8,6,9,8,0,7,5,9,2,9,9,3,8,2,4,2,5,1,3,1,3,6,3,4,7,7,5,2,1,3,4,3,2,4,9,1,2,4,8,4,7,4,1,7
53,2,0,3,9,0,2,3,5,9,3,7,7,8,3,9,4,2,8,4,0,6,8,9,1,2,4,7,4,7,2,2,4,5,1,2,4,5,1,1,8,6,2,2,6,8,1,1,8,0,4,3,4,0,6,7,8,3,4,2,7,0,1,1,3,8,8,8,8,8,3,1,1,3,3,3,3,8,6,9,9,5,6,2,3,7,5,4,6,0,5,2,2,6,2,0,5,5,0,1,6,2,8,8,2,8,8,7,6,5,7,4,6,8,6,3,1,2,8,6,8,4,6,1,7,6,0,7,6,7,3,1,6,1,7,2,6,5,0,6,3,6,2,7,4,4,3,7,5,4,2,2,8,4,2,6,1,7,4,1,3,8,0,7,7,4,5,6,9,4,5,4,3,3,4,1,4,8,4,1,1,7,2,4,9,2
54,7,9,3,3,2,1,6,5,1,7,5,1,8,4,2,6,6,4,1,4,4,1,1,0,9,1,4,7,7,7,3,2,8,1,2,4,1,0,2,6,5,2,7,4,5,8,4,7,4,4,8,8,5,0,9,8,3,5,7,6,7,4,6,6,5,3,3,7,8,6,5,0,1,1,6,4,4,1,2,8,9,7,4,3,8,1,4,7,8,7,7,1,2,1,0,7,4,6,8,7,8,1,8,6,5,7,2,5,0,3,7,3,8,2,3,9,2,1,5,7,8,8,1,8,2,1,3,6,7,4,7,9,5,4,3,3,7,6,5,7,5,5,7,2,2,3,3,6,2,2,6,4,4,1,1,8,9,1,1,7,6,9,6,4,1,5,3,5,6,1,6,2,8,3,2,5,2,3,5,9,8,8,3,6,7
55,6,9,1,1,5,0,7,8,5,8,4,4,1,5,4,2,2,3,6,5,5,1,1,6,3,8,0,8,4,8,6,2,7,1,7,2,2,3,6,8,9,4,9,2,7,8,7,9,1,1,1,7,7,2,0,0,6,3,7,8,2,3,8,9,7,5,0,7,4,8,4,0,1,3,3,3,1,0,6,6,7,5,7,4,8,4,3,4,9,8,8,9,4,3,1,1,5,1,0,6,6,6,7,2,7,5,3,2,4,9,4,6,6,6,3,2,8,4,9,8,5,9,8,1,1,3,8,9,7,2,4,3,7,9,8,5,4,9,4,8,6,1,0,1,8,8,5,5,7,3,5,6,1,5,3,1,5,4,8,8,8,4,3,5,9,4,7,2,0,1,2,4,8,2,3,6,1,6,1,5,2,5,6,0,2
56,5,3,3,7,4,1,0,4,7,5,9,6,3,7,3,8,3,3,1,5,2,1,8,3,2,6,6,2,7,2,4,1,4,8,3,2,3,3,7,5,6,3,2,2,7,4,7,5,4,7,2,8,1,1,1,0,5,3,8,3,1,8,0,5,4,5,1,7,4,8,2,3,6,9,6,2,6,0,8,6,6,5,4,1,6,5,6,8,2,4,3,5,1,9,3,0,5,9,3,5,8,6,5,2,7,4,8,4,4,9,8,8,7,5,8,7,1,5,4,7,4,4,8,1,3,2,5,3,5,3,9,8,2,2,2,5,9,4,5,0,1,5,2,1,2,7,7,9,8,8,1,0,3,2,9,8,0,1,7,5,1,7,7,8,3,6,8,0,8,1,1,7,8,4,7,8,0,0,4,7,7,5,8,0,0
57,7,1,1,2,8,3,6,8,4,4,0,8,9,8,5,5,6,9,2,5,7,4,4,6,2,2,1,5,1,0,3,8,2,8,2,2,1,2,4,9,8,6,9,6,8,3,4,7,1,5,5,0,5,7,7,3,0,1,1,8,0,1,4,7,3,1,7,7,7,8,5,6,5,4,2,4,6,3,5,2,1,9,2,3,1,4,5,7,7,1,5,6,3,2,8,1,7,4,4,2,4,8,7,5,0,0,2,7,1,1,7,2,4,4,4,7,7,7,0,7,1,4,3,4,2,1,8,4,4,1,9,5,4,4,6,5,8,5,8,6,8,8,4,3,5,1,8,1,8,4,7,5,7,5,6,8,8,3,4,1,8,3,9,3,7,7,2,8,7,5,7,1,2,6,1,3,3,6,6,3,1,3,9,2,4
58,9,8,5,3,2,7,7,1,3,4,4,5,2,5,2,0,8,6,1,7,7,3,6,4,1,2,6,5,3,6,8,5,8,9,2,1,2,3,4,5,0,3,6,7,8,2,3,7,4,8,7,6,3,8,6,7,2,0,1,3,7,3,5,1,6,8,2,0,4,9,1,4,4,2,9,6,3,6,9,8,3,7,7,7,3,3,5,2,2,1,3,7,2,4,7,2,0,0,4,2,4,3,7,4,6,6,3,5,7,7,8,0,4,5,6,6,1,0,2,1,3,1,3,1,6,6,8,3,8,7,6,0,9,3,6,1,8,3,6,2,3,8,5,2,3,9,9,6,8,3,7,7,8,6,8,1,2,8,2,4,2,0,0,4,5,1,4,4,4,6,3,0,3,2,0,7,7,2,5,5,7,3,2,6,2
59,8,6,2,4,8,3,6,5,7,2,1,0,6,1,1,3,6,4,4,5,5,5,6,7,1,4,4,0,7,5,0,1,1,3,8,5,4,1,2,6,6,6,7,9,3,6,0,4,4,8,4,1,5,7,4,5,8,1,0,7,8,2,7,2,0,7,2,7,7,2,1,7,2,4,7,0,5,7,8,1,1,8,2,6,7,3,7,7,6,8,8,5,4,5,1,1,6,7,1,8,4,6,9,6,5,6,8,6,9,2,3,1,8,4,1,3,3,7,2,2,3,2,3,7,9,6,4,0,5,3,7,7,5,0,4,5,7,6,0,5,3,2,2,7,0,6,0,6,3,8,3,4,1,0,5,9,5,0,2,5,5,4,1,5,4,5,2,6,3,3,5,6,1,8,4,8,3,6,3,5,3,1,2,0,0
60,3,8,1,4,9,5,6,8,0,4,4,5,5,4,6,6,4,3,1,7,6,0,6,3,3,4,2,2,0,5,2,2,1,1,4,5,4,5,6,5,4,4,1,3,6,2,7,4,1,8,2,1,7,8,1,6,7,7,9,0,7,5,2,1,8,5,8,4,0,6,9,3,8,3,2,0,9,9,6,6,1,1,6,8,2,7,1,3,4,8,8,0,3,1,1,1,9,6,2,3,3,7,6,5,2,5,4,3,0,7,4,9,2,6,6,5,5,6,3,8,0,2,2,7,8,1,7,6,4,3,0,8,1,0,6,5,1,5,2,1,7,8,2,7,5,1,6,5,8,1,3,3,4,9,2,2,1,9,3,8,5,1,0,8,4,6,9,8,1,1,7,8,2,5,6,2,3,6,5,7,8,6,5,0,3
61,1,0,7,2,1,3,2,2,3,8,0,6,7,5,1,6,5,3,8,1,2,8,8,7,6,8,3,7,2,1,2,3,2,6,1,1,2,2,4,3,8,5,5,2,9,2,3,8,5,0,4,1,5,0,1,6,5,5,7,0,0,1,4,5,3,7,1,6,6,7,1,8,3,7,0,7,1,2,6,5,1,7,8,1,4,1,5,5,1,9,6,3,6,9,5,1,8,7,8,4,7,8,9,8,8,8,5,5,3,1,7,0,3,6,1,8,6,1,0,4,9,3,3,3,4,1,4,7,4,0,7,7,8,0,5,2,1,1,5,0,3,9,1,8,5,6,5,5,6,0,0,4,7,8,6,8,7,8,6,4,1,6,0,7,7,3,7,8,7,3,9,6,1,7,7,6,6,3,3,3,9,6,4,7,5
62,5,6,7,4,6,0,8,5,4,1,8,0,2,4,8,2,5,9,8,9,3,4,1,6,4,4,5,3,0,7,9,7,2,7,3,7,1,6,6,9,3,5,5,2,5,2,8,1,7,9,5,2,0,4,6,1,2,1,2,8,3,0,7,1,7,6,3,2,8,7,8,7,2,7,9,1,7,5,1,0,3,2,3,6,0,7,6,8,7,4,3,7,4,8,1,7,1,5,8,1,7,1,2,2,1,6,2,7,3,2,0,3,2,6,9,1,0,3,3,8,6,6,4,4,2,5,8,5,7,6,6,1,3,0,6,5,6,7,4,2,5,2,5,3,4,5,2,5,0,5,6,7,1,4,9,2,8,1,0,3,3,4,8,7,9,4,6,7,5,4,8,8,6,5,7,0,4,3,6,1,7,3,1,3,4
63,3,2,7,3,1,5,0,1,7,3,6,7,3,0,4,5,1,3,8,1,2,5,2,1,5,3,6,3,4,4,5,7,1,6,6,1,8,1,4,0,4,3,1,4,9,0,6,9,6,7,8,8,3,2,7,9,7,8,7,5,6,4,0,4,9,7,2,5,0,2,7,1,2,3,1,2,6,6,4,3,2,3,0,6,7,2,7,7,2,9,6,1,0,7,2,5,1,4,8,5,2,8,4,2,8,3,7,8,1,4,7,1,5,9,3,0,5,7,1,1,7,4,4,3,7,3,5,6,7,1,2,3,0,2,0,4,5,5,5,5,8,3,1,7,4,1,1,2,1,5,5,6,1,6,8,8,4,5,2,0,4,1,1,8,8,1,8,8,4,2,1,8,6,2,7,5,1,2,6,2,9,8,3,2,5
64,0,6,2,3,9,4,4,1,6,5,7,3,0,7,2,2,8,2,3,4,5,6,3,5,6,9,4,9,2,4,8,3,5,8,6,5,3,6,8,1,7,8,3,5,1,6,6,9,9,7,2,0,2,8,5,3,8,3,9,1,2,2,8,0,3,7,1,5,2,1,4,8,7,2,9,5,0,9,5,2,0,1,6,9,2,5,6,6,3,8,6,4,5,5,5,8,1,1,1,4,6,6,6,1,2,8,3,1,6,7,2,9,7,8,7,4,0,9,6,5,9,6,3,2,3,7,1,1,4,8,0,7,1,6,4,4,4,2,6,8,6,8,1,7,5,2,0,7,6,5,2,2,3,7,4,8,4,8,3,9,4,1,7,8,3,5,1,9,5,5,1,2,5,8,2,6,5,2,9,8,3,8,3,6,2
65,1,2,1,2,7,8,0,0,7,3,8,5,2,3,3,7,6,2,7,8,9,4,6,3,7,2,0,4,6,6,2,6,7,4,0,5,1,8,1,5,8,7,7,1,3,3,2,7,4,8,4,6,2,2,4,5,8,3,5,0,5,4,0,8,0,7,1,8,0,3,1,7,4,1,7,2,2,4,0,5,8,3,5,8,3,5,0,1,8,8,7,1,3,2,8,7,6,7,6,6,7,3,7,5,4,3,2,9,7,1,7,0,6,5,6,2,5,1,3,5,8,7,7,7,6,2,3,4,9,3,4,4,4,8,8,8,7,5,9,3,5,8,0,4,9,8,4,1,2,6,0,5,1,8,5,6,4,2,6,2,5,5,8,1,1,8,4,7,3,8,8,6,9,7,8,6,8,6,1,3,6,6,4,7,1
66,2,8,1,3,8,7,5,2,6,2,3,3,5,5,6,3,7,2,4,6,7,0,1,5,6,5,6,2,2,5,6,8,4,7,0,3,6,3,4,6,2,7,3,7,6,1,4,0,4,1,9,1,1,4,8,4,2,1,8,1,0,2,8,1,1,0,7,4,0,9,2,8,5,2,6,5,8,5,6,4,3,8,7,2,2,1,3,3,3,1,4,8,1,4,7,9,3,5,1,0,5,8,0,5,8,7,2,8,2,0,4,7,7,1,7,1,5,1,3,7,2,4,9,1,1,2,7,0,3,2,5,6,7,4,4,9,4,2,0,5,7,2,0,6,6,7,1,0,8,3,4,9,5,4,9,5,1,8,7,9,8,1,6,2,7,6,6,7,0,6,7,0,5,5,8,4,7,6,5,0,4,8,7,7,9
67,6,8,1,5,8,9,6,2,1,4,2,4,7,8,7,8,4,4,8,7,5,4,8,7,2,2,1,8,4,2,6,4,2,2,4,6,6,8,1,7,5,6,8,8,2,4,6,2,7,3,4,3,6,5,3,7,3,0,9,1,9,1,5,0,2,1,0,6,9,6,5,5,4,6,3,4,8,7,5,8,2,9,4,7,6,7,1,5,6,8,0,7,2,4,1,5,3,2,6,7,1,2,1,2,1,8,9,7,2,7,9,2,3,8,5,9,0,3,1,3,4,2,9,7,0,9,6,0,3,6,0,8,2,3,0,4,4,7,6,7,5,7,9,3,9,3,6,7,0,6,2,3,6,1,0,7,1,8,3,6,6,1,2,5,2,1,3,8,5,4,1,8,1,7,2,7,8,2,9,2,6,4,5,2,4
68,2,3,3,4,4,1,1,9,6,9,1,2,2,4,4,8,6,1,4,1,7,7,7,7,2,8,5,1,5,2,2,1,6,0,1,8,3,1,3,8,8,6,3,4,7,2,5,2,9,8,1,4,6,2,8,4,4,4,4,3,3,2,7,1,3,3,9,0,7,2,6,4,4,2,2,4,7,5,3,2,7,9,5,3,6,5,5,5,7,8,4,7,2,2,7,7,2,6,8,6,4,4,5,7,0,4,5,7,8,1,1,4,8,2,1,2,4,3,6,7,6,6,0,2,6,7,2,2,3,5,8,3,4,3,5,2,7,5,1,6,6,3,8,1,0,6,9,1,4,0,2,2,6,6,5,9,2,6,8,5,4,3,6,6,7,9,1,7,9,5,3,1,7,2,3,1,1,4,5,9,0,6,0,7,8
69,6,1,4,5,1,7,8,0,7,3,7,3,3,2,4,3,9,7,8,9,8,3,7,9,7,4,2,5,0,6,3,2,8,4,2,4,2,4,6,4,4,4,5,4,1,9,4,4,7,3,8,8,8,5,9,3,9,6,6,4,5,7,3,7,3,7,6,2,0,0,4,2,3,4,5,4,4,3,1,1,2,1,1,3,6,3,5,5,0,4,7,1,2,5,2,6,1,1,3,8,0,2,8,0,0,8,3,5,8,6,5,1,6,5,1,6,5,2,7,6,1,6,3,1,3,1,5,2,6,2,2,1,1,4,7,3,9,8,2,2,3,8,5,0,3,9,6,3,0,6,2,3,1,5,7,4,9,5,4,3,6,2,1,3,1,7,4,1,3,3,5,2,2,4,4,2,5,2,8,9,1,1,3,3,5
70,5,7,5,3,6,4,9,2,4,5,5,2,7,8,5,7,5,5,5,4,1,8,5,2,1,7,3,2,7,9,0,4,4,4,4,4,4,8,1,7,2,8,2,9,1,7,8,3,2,8,3,9,7,9,3,3,5,8,8,5,1,6,1,7,7,4,4,7,5,0,1,1,3,6,7,8,3,4,3,4,5,8,8,8,4,9,2,4,8,8,4,1,6,9,7,6,4,2,9,4,2,8,3,6,9,8,1,4,2,0,6,8,1,3,2,4,2,5,7,2,1,7,2,3,6,3,6,2,6,6,8,2,2,5,8,2,7,1,1,3,8,5,7,2,5,3,3,1,0,3,4,9,6,8,9,4,9,6,2,8,6,4,2,8,5,3,1,7,3,6,7,9,5,5,8,9,3,5,3,5,3,8,4,0,8
71,2,0,5,8,4,4,8,5,4,5,4,7,9,4,4,7,4,9,4,1,8,1,5,5,4,9,8,4,8,5,6,0,5,5,4,1,9,8,2,6,4,0,7,5,8,1,5,2,3,2,2,3,4,7,0,6,7,3,4,4,8,7,1,0,7,6,0,9,4,9,0,8,7,5,5,7,2,3,0,3,3,2,3,8,1,8,3,9,6,7,3,8,4,1,7,9,8,1,3,1,5,4,5,3,1,1,4,2,2,2,6,9,6,9,5,6,2,5,6,3,9,0,1,3,5,0,4,6,0,7,9,8,4,3,3,6,4,8,8,1,6,6,4,5,8,7,3,3,3,2,4,6,7,8,4,4,1,3,1,6,7,5,7,2,1,5,6,3,2,6,8,2,6,4,6,7,0,1,2,6,4,8,7,9,2
72,1,6,7,2,4,6,5,8,3,8,6,9,5,5,9,1,1,7,7,3,7,3,4,1,6,6,5,6,7,8,8,1,6,9,1,7,1,5,2,8,5,0,5,6,4,4,6,5,6,1,4,4,6,0,3,6,8,8,2,5,4,5,6,1,2,6,8,4,2,6,1,0,7,4,6,6,2,0,7,3,8,4,0,1,5,7,8,7,5,7,1,5,4,1,8,9,5,2,2,4,7,0,1,8,2,5,8,1,0,4,2,0,1,2,3,5,2,2,3,8,4,9,1,7,2,6,3,4,2,0,6,2,1,8,6,9,3,6,3,9,0,3,1,1,7,9,7,6,1,1,1,2,0,6,1,3,8,9,2,5,3,4,2,6,4,9,5,8,9,1,3,2,7,1,3,1,5,6,5,5,6,3,5,8,7
73,6,6,7,4,3,1,2,2,7,4,3,5,0,6,1,4,1,4,3,7,5,4,8,6,5,0,5,8,3,6,2,3,6,7,7,8,8,8,5,1,1,5,2,8,9,2,6,8,8,1,6,1,4,7,0,7,7,6,6,8,3,6,3,2,5,5,5,7,5,2,2,8,0,6,2,9,2,0,5,9,2,6,9,2,5,5,3,5,1,8,0,6,4,1,9,5,6,6,7,8,1,8,5,8,3,1,2,3,0,8,8,2,8,8,3,3,7,5,7,2,7,0,4,6,7,8,2,3,4,4,6,7,1,8,8,8,7,9,8,3,2,3,1,8,2,2,7,1,1,8,3,5,9,1,2,3,8,8,9,7,7,7,8,2,1,6,8,1,4,6,5,9,2,5,3,7,4,1,3,8,7,1,2,2,2
74,5,8,3,3,1,2,6,6,8,6,8,6,9,7,2,0,9,9,8,5,5,5,7,2,3,8,3,8,5,1,8,8,2,7,2,3,6,5,4,1,5,4,4,2,2,4,6,7,2,2,2,8,7,7,4,8,5,3,8,2,4,4,3,5,7,7,8,5,1,8,7,6,4,0,6,0,3,6,7,7,4,1,4,2,3,0,9,0,1,5,6,6,1,8,5,3,6,9,3,8,9,9,2,8,4,7,0,6,5,7,8,9,9,6,2,0,8,3,3,8,8,3,0,8,8,4,4,7,8,6,1,6,2,5,8,7,2,9,8,7,4,5,1,4,3,4,1,5,8,8,1,9,3,0,4,4,2,1,4,1,3,7,4,3,4,7,4,1,8,5,3,4,4,3,8,8,8,4,3,5,2,9,4,5,1
75,7,6,6,6,7,4,9,1,8,1,2,7,8,8,8,7,3,0,9,3,7,2,5,1,6,4,5,4,1,6,4,9,6,5,3,7,5,2,1,7,8,8,6,6,2,0,8,7,8,7,1,5,4,3,9,2,9,4,3,4,4,9,3,5,2,4,4,3,7,4,8,3,6,1,0,3,5,4,3,6,2,0,2,7,4,9,4,6,3,0,8,7,3,3,0,6,4,7,5,9,5,8,1,8,7,2,6,9,3,1,3,5,5,1,5,6,7,8,6,2,0,6,8,8,6,5,7,4,2,1,5,7,6,7,5,4,2,2,4,4,4,4,9,6,4,6,0,7,4,9,5,1,8,4,3,3,7,3,1,3,3,6,4,5,8,5,9,2,0,7,5,8,0,2,6,8,2,2,1,4,1,3,8,9,4
76,0,0,1,8,0,5,3,1,3,4,2,6,3,3,3,0,8,4,8,3,2,3,2,1,8,4,3,1,5,4,8,4,1,7,2,1,5,1,9,2,7,5,1,5,1,6,1,4,5,2,6,8,0,3,3,5,6,1,3,8,2,2,8,5,1,8,8,3,1,9,8,8,3,4,2,0,6,1,6,6,2,2,1,6,2,2,2,9,6,6,5,7,2,9,1,2,4,5,6,2,3,2,2,4,2,0,9,7,6,3,5,7,7,6,9,8,5,3,9,5,5,5,2,4,1,9,4,3,7,8,5,2,1,1,6,9,3,4,1,2,5,8,1,8,7,2,0,7,7,8,1,3,1,9,7,1,2,6,8,5,2,5,1,7,0,8,3,4,4,4,3,4,7,9,0,7,3,1,2,3,9,4,3,0,5
77,3,6,8,8,1,2,8,5,5,4,6,7,5,5,5,7,4,2,4,9,5,5,7,7,7,6,4,8,6,7,4,0,3,8,4,7,4,3,1,5,1,5,6,6,1,6,3,2,9,6,8,8,8,5,6,1,1,3,3,5,7,5,3,5,8,7,7,1,7,7,4,6,5,7,8,2,0,3,8,3,7,9,1,5,8,6,8,3,0,4,9,3,2,8,6,7,3,5,2,8,4,6,7,3,0,3,7,3,2,8,3,7,1,8,4,5,2,7,3,1,6,7,1,8,7,6,6,2,5,4,2,7,1,8,8,3,8,3,8,1,7,8,1,6,1,8,2,8,5,1,8,7,2,8,7,1,8,8,7,5,0,4,3,8,4,3,6,9,7,3,3,3,2,5,7,3,8,2,4,5,0,2,7,4,2
78,4,5,3,5,5,5,0,4,5,9,9,8,0,5,5,7,6,7,0,6,0,4,5,8,7,6,6,5,4,3,3,7,3,4,7,3,3,1,6,0,6,6,5,0,6,6,8,1,6,9,0,2,7,5,8,1,1,5,9,7,5,0,1,1,4,4,3,7,9,1,5,8,8,6,6,3,4,0,6,2,5,8,1,7,4,2,4,7,7,0,1,8,2,1,1,4,8,7,2,3,0,5,0,8,7,5,7,8,6,0,9,7,1,8,4,0,1,2,6,4,7,2,8,8,5,9,4,5,7,2,6,6,6,4,3,1,7,7,4,6,7,8,0,4,1,8,6,4,1,7,2,8,4,2,9,4,7,0,2,8,1,8,2,7,4,5,2,3,3,1,5,8,4,0,3,1,4,2,9,8,5,7,1,5,8
79,9,8,3,1,7,3,4,4,7,2,8,6,3,3,4,5,5,8,2,7,8,4,5,8,3,8,5,3,5,6,1,5,5,2,8,4,1,8,8,6,7,2,5,2,8,4,1,3,1,4,1,2,9,5,2,8,7,6,3,7,7,4,0,7,4,2,1,6,2,6,5,8,4,0,4,6,8,6,0,2,1,3,3,5,4,5,4,3,7,1,3,6,9,2,3,5,5,0,5,3,6,2,7,6,4,2,5,8,2,7,2,5,2,9,1,5,8,0,5,5,8,2,5,5,6,9,6,5,7,6,3,3,5,6,4,4,3,1,1,3,8,3,1,9,3,4,9,4,5,6,9,3,0,4,2,6,3,0,3,7,5,3,8,3,3,3,4,9,5,7,3,1,1,0,9,8,1,7,7,2,5,2,3,8,4
80,6,6,3,8,4,3,6,6,8,1,3,3,2,3,9,8,9,4,1,1,7,2,3,3,6,5,1,7,3,4,5,1,1,9,8,5,0,8,7,9,8,5,7,0,8,7,5,0,5,0,7,4,8,3,5,1,8,7,8,2,8,3,8,5,7,6,4,8,6,1,5,4,8,1,6,4,4,2,2,0,4,5,3,2,1,5,1,5,2,0,2,1,8,2,4,8,8,8,5,0,4,5,5,5,4,8,4,7,1,1,2,8,3,3,3,6,5,6,5,7,8,0,9,1,9,7,9,4,3,0,7,5,0,6,3,1,2,7,8,6,2,9,2,2,2,2,5,5,1,8,4,6,8,5,6,7,2,4,6,5,3,6,4,8,9,5,8,4,0,0,7,8,4,4,0,9,5,8,1,0,9,8,7,7,3
81,4,8,1,8,6,2,4,1,3,2,9,4,6,4,8,4,2,3,1,5,7,6,7,6,5,1,0,4,4,3,0,1,0,9,8,5,1,2,3,5,1,2,4,6,2,7,8,1,8,6,6,9,8,1,5,7,7,4,9,5,7,5,7,1,5,5,8,8,3,4,4,5,2,5,6,7,7,3,5,3,0,6,3,2,2,2,8,1,3,1,8,7,0,8,3,8,3,6,3,0,1,1,1,4,9,5,3,2,5,2,1,5,6,3,5,8,2,5,3,8,4,5,5,0,1,4,7,5,6,6,3,5,8,5,0,3,3,2,6,2,2,5,8,7,5,3,9,4,8,9,5,2,3,1,5,7,2,4,9,3,5,2,0,3,5,4,3,1,2,1,7,2,8,5,7,3,6,1,3,2,6,9,7,3,9
82,4,1,4,2,1,3,3,8,1,9,1,3,7,1,5,3,1,3,3,3,5,1,2,6,4,0,4,8,8,7,2,5,5,5,4,5,7,8,7,1,7,4,0,4,3,5,1,3,0,6,2,2,2,6,7,8,9,3,4,5,5,1,3,8,4,9,5,5,9,6,8,7,2,8,5,7,6,3,7,7,4,0,0,7,7,8,7,1,2,0,0,4,0,3,4,3,7,3,8,4,0,6,1,1,1,2,4,3,0,2,0,3,2,3,1,2,3,2,5,4,1,2,5,3,5,6,3,1,6,4,5,8,0,4,4,5,1,7,6,5,4,0,2,2,3,6,1,5,4,5,5,0,2,6,5,8,7,6,8,1,5,3,2,9,9,5,4,6,7,2,8,3,6,1,1,1,5,0,9,9,7,1,3,3,3
83,5,6,6,4,3,7,3,5,6,9,8,5,2,2,2,1,4,8,0,6,3,6,5,2,7,8,5,5,5,4,6,8,6,3,9,2,4,1,1,6,3,2,4,6,5,8,8,1,7,2,4,5,5,1,1,3,8,2,2,4,3,7,3,3,3,1,6,3,2,2,2,7,6,8,1,8,8,5,2,1,6,2,0,4,2,5,7,6,3,1,5,5,8,8,9,9,7,1,1,1,7,5,6,5,4,3,2,4,2,2,9,9,5,7,6,6,4,6,6,6,6,4,5,3,5,1,4,7,5,6,2,8,6,6,7,9,2,1,3,1,3,2,6,5,7,2,7,0,1,4,1,7,0,7,0,2,4,6,8,2,8,2,5,5,1,1,3,2,2,2,7,7,9,1,8,1,8,3,6,3,5,6,0,2,6
84,0,1,6,2,5,4,3,4,3,5,3,1,7,1,8,6,5,7,6,6,6,3,4,8,2,7,4,2,8,1,6,7,4,3,8,3,4,6,5,9,6,2,2,2,4,4,3,6,1,1,0,7,0,0,3,8,7,2,7,8,2,1,9,8,2,3,1,0,3,7,4,3,0,7,2,5,3,5,7,3,7,0,6,0,8,3,7,4,3,6,4,3,7,6,1,8,7,8,3,7,6,1,4,2,4,5,9,1,1,2,5,5,1,1,5,4,6,6,7,5,8,8,1,0,7,8,7,6,7,3,2,0,4,4,2,7,4,9,8,2,1,5,2,5,4,6,3,4,9,5,7,1,6,2,0,4,8,7,3,8,0,7,2,1,7,4,8,1,9,2,2,9,5,2,6,5,9,2,4,6,3,2,2,1,7
85,1,1,5,2,0,7,4,7,7,0,4,6,6,3,3,8,3,2,7,9,6,7,3,9,6,6,6,4,9,3,1,6,8,3,4,9,1,8,4,0,0,5,1,9,5,9,9,2,6,9,7,8,6,8,3,2,3,3,5,6,8,5,5,6,8,2,4,7,8,9,1,5,4,4,8,6,5,1,1,4,5,4,9,0,0,3,4,3,1,3,2,4,6,6,3,0,0,8,7,7,4,3,5,1,4,6,3,0,8,9,1,1,2,6,2,5,2,2,4,4,5,5,6,3,7,2,8,1,3,0,9,6,2,4,5,9,5,9,3,5,1,2,7,8,2,7,3,6,7,7,3,4,2,8,7,7,8,3,1,7,8,4,6,8,5,9,8,6,7,4,7,8,4,4,2,8,5,7,1,6,8,4,4,8,5
86,6,5,0,4,4,9,8,3,0,3,8,8,1,2,4,9,5,8,4,2,3,3,8,0,2,1,2,2,5,6,5,9,4,4,5,4,1,7,4,7,1,7,4,2,8,8,0,1,1,7,8,8,8,1,2,2,5,9,8,7,1,8,6,1,7,4,8,8,9,6,1,9,2,5,6,8,4,5,3,3,6,1,1,6,2,0,2,4,2,3,3,0,4,2,5,7,8,8,3,7,6,9,6,8,1,5,8,1,5,9,2,0,3,6,2,8,7,8,5,6,5,2,4,3,1,4,8,8,7,8,4,6,4,7,2,3,5,4,9,0,6,4,8,7,4,4,3,2,2,5,6,7,1,1,2,5,1,3,3,7,8,3,4,2,4,9,3,4,9,5,3,0,1,1,4,9,0,3,8,2,7,5,4,1,8
87,4,0,1,9,7,2,4,7,8,5,8,1,3,1,6,2,6,4,4,4,5,3,6,8,7,3,4,1,5,4,7,6,7,8,7,4,6,3,5,3,6,3,8,3,5,8,8,4,5,7,0,4,8,4,5,4,5,2,5,4,5,2,1,3,6,4,4,8,6,0,2,8,0,2,5,8,2,1,7,1,8,2,7,7,2,2,0,6,6,2,8,6,6,1,3,0,3,8,2,7,9,0,5,9,0,3,7,7,2,1,7,7,8,8,7,6,7,6,3,7,7,4,4,7,8,4,2,2,2,2,7,9,4,2,3,3,4,0,3,6,6,1,7,0,6,6,5,8,8,4,7,1,1,2,6,4,3,7,6,2,7,0,2,8,8,1,9,6,2,8,5,1,4,7,6,3,5,6,4,5,3,7,1,5,1
88,8,7,1,4,2,5,6,6,7,7,1,7,8,8,6,4,7,3,6,6,8,7,3,0,0,3,4,8,3,2,7,4,9,6,6,9,5,1,8,5,3,8,3,8,5,6,1,9,6,3,7,5,4,8,0,1,2,6,8,7,7,4,3,7,0,2,8,5,8,7,3,2,7,9,1,4,8,8,8,8,2,6,4,7,0,6,4,0,7,9,1,6,6,6,4,7,6,4,8,4,1,7,5,9,5,0,1,1,0,6,7,3,5,2,4,5,7,3,2,5,0,1,7,9,8,8,5,6,3,8,5,2,6,9,2,3,6,1,0,1,1,1,3,2,3,6,3,6,2,6,7,6,7,3,3,1,0,2,4,9,0,6,2,1,2,7,4,4,1,0,4,3,0,2,2,5,3,2,3,8,6,7,6,5,3
89,8,0,2,6,0,1,0,5,4,6,0,1,3,9,1,6,1,3,8,8,3,2,8,0,5,4,1,3,2,5,1,1,5,7,2,9,3,8,1,1,1,6,3,5,7,3,0,9,8,4,8,1,6,7,8,5,4,5,2,3,2,7,8,8,2,8,1,8,7,7,1,9,4,1,1,0,2,4,2,6,1,3,4,7,1,7,4,2,0,6,0,1,8,7,7,4,6,2,1,5,5,8,2,5,1,4,5,8,1,1,1,3,3,1,8,2,3,4,5,8,4,1,3,4,4,3,3,8,6,8,2,7,1,5,7,1,3,3,6,2,1,6,6,3,6,1,9,2,4,1,7,9,0,5,4,9,4,7,7,2,4,1,2,7,6,0,3,2,8,4,6,8,5,8,5,5,5,3,6,3,5,4,0,3,8
90,7,1,7,4,1,6,2,5,5,9,1,7,1,4,0,3,3,7,4,2,6,3,2,4,1,1,9,8,2,7,3,9,8,6,7,6,5,0,7,5,7,7,5,2,9,7,8,9,2,6,3,2,4,8,4,6,9,8,7,3,7,2,4,4,0,5,7,6,1,3,6,6,5,6,3,5,4,1,1,1,9,9,4,4,0,6,5,2,6,0,0,1,5,0,8,1,8,1,9,7,1,8,1,6,2,3,3,6,5,0,5,2,2,7,4,7,6,4,7,0,1,1,2,3,4,3,7,6,6,4,8,7,0,2,8,3,9,1,3,5,5,1,6,6,6,1,6,8,2,3,4,6,5,3,8,6,1,8,2,3,3,8,7,4,6,8,2,0,3,4,7,2,5,3,6,8,9,1,1,9,3,2,7,8,2
91,3,1,0,3,8,1,1,9,9,3,8,2,8,4,9,6,9,5,7,3,1,2,9,2,2,4,4,5,3,7,6,1,6,4,8,3,2,0,0,2,2,2,6,4,4,4,5,8,8,7,2,2,9,3,5,8,1,3,6,1,4,5,6,9,5,4,8,4,3,5,3,2,3,9,3,5,5,5,9,9,5,3,7,1,0,1,3,0,4,5,0,4,2,1,6,3,5,9,1,5,2,0,7,9,0,3,4,2,1,1,8,4,6,3,6,4,8,4,2,8,3,8,1,1,4,5,8,0,5,3,6,0,2,2,8,6,1,1,1,5,1,5,2,1,0,3,5,6,8,8,6,3,5,6,6,5,2,5,8,5,4,7,7,1,2,7,7,0,0,4,2,6,5,1,4,8,7,8,4,0,7,8,2,9,7
92,9,7,5,7,4,4,0,3,1,7,0,8,6,3,8,1,8,6,8,0,8,0,0,8,4,6,9,4,6,3,5,7,8,2,5,7,4,6,4,1,0,5,4,6,6,8,5,3,1,4,4,0,6,3,7,7,9,4,8,0,3,7,2,7,2,4,6,5,5,7,8,9,3,6,6,2,8,6,1,6,0,5,4,8,3,2,7,1,7,2,3,0,1,0,2,3,2,4,9,2,3,4,0,1,0,6,7,3,2,9,8,4,1,4,4,0,7,3,0,2,4,7,4,8,4,9,8,6,5,1,6,7,5,7,3,7,0,7,1,1,8,5,7,5,3,7,7,7,1,5,4,4,3,6,7,5,6,5,6,5,1,1,7,0,2,8,3,5,4,1,3,3,2,8,7,5,9,4,9,8,3,0,0,1,9
93,3,0,8,4,5,9,1,1,1,3,1,9,2,3,9,2,2,8,8,1,5,7,2,4,8,9,9,8,5,4,6,1,2,8,9,6,4,5,6,1,6,7,6,2,8,6,4,7,5,0,6,8,4,0,8,7,5,6,3,2,8,2,5,1,7,0,1,7,4,7,1,7,7,8,4,9,1,1,1,5,8,1,6,3,8,3,1,3,1,8,3,1,0,0,0,5,9,9,7,2,1,2,6,1,1,6,4,2,5,1,3,0,2,6,2,4,8,5,4,3,9,9,8,8,6,3,9,3,0,3,8,3,6,9,1,6,5,8,7,4,8,5,4,0,6,3,1,1,8,3,7,3,6,6,7,2,7,5,8,1,6,2,5,4,4,5,5,2,5,4,6,9,4,7,0,3,8,2,1,4,6,5,0,2,2
94,0,7,8,6,6,3,9,3,2,6,5,3,3,7,7,1,8,7,0,5,2,7,7,6,0,5,1,0,5,6,4,6,7,6,5,7,8,6,7,3,1,2,7,1,6,5,4,5,1,3,3,3,3,5,2,4,1,7,6,8,5,1,4,5,4,6,3,5,2,3,3,5,3,7,5,0,5,3,5,1,8,6,2,4,4,9,4,4,7,6,1,9,6,0,5,3,1,1,7,5,7,7,8,4,9,2,6,2,7,7,0,0,3,5,0,3,5,1,7,8,6,4,5,5,2,5,4,8,1,9,3,2,6,0,7,7,6,0,6,2,3,8,6,4,8,8,5,5,4,8,5,8,6,7,6,2,6,1,3,5,7,4,8,5,8,3,5,2,8,6,7,2,4,9,4,8,9,0,1,5,9,6,7,2,6
95,7,1,4,7,7,2,4,0,9,0,0,9,5,5,5,3,7,8,5,4,1,4,5,5,9,6,5,3,4,3,0,3,5,5,7,8,5,7,4,5,9,1,8,9,8,0,7,8,9,5,8,3,7,3,0,0,7,4,7,4,8,4,6,5,3,1,6,1,5,1,0,6,9,7,3,1,3,4,4,1,2,8,1,1,5,3,2,7,6,2,2,0,3,7,0,5,4,1,2,6,1,2,7,5,1,7,4,1,4,8,3,3,9,5,4,6,1,1,6,3,0,3,4,3,8,8,5,2,5,8,3,1,6,3,9,5,6,5,7,5,6,3,2,8,7,5,7,2,7,3,5,9,7,8,6,5,0,0,7,4,2,3,3,6,6,2,6,3,3,9,0,6,8,6,7,0,8,7,1,8,8,5,7,5,2
96,4,0,4,8,2,8,6,6,3,1,6,3,0,2,5,0,8,3,7,4,6,6,5,7,4,9,9,9,2,7,2,3,5,1,5,1,2,2,3,8,4,7,5,8,5,3,2,7,7,7,2,0,5,4,8,3,3,8,2,1,3,5,5,1,2,3,2,2,5,7,1,8,6,2,1,4,1,8,8,7,9,7,7,8,7,4,1,4,8,2,9,9,4,3,3,0,2,5,5,5,3,8,8,0,2,1,5,1,2,4,1,6,1,2,5,8,5,4,9,6,8,0,8,1,9,7,7,1,5,4,5,6,4,7,3,7,5,0,6,0,3,3,5,7,6,1,4,2,7,3,6,4,3,1,1,5,4,2,8,9,2,0,0,2,7,3,0,9,6,2,5,1,7,7,5,6,2,1,4,6,2,8,6,8,2
97,5,5,2,8,6,7,1,2,2,1,6,2,6,1,3,0,0,1,4,8,6,7,4,8,8,9,7,3,4,3,0,3,9,9,2,2,7,8,1,1,4,8,9,7,0,2,9,9,6,7,3,8,7,7,3,1,5,7,6,6,8,4,2,5,9,0,3,1,4,1,2,2,3,1,2,7,1,4,3,0,3,8,2,1,5,0,6,5,6,2,3,1,2,8,5,7,0,0,6,4,5,5,3,8,6,3,1,1,1,8,4,5,3,2,3,3,4,8,1,0,6,8,8,3,7,3,2,1,1,0,7,0,4,3,9,3,6,0,1,8,5,0,8,2,6,9,3,1,6,8,7,3,8,1,6,2,6,7,3,4,5,9,3,1,2,2,7,4,5,8,2,8,0,4,8,6,8,1,2,3,9,6,4,4,6
98,9,0,1,8,1,0,3,6,4,2,1,2,8,2,7,5,0,8,7,0,5,4,4,5,2,5,5,5,5,0,9,4,4,5,6,3,9,6,7,2,8,6,4,6,6,2,4,6,8,8,8,3,5,8,2,7,6,6,4,4,4,5,0,1,8,6,6,8,6,8,7,5,8,2,6,7,9,2,7,3,8,5,1,0,7,2,0,2,2,6,9,2,1,1,6,9,0,0,1,6,7,4,7,4,2,7,7,6,1,2,5,4,0,8,8,8,5,3,2,7,6,4,3,4,8,6,5,2,8,4,3,5,3,6,5,4,8,8,7,3,1,4,3,4,3,4,4,3,1,2,4,6,4,9,4,3,7,7,7,0,3,6,9,6,4,6,4,4,6,0,9,9,4,9,4,3,0,1,4,2,2,5,1,9,8
99,9,7,4,1,8,4,7,5,1,4,3,7,6,5,6,4,2,4,8,9,7,3,7,2,5,4,1,1,3,8,4,2,5,3,3,6,3,4,1,8,8,1,5,3,2,3,9,5,6,8,3,9,9,8,6,2,3,6,4,7,4,5,9,7,0,3,6,3,8,8,6,6,8,9,6,4,3,7,0,8,5,3,7,1,5,5,3,5,6,7,0,8,0,5,3,2,4,1,0,4,1,8,1,2,8,5,2,0,2,8,4,1,4,4,3,5,2,7,6,4,8,1,8,6,7,8,5,6,4,1,1,1,1,9,9,3,0,4,8,3,4,2,3,2,4,5,1,3,5,1,8,6,8,3,6,2,5,2,0,4,2,3,8,4,8,2,0,0,5,3,5,5,1,5,8,5,4,3,6,0,2,7,4,4,5
100,3,2,7,3,1,4,6,9,7,5,0,4,2,7,3,6,6,1,1,9,2,9,6,3,3,5,8,2,5,8,5,4,8,7,5,7,7,4,8,4,7,5,6,6,8,7,6,7,2,4,7,7,2,6,7,8,2,5,4,4,8,2,3,7,6,3,6,7,2,2,2,4,3,1,4,0,5,5,8,6,2,0,9,1,2,4,3,6,2,3,1,8,3,2,7,4,7,4,4,0,0,3,6,5,6,2,2,8,8,2,4,7,8,7,9,9,3,4,7,7,3,1,6,9,5,3,3,8,3,6,2,2,8,0,8,3,1,2,4,4,2,6,4,3,2,8,0,6,7,1,3,7,0,6,1,6,1,2,3,5,7,5,8,2,9,7,0,8,1,2,7,4,5,8,5,5,3,8,8,4,9,2,1,7,7
101,2,9,8,5,8,0,5,8,7,2,7,3,3,7,4,5,2,5,2,7,7,5,9,2,1,1,0,2,2,5,3,0,5,1,4,0,6,4,7,2,3,4,1,2,0,9,8,4,3,3,6,6,7,3,6,3,7,5,8,6,8,8,1,9,7,5,3,8,4,6,1,6,7,8,4,1,1,5,7,3,4,9,6,2,7,6,5,4,5,0,2,0,8,6,6,4,7,7,3,4,0,5,7,7,2,7,2,2,7,3,3,8,8,5,6,2,7,7,6,2,1,4,1,6,2,3,2,2,7,5,3,5,4,5,4,8,6,9,6,2,3,3,7,2,1,7,2,7,8,1,7,2,2,6,3,0,2,1,9,6,8,4,5,7,3,8,4,7,3,8,7,3,3,6,9,8,1,1,4,5,6,3,3,3,8
102,5,6,1,2,2,7,6,5,2,2,4,0,8,7,6,2,7,8,7,0,6,4,1,0,1,8,0,8,8,5,7,7,2,7,7,9,1,6,0,1,2,7,1,9,1,9,5,5,7,4,5,4,0,5,3,0,5,8,2,6,4,7,3,8,1,8,3,7,5,7,7,5,6,6,5,9,4,8,1,2,2,8,2,7,6,7,1,8,1,9,3,6,2,5,0,5,7,8,4,5,2,0,4,1,3,5,3,3,1,3,8,1,8,2,8,2,5,6,2,3,2,2,6,6,1,5,5,4,3,1,5,6,4,3,8,2,8,3,3,7,8,7,5,4,9,7,6,4,9,7,0,2,4,6,4,4,1,7,1,6,8,8,5,3,3,5,1,1,1,0,7,2,3,2,7,2,4,6,3,1,7,0,2,8,0
103,7,6,5,0,2,2,7,6,5,7,2,6,8,0,2,1,0,1,2,6,5,3,4,3,2,3,9,1,1,9,3,0,3,3,1,8,8,2,0,3,1,6,6,6,7,2,6,7,8,3,1,8,5,9,6,8,4,5,4,4,3,9,0,1,4,0,2,7,6,4,5,8,9,3,5,0,4,8,2,2,3,1,4,4,1,8,2,1,8,5,7,3,8,8,9,6,0,9,6,9,0,4,0,7,2,2,1,2,5,8,4,4,6,8,1,4,1,1,3,8,3,9,2,8,9,3,4,4,7,2,1,5,9,0,3,2,3,6,0,9,2,0,2,5,5,8,8,6,4,1,2,1,3,8,0,3,8,7,4,3,9,1,5,2,8,7,1,2,3,8,1,4,4,9,1,0,3,1,4,5,2,5,3,2,5
104,7,2,1,8,3,6,4,6,3,8,1,2,4,3,1,7,6,5,1,8,3,7,2,3,8,0,1,3,2,1,4,2,0,3,5,8,8,8,4,5,9,2,8,5,1,4,7,5,8,3,4,6,1,1,5,8,5,1,8,5,6,9,8,0,7,7,6,9,5,5,0,9,7,8,6,4,5,5,6,6,4,6,3,4,1,5,8,9,4,4,0,2,8,5,9,9,1,5,1,5,2,7,2,0,3,1,4,8,2,1,7,7,7,5,6,1,3,4,5,9,0,5,8,1,2,4,7,2,8,3,3,2,8,2,1,6,8,9,8,7,4,2,5,6,2,3,5,1,3,7,3,7,1,2,1,3,8,5,4,5,3,7,7,6,7,8,6,5,5,2,7,2,7,7,0,5,8,0,2,5,8,5,3,6,2
105,4,9,1,5,5,9,5,8,6,8,5,7,7,4,3,2,2,1,5,5,9,2,0,8,0,3,7,7,9,3,5,0,9,1,6,1,4,7,5,6,5,7,3,1,3,5,6,5,4,1,0,8,4,5,4,3,6,3,2,3,6,8,5,1,3,1,5,3,1,3,3,4,3,4,2,7,2,3,7,1,5,6,6,1,2,4,4,5,7,5,5,7,7,9,2,7,2,5,3,8,8,4,6,1,0,2,9,6,6,1,1,7,8,4,6,1,1,9,7,3,7,1,6,3,8,1,4,5,6,1,3,0,8,1,5,8,6,5,2,1,5,8,8,7,5,5,2,8,5,5,8,5,9,5,2,3,2,4,2,5,1,7,2,9,8,5,3,8,0,3,2,3,5,8,9,7,1,1,6,5,0,1,1,5,2
106,6,5,6,5,3,5,4,1,7,6,9,2,7,7,9,8,1,4,1,4,3,5,1,6,3,0,5,4,8,6,7,9,7,1,6,4,9,8,4,6,3,6,4,6,2,1,5,6,1,6,9,8,0,4,6,9,7,4,1,9,5,7,6,9,9,4,4,6,2,6,7,1,4,9,3,4,0,0,1,8,7,4,3,0,3,8,9,5,8,6,2,8,5,2,8,6,0,3,4,3,3,1,9,5,3,0,3,4,4,2,2,8,1,2,2,1,1,1,8,3,8,8,1,2,5,5,4,1,2,2,6,6,7,4,8,4,1,1,8,6,8,2,1,8,9,6,6,8,4,5,0,8,2,7,7,8,6,7,2,7,8,6,3,1,9,6,4,0,6,6,9,7,3,5,1,5,1,5,6,5,2,1,5,8,7
107,4,8,1,4,7,9,4,4,9,8,0,3,4,3,7,6,6,2,5,8,5,8,2,4,4,3,7,7,2,3,7,2,9,8,5,4,3,9,5,7,4,4,8,6,5,7,1,2,2,6,1,9,3,4,1,1,0,8,8,7,7,3,6,1,1,2,7,6,3,8,9,3,4,7,4,8,9,2,3,2,7,2,6,8,3,6,1,3,3,8,4,9,9,6,7,2,4,5,4,2,5,6,9,7,3,2,0,2,6,3,3,5,8,6,7,1,4,2,8,4,7,3,6,6,3,7,4,8,0,4,6,2,7,3,5,6,4,4,1,6,3,5,6,4,8,3,7,7,5,5,9,6,6,1,5,2,7,2,8,4,5,3,4,4,7,7,2,7,6,0,3,5,1,2,7,6,4,4,4,9,9,4,9,7,7
108,4,1,2,8,2,9,5,5,7,1,3,2,9,2,2,7,1,8,2,9,4,3,9,4,6,5,3,7,3,4,5,6,4,8,6,8,3,4,4,7,5,7,4,0,4,2,4,6,7,8,7,3,2,5,7,2,3,6,9,7,1,3,7,5,0,4,3,4,5,7,1,3,2,8,7,2,4,4,2,9,1,6,2,7,3,7,6,3,8,8,2,8,6,3,1,9,9,5,8,3,7,7,5,4,2,0,8,0,4,6,0,1,6,9,2,7,1,6,5,6,1,3,7,0,8,0,2,2,9,5,5,9,5,6,1,0,7,0,0,0,6,5,8,0,2,8,0,4,5,4,4,3,2,9,5,6,8,6,1,1,8,0,6,4,8,2,1,3,6,4,8,8,3,7,3,3,6,4,8,5,5,2,5,7,1
109,1,7,3,1,3,8,0,2,3,0,1,7,7,4,8,9,6,1,8,8,6,8,6,7,0,7,4,5,2,7,1,8,6,1,1,5,3,8,7,0,3,9,3,6,7,1,9,5,5,6,7,5,7,7,7,3,3,4,5,0,2,9,2,8,3,3,7,8,1,2,3,7,3,4,7,5,2,2,4,3,2,9,7,7,6,5,8,2,4,6,4,3,4,6,5,7,1,8,6,8,6,4,1,7,7,9,4,7,0,3,5,1,0,0,9,1,4,2,6,9,4,5,4,3,6,3,9,3,8,3,9,0,2,8,6,7,7,1,5,5,8,6,3,7,8,7,4,1,8,0,6,7,6,7,5,3,1,4,6,7,5,8,7,5,7,2,0,4,8,8,5,5,7,2,2,3,8,1,7,1,8,4,8,3,6
110,5,7,0,4,8,8,0,3,8,8,5,3,2,6,3,7,9,3,6,7,6,3,3,2,1,4,7,5,2,2,6,0,8,4,8,7,5,2,6,1,8,1,3,6,6,3,5,9,6,5,1,4,2,2,3,3,1,6,5,3,8,6,6,6,7,7,8,8,4,6,8,7,7,2,4,4,7,2,8,1,3,7,4,8,5,3,8,1,8,4,5,9,1,0,4,3,1,1,2,3,3,4,5,0,1,9,1,4,3,0,1,2,7,2,7,4,4,7,1,6,8,6,5,9,6,1,6,1,1,5,2,8,3,5,8,5,4,1,7,7,1,3,7,1,7,7,5,1,9,6,5,2,1,4,9,5,2,7,5,7,0,4,3,7,7,6,1,5,6,3,3,8,4,2,5,7,5,1,8,2,1,7,5,2,2
111,4,5,1,7,8,2,7,3,8,3,4,2,2,2,4,5,4,8,8,5,5,2,2,6,7,9,8,5,6,2,8,4,6,4,4,5,8,7,6,6,6,9,0,3,4,1,4,3,3,6,0,8,3,9,5,8,5,3,1,2,8,7,1,1,3,2,1,7,4,7,0,0,2,7,8,1,5,1,4,0,6,6,6,8,4,2,2,2,3,4,3,1,9,6,5,3,5,7,1,5,5,4,6,4,3,1,6,7,6,4,0,6,7,3,8,2,7,3,5,9,3,6,9,5,6,8,4,3,6,9,9,2,6,6,6,6,8,4,0,9,1,2,9,2,4,2,9,7,6,5,8,7,7,1,4,5,4,6,7,1,8,7,3,5,4,5,7,3,5,6,5,7,6,8,0,8,1,8,6,3,8,0,2,2,6
112,4,3,0,3,9,6,2,7,2,1,2,4,9,4,2,6,0,8,9,6,6,3,4,9,8,8,8,1,2,9,7,5,1,6,6,0,3,3,8,8,8,5,2,2,6,1,6,3,4,6,4,5,7,1,5,3,2,4,3,9,4,3,5,3,5,5,9,4,3,7,6,7,0,8,4,2,7,3,6,2,4,4,3,2,8,3,0,6,4,2,7,4,6,8,7,1,4,1,4,1,4,6,6,8,0,7,7,0,4,0,4,0,2,6,2,0,3,4,5,1,0,8,6,7,5,5,4,5,1,4,3,7,2,5,5,1,4,3,6,1,2,5,3,6,2,1,5,2,3,0,4,2,3,5,2,1,3,1,0,2,7,3,1,7,5,7,2,7,7,4,1,3,6,2,2,8,3,3,1,6,2,7,2,5,4
113,3,7,9,6,8,1,0,5,8,3,5,5,5,3,2,4,9,5,9,4,6,7,2,6,2,7,2,2,2,7,9,2,9,1,5,9,8,3,8,6,1,6,6,8,0,9,9,5,7,3,5,9,5,7,0,4,1,4,8,3,3,9,7,3,1,5,3,3,3,8,1,8,3,2,2,8,4,3,7,6,7,6,5,6,4,5,5,4,2,0,6,5,1,2,0,5,0,2,3,1,2,6,1,4,3,6,7,2,1,8,6,8,0,5,2,2,2,7,9,5,8,7,8,8,0,6,2,1,2,1,9,2,1,2,3,2,1,7,0,7,5,3,5,1,7,4,1,5,4,1,4,5,4,7,9,1,8,9,7,4,2,6,3,2,1,9,5,2,7,4,9,8,4,6,0,6,8,5,5,5,8,9,3,6,3
114,6,2,3,2,2,8,2,5,7,8,1,1,7,3,1,4,1,4,8,8,6,5,4,0,1,2,9,7,8,3,7,7,3,9,8,2,3,2,9,8,4,8,7,0,3,2,9,6,9,8,5,4,8,7,5,6,4,8,7,1,1,8,1,4,1,2,6,2,6,3,8,9,5,6,6,2,4,8,4,6,7,2,1,2,7,4,9,2,8,5,4,3,4,8,3,9,6,7,7,2,9,8,7,6,9,6,1,8,5,1,9,5,8,0,4,1,0,6,2,7,4,6,5,8,3,3,9,6,3,5,5,0,3,3,6,2,3,1,2,2,1,7,6,9,9,7,4,1,0,6,9,2,8,3,7,9,8,2,8,2,1,7,1,3,2,4,1,3,6,2,3,2,8,5,7,8,3,5,0,6,1,6,2,3,5
115,5,2,1,5,6,4,8,1,9,8,8,1,9,9,3,4,9,3,8,7,5,5,1,5,3,8,3,6,4,4,4,4,1,4,1,8,1,4,6,3,9,9,8,8,5,9,6,9,3,2,3,2,8,5,8,1,5,4,3,6,4,4,1,8,3,7,9,3,2,8,5,7,1,6,6,6,1,8,1,1,9,2,6,1,1,5,9,4,1,1,6,4,6,5,3,9,1,5,1,4,1,1,1,7,3,6,9,0,5,1,7,4,6,1,0,7,5,1,1,7,0,8,3,5,8,3,8,9,8,4,4,1,5,4,1,8,9,5,1,2,1,1,2,5,7,3,7,6,1,5,4,2,8,7,6,5,2,2,5,4,2,4,9,5,6,3,2,8,4,1,4,6,6,8,4,2,5,7,5,1,4,5,6,3,4
116,8,8,9,6,4,7,5,2,3,5,6,9,7,4,1,9,4,7,3,5,4,5,3,9,2,2,7,5,0,6,7,8,8,8,2,6,5,6,8,0,4,5,2,5,7,1,4,7,1,8,9,4,5,2,1,2,7,7,4,2,6,1,0,6,0,1,5,9,6,9,8,7,2,6,5,5,8,8,2,3,8,0,9,5,4,1,7,5,8,1,3,2,9,6,5,1,8,7,4,2,1,2,8,8,4,3,6,2,5,7,6,9,6,1,1,0,6,3,5,7,8,7,1,6,2,5,0,3,7,2,8,4,6,4,3,9,3,2,8,7,2,4,5,2,0,8,6,3,7,7,5,1,7,8,9,5,7,2,4,1,4,4,5,5,5,5,7,6,8,5,6,4,3,1,7,4,2,6,3,4,5,2,4,9,1
117,2,6,3,7,3,4,4,4,2,0,8,2,7,6,0,6,2,1,7,8,6,7,6,3,7,5,5,1,6,1,6,6,6,6,4,1,2,1,7,5,7,1,5,4,5,4,3,2,1,7,7,7,1,7,8,5,4,3,5,8,1,2,7,2,1,1,3,5,2,5,4,1,5,6,1,4,0,6,1,4,5,5,6,9,3,4,6,3,5,7,3,1,1,2,3,3,2,8,1,5,2,2,8,9,5,0,5,3,5,5,2,6,8,2,5,3,0,0,7,4,4,4,2,2,1,1,2,8,1,9,7,7,4,5,6,3,8,2,4,6,5,2,7,5,1,7,7,6,8,2,1,5,8,7,4,1,6,3,0,3,3,3,7,2,3,1,8,3,2,2,3,5,4,3,1,8,8,4,5,8,3,8,4,6,5
118,5,4,5,7,9,3,9,6,9,0,3,7,0,2,3,7,4,2,1,6,7,9,3,9,7,8,5,7,1,7,5,9,7,8,4,9,4,1,1,8,1,5,5,7,1,4,6,4,1,3,2,3,1,6,1,8,9,8,6,2,3,8,8,9,6,3,8,5,7,9,4,5,6,4,9,3,4,5,9,7,6,2,4,0,4,5,8,4,2,5,8,9,1,8,7,9,2,2,9,0,6,3,6,5,5,7,5,5,4,6,3,1,9,9,8,1,9,0,7,2,5,1,3,1,0,7,5,7,4,9,5,6,6,7,3,4,1,1,0,3,7,0,2,7,5,4,4,6,9,5,9,3,6,4,3,3,5,3,4,2,9,1,4,6,2,5,1,4,7,2,5,3,1,5,9,5,7,2,0,5,6,2,7,6,4
119,8,2,8,7,5,8,4,0,0,4,0,2,3,5,1,8,1,8,3,8,7,4,5,7,3,6,6,2,8,1,2,2,4,3,5,2,5,5,2,5,4,0,7,7,8,3,1,2,8,1,4,7,5,6,7,7,5,6,7,4,2,1,4,4,1,3,6,8,2,4,8,5,4,5,4,0,4,8,7,8,2,7,6,8,7,2,8,6,5,1,6,1,6,3,7,3,7,9,4,8,6,5,9,8,5,9,8,4,3,7,9,4,9,7,8,4,6,7,0,9,5,2,6,4,6,6,3,6,4,3,3,7,3,8,1,5,1,3,2,3,2,1,9,3,4,7,5,7,5,2,6,2,2,0,3,1,7,3,7,7,8,8,7,5,6,6,6,1,5,0,7,0,1,7,1,7,1,7,0,8,5,4,2,2,2
120,2,1,1,1,4,8,6,7,6,4,6,3,1,6,2,5,4,1,4,6,4,4,2,4,2,0,6,5,5,0,8,1,5,2,9,3,4,8,9,8,4,5,4,2,5,6,7,3,7,4,2,8,5,1,5,3,3,5,1,7,2,6,3,0,8,4,5,3,0,0,4,8,3,0,8,1,8,5,8,4,3,2,8,7,6,1,4,8,9,6,3,8,2,9,9,3,3,0,5,8,8,5,2,5,8,2,1,5,7,0,1,9,3,8,2,6,2,7,7,0,0,7,8,4,3,3,2,4,5,3,4,3,1,3,3,4,3,2,1,6,8,6,7,1,4,3,1,0,1,9,8,1,3,5,6,4,9,2,9,7,8,7,6,2,3,5,5,8,0,4,6,6,7,2,6,1,5,6,2,8,0,8,8,8,4
121,6,9,2,1,7,3,8,0,7,8,1,5,1,5,0,7,5,9,6,6,8,0,8,0,0,8,5,8,5,5,4,0,5,9,7,4,5,2,6,0,2,3,7,8,5,8,7,7,8,0,3,2,6,3,2,8,5,0,2,3,3,8,3,3,3,1,7,3,3,3,9,4,6,8,6,4,4,7,1,7,1,2,4,8,3,3,9,6,3,9,4,2,4,5,3,3,5,1,9,5,8,2,3,6,7,0,5,2,4,8,4,2,5,2,8,2,9,5,6,2,0,2,7,1,0,7,5,3,5,3,2,6,3,5,2,8,3,2,1,6,6,8,4,4,7,5,7,8,5,6,7,5,3,9,6,2,3,8,2,7,4,6,4,9,1,7,3,6,5,6,4,7,9,5,0,6,6,2,8,4,3,3,4,3,5
122,8,6,1,7,3,2,4,4,4,7,4,6,2,6,1,8,5,2,6,4,4,2,5,7,5,0,3,2,4,8,1,6,5,5,2,2,5,0,8,3,3,2,7,0,3,8,1,3,2,7,1,4,8,3,2,1,0,7,4,1,7,3,1,9,4,9,1,8,3,3,1,3,7,5,2,5,6,7,2,2,7,0,9,6,1,7,2,1,8,5,1,6,2,7,8,6,5,4,4,7,4,0,6,2,2,3,3,2,5,8,9,9,2,8,1,5,9,8,3,2,5,0,5,2,7,5,6,1,8,0,1,5,5,7,6,8,1,7,0,2,5,8,4,1,3,8,9,7,8,7,2,6,4,4,1,0,3,1,4,6,8,5,2,7,4,2,2,8,4,6,4,8,3,0,1,7,8,6,8,4,8,2,2,6,5
123,8,5,1,3,8,8,9,8,6,0,7,6,3,1,9,4,7,6,7,5,5,6,5,2,3,2,1,6,1,7,5,4,5,0,9,6,3,5,3,2,2,9,7,7,8,6,2,4,1,6,1,7,9,3,4,5,1,5,9,3,8,8,4,4,3,1,5,6,2,7,4,8,7,8,8,9,5,1,9,6,7,7,2,1,8,4,6,4,1,8,8,0,3,6,8,1,6,3,2,2,8,1,8,5,3,7,2,6,2,1,3,6,8,3,2,4,5,6,4,0,6,5,0,4,0,4,4,7,2,7,3,9,2,5,8,6,8,2,6,3,5,5,5,4,2,0,4,3,6,8,0,5,2,9,5,3,8,1,6,8,5,2,1,8,6,2,9,5,9,9,6,1,3,4,6,5,7,6,7,9,2,4,3,4,0
124,1,4,5,7,8,4,2,4,0,8,9,7,8,7,3,2,4,4,5,2,7,0,3,4,3,9,0,2,6,7,1,8,6,3,0,9,6,3,2,5,4,2,5,4,7,3,8,6,6,2,5,3,8,2,6,6,2,5,5,3,6,1,1,7,1,1,8,6,9,9,5,7,3,3,6,7,1,2,0,6,3,1,9,1,7,8,7,1,6,7,7,2,0,4,2,7,0,0,6,2,1,0,6,3,6,3,7,7,9,4,4,5,2,9,8,7,2,8,7,7,3,3,9,0,6,7,6,3,8,5,7,5,4,3,2,4,1,8,5,3,3,5,2,3,8,3,3,7,8,8,9,3,6,9,9,6,8,3,3,9,5,3,1,6,8,8,1,9,5,3,3,7,3,5,5,7,6,8,1,8,9,0,7,7,7
125,8,8,3,4,1,2,4,8,4,3,6,0,1,7,5,7,0,6,3,7,6,6,8,0,9,7,6,1,8,7,8,1,8,8,2,7,2,8,1,3,7,3,2,7,8,7,1,9,8,7,8,6,8,5,7,5,4,4,6,8,2,1,0,5,0,2,2,9,4,7,0,6,8,2,4,4,5,8,8,2,4,3,4,5,3,3,3,8,3,7,7,7,0,0,8,2,0,2,4,4,4,2,3,2,3,7,8,2,5,5,2,1,6,1,5,8,4,7,7,2,6,5,5,4,0,2,4,0,9,7,5,3,7,0,4,7,8,2,9,2,6,2,8,6,3,7,1,3,9,6,3,5,8,6,6,4,5,5,2,0,3,9,2,5,6,2,9,8,4,6,9,2,3,7,0,9,8,1,4,5,8,5,5,5,3
126,2,9,9,2,8,4,8,1,1,4,2,6,4,2,0,9,1,8,1,6,6,6,5,5,5,4,6,5,5,7,3,4,5,0,1,1,5,5,6,1,2,0,1,0,3,2,6,6,1,3,3,5,0,8,0,0,6,5,3,5,3,8,5,1,3,8,9,3,6,4,8,7,6,5,3,9,1,5,8,3,8,3,5,5,8,6,1,1,9,8,9,1,1,6,4,6,0,4,2,4,0,6,5,4,7,9,5,2,1,6,5,5,2,1,6,5,7,2,8,5,3,1,8,5,1,0,0,2,9,5,3,2,6,2,9,1,9,1,8,6,0,5,8,3,8,3,2,5,8,3,2,0,6,0,5,3,2,7,4,6,2,2,0,7,5,8,0,7,5,6,8,2,5,4,0,7,8,8,6,5,2,1,3,5,9
127,2,1,4,3,0,6,2,8,5,8,8,5,3,4,7,1,7,9,7,1,1,7,4,0,4,4,3,8,7,2,2,1,8,4,9,5,3,7,8,4,8,6,9,7,1,2,4,3,6,6,0,3,5,0,3,5,8,2,8,3,0,5,6,7,6,2,9,0,6,8,9,7,8,2,4,6,8,4,0,4,4,5,2,9,2,4,2,8,5,5,6,3,1,3,2,1,2,1,7,4,5,5,2,4,6,5,8,6,8,4,3,3,2,0,4,2,7,4,0,1,8,7,7,8,6,7,0,2,7,4,8,3,0,7,8,3,5,3,5,1,3,1,3,8,4,1,7,6,8,3,2,4,4,6,8,2,6,2,9,4,6,2,8,3,8,3,2,3,5,4,3,9,0,3,7,2,2,1,5,4,4,3,6,4,7
128,3,7,2,4,5,6,7,0,6,8,1,6,0,3,2,6,7,7,7,2,4,8,6,1,6,7,6,7,3,9,5,2,9,5,8,5,9,8,4,5,9,8,3,1,9,5,4,6,3,1,7,9,7,6,5,9,7,0,7,7,4,3,4,5,2,6,5,4,4,0,1,5,9,5,2,7,0,4,9,1,3,8,4,1,9,1,4,0,8,2,7,7,1,4,5,1,6,4,1,6,7,7,4,3,8,9,7,6,8,5,9,5,5,2,3,7,7,2,5,2,5,1,6,1,1,0,2,0,7,1,4,2,3,7,8,9,5,6,1,6,3,3,8,1,8,7,7,6,4,7,8,7,7,4,7,1,9,2,6,6,8,8,5,0,6,1,5,3,8,6,8,5,7,5,7,1,3,7,1,4,2,5,5,9,1
129,0,0,9,7,2,3,2,8,8,3,7,6,5,7,8,4,4,4,1,5,3,5,1,4,1,5,5,8,4,3,1,1,2,7,2,6,6,6,5,6,1,7,6,6,5,7,0,8,3,6,0,6,3,9,5,0,0,8,1,9,2,5,3,3,4,5,8,6,7,7,4,5,6,2,6,9,6,7,5,3,3,3,6,8,6,8,7,8,5,2,5,8,5,3,1,5,6,6,2,3,4,6,8,7,8,7,7,4,7,7,3,6,9,5,4,2,6,4,4,4,5,9,7,2,7,0,2,5,0,0,6,3,4,3,3,7,7,6,8,5,3,0,5,6,4,8,4,5,7,2,7,7,7,6,1,2,4,3,1,5,6,6,3,5,7,6,4,8,1,5,3,0,1,1,7,0,1,8,5,5,2,8,3,5,8
130,2,6,0,6,2,4,7,1,9,6,3,3,1,2,2,7,7,8,1,6,8,3,4,3,0,6,1,0,7,4,4,0,9,7,9,6,6,9,2,1,7,4,4,1,4,1,6,6,5,5,4,2,3,9,5,6,1,3,6,8,2,9,1,1,5,1,2,6,2,5,8,4,2,2,7,4,6,5,7,5,5,1,3,8,8,6,0,4,5,7,7,1,9,9,6,2,7,7,5,0,4,7,5,3,2,8,3,9,5,9,4,8,1,0,5,6,1,4,6,5,7,8,6,4,8,8,7,8,3,0,3,7,3,8,7,2,6,3,5,6,4,2,3,4,1,1,3,5,3,6,8,6,1,8,5,6,4,2,7,7,6,5,4,3,3,3,1,7,7,6,4,2,4,6,4,0,7,3,5,2,3,3,7,8,5
131,4,5,5,1,3,3,7,7,9,5,7,1,8,2,8,8,3,8,7,1,9,1,0,4,4,5,2,8,7,4,5,7,5,6,5,3,6,1,1,6,4,7,8,7,7,1,7,4,2,1,6,5,7,5,5,1,5,6,5,5,4,8,6,3,8,1,0,8,0,3,5,5,0,9,0,4,2,2,6,7,8,1,3,0,4,6,6,6,0,3,7,5,3,5,1,5,6,3,3,2,3,3,6,2,8,2,9,6,5,9,6,2,1,8,9,5,2,8,6,6,3,8,1,1,9,4,7,8,5,8,0,0,3,7,4,2,5,6,9,7,2,1,6,0,1,4,6,3,2,5,2,5,7,6,3,8,8,6,1,2,4,8,8,7,5,5,2,8,4,0,8,0,3,1,2,2,3,5,1,7,3,2,7,6,4
132,4,8,2,9,1,4,6,2,6,5,7,4,4,9,0,6,3,0,4,3,5,8,6,3,8,2,2,9,4,8,3,2,4,6,6,1,2,5,7,0,6,6,4,5,5,9,2,8,6,8,8,2,5,4,8,3,4,5,9,9,0,2,4,4,5,2,7,9,9,2,8,5,4,5,3,1,3,3,8,2,0,8,5,0,9,2,3,1,3,7,6,2,6,5,1,2,2,6,6,4,4,4,3,4,4,6,4,5,1,1,7,6,7,5,0,3,7,7,9,4,2,7,6,4,5,9,9,8,5,4,8,0,9,3,3,6,4,9,1,3,4,2,5,3,3,7,7,7,3,6,7,7,0,0,2,1,9,1,1,8,2,5,5,6,8,9,6,8,4,6,3,7,0,5,4,4,1,7,5,6,8,2,4,5,2
133,3,1,4,5,0,7,9,4,3,8,6,3,2,7,8,7,6,9,2,3,9,1,6,8,8,8,6,0,2,8,9,3,6,8,7,1,5,0,8,1,3,6,5,6,7,8,8,8,4,3,4,6,2,4,4,8,4,8,3,6,9,1,8,4,0,5,6,8,7,2,5,6,8,8,2,5,4,6,5,7,1,5,3,8,0,3,7,7,6,0,8,3,8,3,9,9,6,5,3,5,2,6,6,2,5,5,5,6,6,3,3,3,8,2,8,1,5,9,0,3,4,5,8,4,2,7,8,6,6,6,6,9,0,5,3,1,0,2,2,4,3,2,4,2,5,8,7,6,7,7,9,5,0,4,8,7,0,4,7,6,6,6,3,7,3,3,5,8,3,5,7,4,2,1,5,6,2,0,8,7,6,8,1,1,5
134,2,3,1,7,9,9,6,7,2,8,7,0,2,4,7,3,3,3,7,9,1,4,7,6,9,7,5,9,0,8,5,3,1,1,0,3,1,9,5,0,4,7,4,5,3,5,9,1,8,6,0,3,5,4,7,9,9,0,9,0,7,3,0,2,0,7,6,2,6,1,5,2,5,1,4,8,7,6,5,4,4,6,6,5,1,6,8,9,6,7,4,9,4,6,3,3,8,7,8,9,6,3,8,8,4,7,3,5,3,1,4,5,6,2,0,4,9,2,3,3,8,4,8,2,7,8,2,5,8,8,7,3,8,0,8,3,1,6,6,5,8,0,1,6,9,8,2,2,9,4,2,7,5,8,5,6,5,2,7,1,3,9,8,5,4,2,7,7,7,3,6,1,5,3,7,8,1,3,9,6,1,6,4,1,4
135,2,7,9,1,3,2,5,8,5,7,6,0,3,0,1,2,1,8,1,3,0,8,2,4,0,3,1,7,9,8,5,1,1,6,1,7,5,1,6,6,0,3,5,2,2,0,5,6,2,9,8,8,8,2,2,8,5,3,3,1,1,1,9,1,4,7,5,2,1,1,5,2,2,5,5,0,7,9,2,4,8,9,1,8,0,0,9,8,9,1,2,4,5,8,8,0,7,8,8,5,3,5,1,6,1,3,1,7,3,3,4,6,0,3,4,6,5,7,4,7,7,0,0,2,0,5,7,7,6,0,4,1,1,7,0,6,5,4,5,5,6,7,6,2,1,3,9,8,6,2,3,8,6,4,7,7,1,6,2,3,1,2,3,2,0,8,4,2,9,9,8,2,3,6,2,5,8,3,1,8,9,0,0,3,5
136,7,7,0,2,9,6,8,7,5,6,3,5,3,9,3,4,8,2,5,2,0,3,1,0,7,3,8,5,4,8,2,4,9,5,3,4,5,8,2,1,6,6,6,7,2,6,3,8,8,1,2,1,1,5,5,6,3,1,7,6,4,8,3,6,8,9,3,4,3,5,4,1,1,1,4,8,2,6,2,1,3,3,2,2,2,7,4,0,6,1,2,7,8,3,9,5,8,1,4,3,0,8,1,8,9,1,8,3,1,1,6,4,1,3,8,4,5,2,8,3,1,5,2,5,3,8,1,5,6,1,8,5,7,0,7,0,2,2,2,4,9,8,4,1,6,6,4,7,3,2,1,1,3,4,0,7,1,2,3,3,3,4,4,3,4,1,6,0,3,1,5,4,6,5,7,2,1,4,9,7,8,5,8,6,9
137,2,6,1,5,5,6,6,3,5,9,1,3,6,4,4,3,3,9,6,2,8,3,7,5,5,1,0,6,4,3,1,9,4,6,6,1,3,6,2,8,4,4,5,8,8,3,6,3,2,2,5,2,3,6,2,4,0,9,5,8,1,1,7,5,5,2,4,4,2,3,7,9,5,6,3,4,1,3,2,3,9,7,0,3,4,5,4,0,8,5,9,1,6,2,6,0,3,3,2,2,6,4,7,8,0,7,1,7,5,2,3,0,5,0,5,5,5,4,4,5,7,8,5,3,8,8,5,8,6,1,6,5,2,0,4,5,0,4,1,3,1,2,2,2,3,5,5,5,5,1,5,1,5,7,4,8,4,5,5,7,5,5,6,5,6,9,7,0,7,8,7,7,0,4,4,7,1,6,6,5,6,3,5,3,9
138,8,5,8,7,5,2,6,7,6,0,8,1,8,0,2,1,2,6,7,7,7,1,4,9,1,6,8,2,2,7,3,6,3,6,2,6,6,8,2,0,2,5,9,6,2,2,3,5,3,2,3,5,3,4,1,8,9,5,2,9,8,8,9,6,5,8,4,4,3,0,7,8,3,2,8,1,3,5,2,0,6,8,0,3,8,7,8,4,6,6,8,6,4,6,1,3,0,6,7,6,3,1,5,0,2,6,7,5,0,3,7,0,2,8,7,7,5,4,3,8,6,3,1,1,5,0,4,2,6,1,6,8,8,0,0,1,1,0,4,1,3,3,8,7,1,2,5,2,7,3,5,7,8,2,2,8,4,5,3,1,6,2,1,2,7,7,1,8,6,5,3,5,9,8,2,9,4,7,1,4,1,2,1,5,8
139,8,2,8,2,2,9,4,2,8,3,4,9,3,8,7,4,7,1,2,3,3,2,5,3,8,2,7,5,7,7,5,9,2,8,2,7,7,1,5,8,2,8,4,5,6,2,0,2,0,3,3,5,7,0,4,8,7,3,2,6,8,2,2,0,6,3,5,4,1,2,1,8,8,1,2,7,5,4,4,0,3,5,0,2,5,2,8,3,1,8,4,3,4,4,2,7,4,5,3,2,2,3,7,4,0,9,2,8,3,1,2,1,4,1,2,4,1,1,3,1,6,2,3,5,7,8,6,2,5,3,8,7,2,8,4,1,5,2,0,6,5,5,8,8,5,4,6,2,7,8,5,7,3,1,1,5,8,1,0,1,5,7,7,7,5,1,4,2,7,9,5,3,0,8,4,4,2,2,1,4,7,9,1,5,5
140,7,6,6,6,2,2,0,8,2,1,2,5,2,7,3,7,2,0,1,6,4,7,7,3,0,7,7,8,6,2,7,1,8,1,2,0,7,7,4,1,4,1,8,7,8,6,2,5,5,7,7,0,3,8,5,8,5,9,1,0,6,8,6,0,3,1,8,6,4,9,1,6,1,4,5,1,5,0,8,3,6,7,8,3,1,6,3,1,1,7,3,6,1,1,4,3,5,7,1,4,5,8,6,2,8,1,9,7,7,2,8,7,2,2,7,4,2,2,8,9,5,2,6,1,9,7,8,6,1,3,9,7,6,5,8,9,7,4,4,0,1,2,7,4,4,3,1,5,0,5,7,5,6,3,8,5,5,9,5,1,6,3,7,2,8,8,7,2,1,3,4,3,1,2,5,8,5,0,3,8,6,6,2,4,5
141,7,5,4,8,4,4,4,6,6,0,2,4,2,4,6,7,1,4,1,6,8,3,1,2,2,8,2,6,8,3,8,0,1,3,6,6,7,8,5,4,0,4,3,7,6,3,9,1,8,5,3,1,5,5,6,1,8,5,1,0,8,7,9,9,7,5,3,6,6,5,7,8,5,6,3,2,6,2,7,1,6,6,3,7,2,5,1,3,1,3,4,1,1,5,1,8,2,6,6,4,1,7,2,5,1,5,4,1,4,7,2,6,9,7,3,1,3,5,8,0,3,4,7,1,6,3,5,9,2,8,2,7,1,6,5,4,4,4,7,0,0,4,8,2,7,6,0,4,1,9,6,6,6,7,0,4,7,6,5,8,8,1,1,7,8,9,5,1,9,5,4,5,8,1,7,2,8,5,7,0,1,8,4,6,2
142,8,1,1,2,8,8,9,4,9,7,2,9,7,7,3,6,2,1,4,7,6,2,2,9,9,1,2,0,7,8,1,2,2,6,8,6,1,1,1,0,2,9,2,5,2,3,6,6,8,9,2,6,0,9,1,8,5,2,8,7,3,2,4,0,4,6,8,0,7,5,1,0,1,2,2,8,6,0,2,4,8,4,1,6,7,5,5,7,3,9,5,7,9,7,2,2,0,4,4,8,3,8,4,9,7,0,2,4,1,5,0,3,4,3,2,6,2,0,1,7,2,1,5,4,9,1,8,9,9,3,5,1,4,2,8,2,2,7,2,2,1,0,2,1,1,7,1,5,6,8,9,1,5,3,8,8,4,1,3,5,9,5,7,2,6,6,9,9,3,7,6,4,6,4,4,0,3,7,1,8,0,2,5,9,3
143,3,5,1,3,6,6,8,7,1,3,9,7,7,3,8,6,4,9,7,6,2,7,6,7,5,5,7,2,0,8,3,4,5,7,3,3,3,0,7,7,4,2,6,3,1,3,6,4,2,0,1,0,5,7,6,8,4,7,9,6,2,8,6,7,7,2,7,1,2,2,5,7,3,8,5,2,7,7,6,2,2,9,6,5,3,0,4,8,6,2,4,6,1,9,4,2,3,4,8,8,9,6,5,6,5,1,0,0,8,2,5,0,2,3,8,1,4,8,7,3,3,1,4,7,3,1,6,4,4,2,0,8,5,5,2,5,8,6,0,7,4,8,0,6,6,5,4,8,7,8,4,6,8,5,2,2,3,9,3,2,3,2,7,7,4,8,0,8,4,2,1,6,3,1,5,6,4,3,3,4,6,6,0,5,8
144,8,9,2,0,1,9,8,4,2,8,6,5,2,5,7,1,7,5,3,8,7,5,7,4,0,1,5,5,9,6,9,7,8,3,7,4,5,2,6,0,4,8,2,0,6,6,6,7,8,2,3,3,5,7,3,4,2,9,6,8,5,5,5,7,6,1,1,2,5,1,7,0,2,4,8,3,0,3,3,9,8,3,6,4,9,4,3,4,7,2,3,6,9,6,8,7,5,9,4,6,3,8,6,2,5,7,0,4,6,6,4,6,6,7,7,3,5,8,1,2,7,9,2,0,3,1,2,9,1,3,9,7,3,2,8,3,6,6,3,1,1,6,8,0,3,3,1,6,5,2,7,2,6,6,8,6,3,6,5,3,0,2,5,4,2,5,8,3,8,6,5,4,6,1,3,2,8,4,1,5,5,8,6,4,4
145,7,3,4,4,1,0,6,3,4,7,5,0,3,2,6,3,4,6,5,5,3,3,6,2,3,3,9,5,1,5,5,1,6,6,7,3,5,2,1,1,3,4,2,4,7,6,0,3,2,4,4,4,4,7,6,7,2,3,6,2,2,7,7,3,8,9,3,6,4,8,1,4,6,5,7,4,7,8,4,7,7,4,2,2,8,7,1,9,1,5,5,3,1,5,3,8,1,1,5,4,1,1,6,4,6,6,1,9,3,5,6,6,1,2,1,5,5,6,1,8,4,4,8,3,7,0,3,6,8,3,4,8,8,4,6,3,2,5,3,8,4,7,6,8,0,7,1,0,1,5,1,2,1,0,7,3,4,1,8,6,8,8,4,0,4,3,5,9,4,1,6,1,4,2,8,5,4,0,5,8,7,8,5,5,1
146,5,7,0,2,0,3,3,2,1,4,4,3,5,9,6,4,1,2,0,2,8,5,0,5,0,8,4,9,8,5,2,1,5,5,7,6,7,5,6,2,2,5,7,4,6,0,2,3,5,4,4,3,3,7,1,0,1,1,7,7,8,3,6,7,1,7,1,6,3,6,0,2,1,3,5,4,2,4,1,3,4,4,6,3,6,1,7,8,5,1,4,8,8,1,8,7,2,3,9,8,6,1,2,5,5,5,1,2,5,8,2,0,5,7,4,1,4,6,4,7,7,7,8,0,2,2,1,0,5,2,8,6,2,9,8,6,3,5,1,3,7,6,7,4,8,0,6,3,4,9,6,7,8,8,7,3,8,2,9,9,4,3,2,4,6,4,7,2,9,5,1,4,2,3,4,4,5,4,6,1,8,8,8,5,8
147,1,8,7,8,4,2,6,4,4,3,4,9,1,2,7,5,5,5,2,2,1,5,9,8,8,3,0,0,4,2,6,0,1,1,7,8,4,2,5,2,5,6,4,5,2,3,8,7,8,0,3,1,4,7,5,8,3,8,4,4,7,1,1,6,3,7,4,7,2,2,7,8,7,7,6,5,1,4,2,5,2,7,2,1,7,7,1,6,3,1,3,1,4,2,3,8,0,6,5,2,5,9,5,4,5,5,3,2,4,7,9,5,6,5,1,0,5,1,9,2,1,4,5,2,3,2,4,3,4,7,4,2,8,8,3,4,9,1,3,8,7,2,0,1,7,6,0,0,4,7,9,4,3,5,7,9,8,7,1,1,7,5,8,0,5,1,1,5,4,4,3,3,6,3,0,1,6,3,4,7,6,6,4,7,6
148,1,7,6,4,1,1,3,5,3,7,6,1,5,8,7,5,5,1,6,2,4,0,6,2,5,0,7,6,2,5,7,5,4,8,4,6,3,2,8,6,1,9,5,6,3,6,1,1,3,5,8,2,9,0,8,6,5,0,8,7,4,5,2,1,9,4,0,8,1,5,2,7,8,7,8,0,0,3,1,1,3,7,0,3,9,1,6,3,3,0,0,9,1,7,2,1,0,7,3,3,9,5,5,3,2,2,3,2,7,2,1,4,9,8,7,8,2,5,2,4,8,7,6,1,6,3,7,9,2,9,4,5,7,6,7,5,8,0,7,3,6,4,1,5,8,2,1,0,8,6,3,6,5,0,7,6,6,4,3,5,6,6,7,3,6,2,1,7,2,7,0,3,2,4,7,1,2,8,1,8,8,6,5,2,4
149,0,7,8,5,7,4,6,1,5,8,6,5,3,0,5,4,8,1,6,4,7,5,6,5,0,1,9,1,7,8,8,7,3,9,8,5,5,9,6,7,4,5,3,3,4,4,3,2,4,4,9,8,7,9,7,5,3,0,2,1,6,5,8,2,5,5,3,2,1,1,3,5,5,3,3,0,6,6,2,8,4,3,3,3,2,2,2,6,7,3,2,2,2,6,5,8,5,8,6,0,7,1,2,7,9,9,1,4,1,2,5,9,8,9,6,2,7,7,7,6,2,7,8,3,1,7,2,4,0,2,9,4,8,7,8,8,0,1,1,4,1,7,2,7,7,1,5,9,0,4,0,7,1,2,1,7,1,5,9,8,1,7,2,2,0,7,6,9,5,2,4,9,4,3,4,0,4,1,0,4,1,6,1,0,2
150,8,0,1,3,2,2,3,6,3,2,6,3,6,1,5,9,2,8,4,4,9,5,6,3,3,8,1,3,9,7,5,7,1,1,6,2,1,3,4,4,8,9,3,3,3,6,2,9,3,6,2,7,4,1,1,6,7,3,8,5,2,7,2,1,4,1,3,4,3,1,6,6,3,6,7,3,4,6,2,8,4,7,1,6,2,8,1,9,3,7,3,5,2,0,2,9,1,8,7,0,5,7,7,1,1,3,2,1,5,4,2,6,5,1,0,5,1,8,6,6,8,4,2,2,0,9,2,1,1,2,3,4,0,8,3,0,1,7,3,5,6,9,4,9,1,2,0,7,4,0,9,3,2,6,2,5,3,9,3,5,3,4,6,1,3,5,5,8,3,1,9,7,5,8,9,8,1,3,1,9,2,6,5,9,4
151,6,7,5,8,0,6,4,2,5,4,4,5,3,4,8,9,8,3,5,8,4,9,8,5,1,2,2,8,6,1,6,3,8,5,5,4,5,3,9,3,1,4,2,1,7,1,7,7,4,1,2,0,4,3,6,1,5,4,3,5,5,6,4,1,0,1,4,0,4,3,2,8,3,7,9,8,2,3,7,3,7,6,8,6,3,8,7,3,5,8,1,5,4,2,6,8,1,2,1,2,6,7,4,7,3,1,0,4,1,1,6,3,8,3,1,8,8,1,7,2,6,9,2,7,0,3,7,0,8,5,8,7,1,4,5,8,5,1,7,7,7,6,2,3,4,4,5,4,4,4,0,7,1,4,5,4,7,9,1,7,3,6,3,2,6,3,3,4,5,8,4,9,7,7,6,2,6,3,6,2,1,4,3,1,3
152,9,3,5,2,6,5,3,1,2,5,3,2,6,3,6,6,1,2,6,5,7,5,2,7,4,3,5,4,1,8,8,0,5,8,2,3,4,7,4,2,2,4,7,6,7,8,8,1,9,2,7,3,1,3,3,1,8,8,8,9,2,3,6,9,9,9,6,2,0,5,6,6,8,6,2,9,9,6,8,9,5,7,7,7,7,2,7,5,8,2,7,9,4,7,1,9,7,7,4,5,9,5,1,1,9,2,3,9,6,1,7,4,3,5,8,5,5,6,3,0,4,3,6,3,7,5,4,9,8,2,6,2,4,1,5,3,6,8,2,3,7,6,4,3,4,9,4,7,4,7,1,0,7,8,4,2,7,0,5,6,9,9,9,1,6,0,3,9,9,2,5,1,8,6,7,0,4,4,5,6,8,7,1,7,2
153,4,2,2,5,8,6,0,3,3,6,1,4,8,2,5,8,4,1,2,7,8,5,4,8,4,1,7,8,9,1,6,6,1,8,2,4,5,2,9,3,6,2,4,3,4,4,4,5,3,4,3,6,9,4,1,5,5,4,7,7,9,1,6,0,5,7,6,7,3,9,6,3,7,3,1,6,2,1,2,8,2,8,7,5,3,4,4,6,9,4,4,2,8,4,2,6,8,5,6,6,4,8,1,2,2,6,6,6,1,1,1,8,7,8,4,2,6,2,9,2,9,8,6,5,5,2,1,8,5,9,5,7,2,9,7,3,1,1,4,2,3,6,1,2,7,3,8,6,6,8,7,5,0,2,5,3,8,8,6,1,1,7,1,0,5,9,4,8,2,4,9,8,1,6,6,9,7,6,8,9,3,7,1,8,7
154,7,1,4,8,6,4,4,1,7,7,6,0,8,1,2,5,1,1,4,7,8,8,2,8,4,8,9,8,3,3,5,8,7,7,8,6,5,1,5,3,1,7,4,4,1,5,8,8,2,0,8,0,7,2,6,4,3,5,7,0,0,4,3,0,1,9,4,1,4,8,7,7,1,8,2,2,1,8,5,5,9,8,2,5,7,8,7,6,3,1,0,8,0,9,3,2,4,8,3,2,8,2,3,0,2,1,5,4,3,7,1,7,8,2,7,4,5,3,1,8,4,6,3,4,1,3,5,3,9,6,8,7,4,0,4,8,1,4,2,3,4,5,3,3,1,2,4,7,9,6,4,8,7,0,6,0,3,5,5,8,7,8,7,2,1,6,1,5,0,1,9,7,2,6,7,8,6,7,6,8,7,1,6,4,2
155,8,6,7,9,4,2,2,6,0,1,1,4,2,1,5,2,7,4,9,3,4,5,2,1,2,7,5,1,5,4,1,6,4,6,4,4,8,6,1,4,5,8,5,0,8,1,5,6,2,9,0,8,3,2,7,7,1,2,4,4,6,0,1,2,1,0,5,4,0,0,2,1,2,4,6,3,5,7,2,8,4,2,1,3,1,4,5,3,7,5,1,3,7,5,2,6,8,6,7,5,2,7,7,8,1,1,4,2,1,6,1,1,8,6,5,2,0,9,4,8,8,9,3,7,7,8,1,9,4,3,7,5,3,0,1,8,4,7,6,0,8,4,6,5,7,2,6,4,4,9,6,6,3,4,0,6,3,9,1,2,5,7,8,4,7,5,9,1,4,1,8,2,2,5,8,8,6,2,6,5,9,8,6,1,1
156,5,3,7,3,1,5,3,1,4,6,4,2,3,0,2,0,6,1,3,4,2,5,8,3,7,2,2,2,1,6,8,1,8,0,5,2,0,7,7,7,2,9,2,6,2,9,1,2,5,2,6,4,4,4,5,4,6,5,6,7,6,8,5,8,2,0,3,3,1,2,5,4,9,5,4,4,5,8,3,8,1,1,5,2,7,4,5,6,4,4,1,8,7,8,8,6,4,6,5,1,1,2,3,4,5,5,2,6,3,0,4,7,8,1,2,6,7,5,8,3,6,1,4,1,8,8,2,0,8,8,9,4,3,8,7,3,1,6,9,5,8,4,8,3,3,6,4,6,8,1,1,9,5,3,5,0,1,4,3,2,4,4,7,3,5,8,5,0,3,3,2,3,1,2,9,7,3,5,2,2,3,4,1,1,8
157,6,2,8,3,3,7,3,9,6,7,3,4,4,2,5,1,7,7,1,7,1,0,3,7,1,2,5,8,6,1,5,0,0,4,8,3,1,7,3,7,4,7,0,8,6,3,1,1,3,3,1,2,2,2,7,6,6,8,1,8,6,5,8,7,7,0,7,4,3,2,0,3,4,5,4,4,0,8,1,8,1,6,3,5,7,3,0,8,2,3,5,3,2,8,4,5,8,9,6,6,2,6,2,4,3,2,8,1,3,8,4,3,3,4,7,7,6,3,5,3,1,2,2,7,1,1,9,9,6,2,7,0,0,2,7,4,0,8,0,1,3,7,6,9,4,2,9,3,3,5,7,8,4,7,0,0,0,1,9,4,5,2,7,1,1,1,8,6,5,0,1,1,8,8,1,2,9,1,3,4,3,0,3,1,1
158,6,3,1,3,7,1,7,8,7,9,0,1,6,2,3,6,3,3,5,0,2,7,4,8,1,5,5,7,5,4,4,3,7,1,6,4,7,0,7,8,8,2,8,8,9,2,2,2,3,4,8,3,1,7,3,1,6,0,6,7,0,3,4,5,3,6,2,6,1,4,2,6,8,3,2,6,4,3,0,8,3,8,0,3,3,1,8,8,2,5,6,3,0,0,6,3,4,6,7,2,6,8,4,2,0,4,6,9,1,9,6,3,4,8,6,4,2,9,3,2,7,4,8,5,1,2,7,6,6,8,5,3,8,7,2,3,8,4,5,1,5,4,9,1,4,2,1,2,3,8,6,4,6,6,2,2,6,0,2,9,8,7,4,1,6,0,7,1,9,7,1,4,0,4,2,3,1,1,1,5,7,8,8,3,1
159,8,9,2,2,3,2,6,6,8,6,2,3,2,7,4,1,8,7,3,1,7,4,6,9,8,5,4,5,3,3,0,9,6,0,7,6,1,7,2,3,2,1,1,3,3,4,7,0,6,0,6,5,3,7,8,3,5,3,6,8,2,5,7,1,3,3,3,1,3,5,4,5,8,4,4,9,6,7,9,7,4,3,2,2,3,2,4,1,0,6,4,1,3,3,7,0,2,6,7,5,1,4,9,6,4,7,1,8,6,7,2,3,6,5,1,3,1,1,3,6,9,5,5,7,9,3,6,1,4,1,8,8,2,2,5,6,8,8,8,1,6,7,1,3,7,9,0,8,5,4,5,8,0,7,6,1,5,8,0,9,5,1,8,2,3,6,4,4,3,1,8,8,1,2,3,7,5,5,5,6,3,5,2,6,1
160,9,0,7,4,5,0,7,0,8,5,4,5,5,6,0,5,7,1,9,5,1,6,1,3,3,6,5,5,5,1,4,5,1,9,2,0,2,9,3,5,7,1,8,8,8,3,9,2,2,0,8,0,2,0,5,8,7,4,8,4,3,9,8,7,5,1,8,8,0,5,9,5,5,1,1,3,9,4,7,4,8,8,0,3,9,7,7,4,3,6,1,8,1,6,7,7,3,1,5,1,7,2,3,7,3,2,5,5,4,2,8,7,5,9,6,7,4,5,9,2,8,2,4,2,1,1,8,9,8,5,9,6,4,5,8,5,7,8,6,3,5,6,7,4,6,6,7,5,8,5,6,4,4,3,9,8,6,7,4,0,2,3,6,5,2,6,2,6,5,0,2,8,3,5,2,5,5,5,6,8,5,6,3,3,1
161,6,8,8,8,5,1,8,1,4,7,7,0,7,6,2,3,8,5,7,7,1,7,1,3,6,9,1,7,6,8,6,1,4,2,6,2,3,6,8,4,4,7,8,8,3,2,4,4,5,2,2,6,0,6,9,2,7,7,3,6,9,6,2,4,2,4,1,8,3,7,0,2,6,7,5,2,8,6,8,6,6,8,3,1,6,1,7,6,7,3,4,4,4,0,8,1,0,2,5,2,6,3,3,8,6,3,7,4,8,8,6,0,0,3,2,3,2,2,2,4,4,3,5,7,6,2,6,6,7,6,1,9,6,9,3,1,0,7,4,9,4,7,6,4,6,6,6,8,8,8,4,5,5,5,9,2,2,8,5,7,0,2,9,2,3,8,0,5,3,9,9,1,2,0,6,5,7,5,8,0,4,6,1,3,7
162,6,2,1,3,9,0,1,2,2,2,3,7,4,2,6,2,9,5,3,2,4,5,5,1,3,1,1,2,9,4,8,2,8,8,8,7,6,4,7,4,8,0,4,8,8,8,2,5,6,8,1,1,5,7,7,2,9,6,7,5,2,2,7,5,0,8,4,2,0,6,8,5,5,4,2,1,0,1,8,3,8,6,1,1,1,1,8,6,4,8,9,3,1,4,0,4,4,4,2,1,4,1,7,4,2,1,2,8,8,3,6,8,4,2,5,9,1,5,5,5,3,6,8,7,8,8,5,6,1,5,6,7,0,8,8,8,7,1,9,4,7,8,1,4,6,2,2,7,3,3,2,1,1,2,3,5,5,3,6,6,1,0,8,4,7,5,2,7,8,9,4,8,6,3,2,6,7,4,5,6,3,2,3,6,3
163,9,3,4,7,6,3,2,9,5,8,2,8,2,2,5,2,1,4,1,4,2,2,8,8,8,3,1,8,3,3,5,5,7,4,1,0,6,6,5,7,4,6,5,4,9,3,1,0,4,4,7,9,4,2,8,8,2,4,4,3,1,1,4,7,2,0,8,5,0,9,7,6,8,3,7,6,2,8,1,3,2,3,2,6,5,0,5,7,6,8,3,1,6,3,3,7,1,7,0,2,5,3,5,5,6,2,2,4,7,1,4,1,6,7,5,7,5,5,2,6,1,5,3,6,2,4,7,6,4,5,0,2,8,9,7,7,5,1,9,9,1,8,7,4,7,1,1,8,2,7,4,1,8,0,1,7,8,3,5,9,2,4,0,3,1,2,2,1,6,1,5,2,8,6,4,6,9,5,9,8,1,5,8,5,6
164,9,2,3,7,7,2,6,2,0,1,0,0,4,4,6,3,7,4,4,7,2,7,4,1,3,0,4,1,2,3,2,8,1,0,2,2,6,5,9,7,7,8,9,8,3,0,5,7,3,3,5,6,2,4,8,6,5,7,6,2,8,8,4,2,5,0,1,5,2,7,3,4,1,5,0,4,2,0,7,5,2,4,6,0,8,4,1,4,2,4,3,1,1,7,1,1,3,7,4,0,5,3,8,1,4,5,2,5,8,5,4,1,8,7,2,0,7,8,5,8,8,7,4,3,0,8,8,4,3,5,7,5,5,5,6,2,2,4,6,7,8,9,6,0,5,2,2,0,2,4,5,4,1,2,3,6,5,8,8,1,3,4,1,0,3,3,8,8,2,1,2,9,1,8,8,4,8,2,3,3,8,4,0,1,3
165,5,6,1,3,1,5,4,7,3,7,7,5,6,1,1,7,4,1,3,1,3,8,7,1,0,2,8,4,8,5,1,1,6,9,2,8,4,8,5,6,9,6,3,0,9,1,8,9,5,4,8,0,0,4,5,8,7,4,1,2,6,2,4,3,8,0,1,4,2,3,3,1,3,1,8,2,7,9,2,5,8,2,5,5,8,8,2,3,4,3,1,7,3,9,2,6,9,6,2,7,8,5,2,2,6,5,8,1,3,2,1,8,5,5,6,2,6,4,1,6,5,1,3,3,5,4,1,7,3,7,6,6,2,1,4,4,3,4,7,7,3,2,4,3,5,8,1,3,7,4,6,2,1,5,4,3,5,3,6,9,8,2,8,1,0,7,2,7,0,3,5,3,7,8,6,4,5,8,5,2,6,6,6,1,6
166,3,5,6,8,7,1,6,2,4,4,2,3,7,5,2,5,4,1,4,7,5,6,5,1,9,6,9,1,2,3,6,9,6,3,4,1,1,8,4,4,8,7,1,6,5,0,8,1,7,2,3,8,0,5,4,7,8,4,5,1,2,8,2,2,8,6,1,2,4,2,0,7,7,7,7,7,0,7,5,3,6,5,7,5,1,4,5,8,2,3,6,4,1,4,2,0,5,5,1,3,7,7,8,8,7,1,4,8,4,9,6,3,1,8,2,1,3,5,8,3,6,5,4,5,6,5,4,2,7,0,6,3,3,6,4,1,6,1,1,0,5,2,8,4,5,6,6,8,3,4,8,9,1,4,3,8,2,2,2,4,7,3,1,5,2,0,2,4,3,4,7,8,8,6,8,6,5,0,7,6,2,7,3,1,7
167,6,7,4,4,6,8,1,0,5,6,0,6,4,6,2,8,7,5,8,0,5,6,7,1,4,8,2,8,9,6,4,5,4,7,3,2,4,4,4,8,8,5,3,7,8,0,4,3,0,9,9,3,3,3,7,4,1,2,6,7,3,7,5,1,8,4,5,2,8,6,7,5,3,8,7,8,6,5,1,1,1,1,7,6,3,6,8,1,7,5,4,7,8,4,6,7,0,2,9,0,4,2,0,1,2,1,7,7,2,7,3,8,5,6,3,0,3,2,0,4,2,5,0,6,8,6,5,7,1,4,6,7,0,3,8,8,1,9,5,3,2,2,2,1,5,4,6,5,0,7,5,2,1,1,2,9,8,5,8,6,1,2,5,9,8,1,0,8,0,2,8,8,1,4,4,5,8,4,6,7,5,5,7,5,5
168,3,7,0,5,1,9,0,0,9,7,9,5,7,3,8,5,2,4,0,9,6,0,1,4,5,6,4,5,8,1,9,9,1,5,6,3,6,6,2,6,8,2,8,8,0,4,9,6,6,6,9,2,6,1,6,6,6,7,6,9,5,9,2,6,6,6,4,9,7,8,5,5,1,0,6,7,0,8,6,6,2,7,1,1,9,5,8,2,0,8,1,7,6,6,4,7,2,4,8,3,1,1,6,6,7,7,8,2,6,6,1,4,1,5,5,3,5,1,1,7,4,5,1,6,2,8,6,6,5,1,5,1,2,2,4,8,4,2,5,2,6,9,3,3,7,1,0,7,8,8,4,8,4,1,3,4,4,3,4,6,7,8,8,1,4,3,1,0,5,7,6,3,4,7,6,9,7,3,2,8,8,3,9,6,8
169,4,2,5,2,9,8,4,4,8,3,6,3,8,9,5,2,3,9,5,4,8,1,4,5,2,4,6,1,2,0,8,7,0,0,8,2,3,4,6,6,2,6,3,2,2,2,2,1,7,0,1,1,6,4,1,7,7,3,3,8,2,6,1,4,1,2,5,5,5,3,8,8,4,7,4,6,2,2,5,5,6,1,3,4,6,4,9,8,6,6,4,2,8,4,9,4,4,3,9,5,7,7,3,1,3,5,5,3,8,8,7,3,0,6,0,5,5,1,2,3,6,3,6,6,6,9,6,6,9,1,5,5,5,1,2,7,8,1,3,3,4,1,2,7,0,4,3,0,6,3,4,6,4,6,6,7,8,7,4,1,1,0,7,2,8,1,6,5,0,3,8,7,4,7,6,4,3,8,6,6,2,8,7,3,3
170,9,6,7,7,6,5,6,5,1,3,3,5,6,6,2,8,6,1,3,1,4,6,4,7,5,6,2,7,6,2,4,7,7,4,7,4,8,4,3,1,7,3,2,8,5,9,3,4,5,4,1,5,1,6,4,3,1,5,2,5,6,3,9,3,2,8,1,1,2,4,2,7,2,6,2,1,3,8,0,8,1,5,1,5,8,7,7,9,8,7,4,1,1,1,8,8,5,3,6,4,1,0,7,1,5,1,5,6,2,4,4,6,6,2,5,3,6,4,7,2,5,1,8,5,7,7,6,7,4,0,6,8,2,6,4,9,4,6,8,8,6,6,8,7,1,7,2,9,8,6,3,2,0,2,2,4,1,2,4,7,0,1,5,6,2,6,1,0,8,0,5,8,1,3,7,5,1,0,3,8,3,2,6,5,7
171,4,6,3,4,7,5,5,2,4,7,4,9,7,6,2,8,4,5,1,8,5,2,8,8,5,0,6,2,5,1,5,6,3,6,3,8,1,9,5,3,6,7,4,5,3,5,1,2,3,2,2,3,5,1,2,3,5,0,3,0,0,6,5,1,4,7,7,4,6,6,8,1,3,9,8,6,7,3,1,6,2,6,2,8,5,2,8,2,9,8,6,3,6,2,5,7,7,5,4,3,7,3,7,5,9,0,4,1,3,1,6,3,9,4,0,6,7,8,0,3,2,8,2,8,1,4,8,1,8,4,5,4,8,8,8,9,1,6,9,3,8,8,8,3,9,3,3,5,1,3,5,3,3,6,0,6,2,1,4,4,8,3,6,1,5,6,6,5,5,1,0,6,4,1,7,8,3,1,1,4,0,2,1,4,6
172,8,5,3,3,5,1,0,5,5,7,1,2,7,1,7,4,2,1,6,4,4,9,5,2,0,3,4,2,2,1,6,3,7,5,6,4,4,3,7,5,3,4,6,3,6,5,4,3,8,1,4,2,6,8,6,4,2,9,8,1,6,2,8,2,3,8,1,1,7,4,7,6,3,6,2,8,7,8,4,8,3,6,8,7,1,3,4,6,1,7,8,5,1,9,2,5,3,7,1,8,3,2,8,2,2,7,5,6,8,7,4,5,3,1,8,2,1,5,7,7,0,5,1,8,2,2,3,6,6,4,7,7,8,5,8,8,4,5,4,8,3,1,5,7,2,2,5,8,2,7,7,4,3,6,6,4,7,9,2,7,4,1,6,6,2,2,7,8,3,2,6,0,1,9,5,3,9,7,1,6,6,7,4,2,1
173,1,6,0,8,3,8,6,1,4,8,4,1,7,7,1,7,8,3,8,8,4,6,2,0,6,2,4,7,8,5,8,5,1,2,9,7,8,4,7,9,1,3,7,3,7,2,5,8,2,7,5,3,2,3,3,4,7,7,4,8,5,6,8,3,1,0,1,9,6,7,4,2,1,5,3,3,2,1,2,1,5,4,6,1,6,1,1,1,3,2,2,1,2,1,0,7,9,2,5,6,5,4,8,7,2,3,2,3,0,8,3,0,0,2,1,1,1,2,6,4,5,4,5,4,2,8,6,8,7,8,7,8,2,4,7,8,4,4,0,2,4,7,7,3,2,6,1,4,4,3,2,1,2,6,4,2,8,8,4,5,1,3,3,3,2,6,9,9,0,6,4,8,0,1,6,3,8,1,1,2,5,1,6,7,0
174,7,5,1,4,0,6,1,3,5,3,3,2,6,1,8,2,6,1,8,6,6,1,1,6,7,2,4,6,0,2,7,9,1,8,6,8,2,1,1,2,2,5,8,4,5,7,3,8,4,8,3,6,5,7,2,9,8,1,7,8,8,4,0,6,2,6,7,8,1,7,1,2,1,7,3,7,2,2,3,8,5,1,9,1,5,3,7,0,7,2,8,6,2,7,8,6,1,0,0,4,2,3,9,2,3,7,8,9,7,3,7,4,1,7,5,6,3,6,5,1,7,5,4,8,5,3,2,8,6,5,6,0,6,4,2,3,9,3,3,6,8,5,8,1,1,5,4,1,5,1,2,8,6,1,7,3,7,0,5,8,4,5,8,0,4,3,8,2,7,2,2,4,9,0,7,7,0,7,5,2,1,7,6,5,5
175,3,3,8,3,4,8,0,8,8,1,3,0,7,4,6,8,6,1,6,9,9,6,0,0,7,6,8,0,8,4,5,6,5,4,4,1,1,8,1,9,1,1,6,1,5,0,9,1,3,4,8,3,7,6,9,8,2,2,2,4,6,4,8,8,3,8,2,1,4,7,7,4,6,7,9,4,9,4,8,8,2,2,6,6,6,6,4,7,4,9,8,8,8,4,6,6,7,6,1,2,3,5,7,8,8,7,7,0,3,9,7,9,5,1,2,9,6,8,1,6,6,7,7,6,7,3,7,5,7,3,8,7,6,3,4,4,8,5,4,5,3,1,6,0,7,4,1,1,6,9,1,6,4,6,5,7,4,6,8,1,4,8,3,2,9,8,7,5,1,1,2,2,1,3,0,6,0,4,3,5,9,0,8,7,3
176,5,6,8,7,6,8,1,8,5,8,2,9,1,7,2,3,4,8,0,5,4,5,4,7,8,9,2,3,9,9,1,9,5,9,9,8,3,8,3,8,7,6,7,9,8,2,4,1,3,3,2,1,2,1,3,2,7,6,5,7,0,4,5,5,3,6,2,4,8,2,4,1,7,9,9,1,1,4,3,4,6,8,2,8,3,3,5,7,2,3,4,6,4,8,6,6,3,9,3,2,8,2,6,7,1,8,4,5,3,6,8,2,9,4,8,1,7,8,2,1,8,1,7,2,6,3,1,5,0,8,4,4,3,3,5,2,1,6,7,4,3,6,1,1,6,0,4,3,5,2,8,2,4,4,2,2,2,4,2,4,0,6,9,7,5,1,6,9,0,8,1,4,5,5,1,0,4,7,1,9,3,2,2,6,8
177,5,1,5,1,1,7,7,8,5,5,4,9,9,2,1,7,8,9,6,3,2,6,3,9,7,5,6,2,2,4,3,8,6,3,5,8,6,4,5,3,7,3,3,5,7,4,5,3,9,3,1,0,7,6,6,5,3,7,0,6,1,3,6,9,3,0,5,5,7,7,5,4,7,4,4,9,8,7,9,5,2,5,3,4,1,8,7,6,2,8,9,5,4,0,4,5,3,7,8,8,9,0,8,2,8,8,3,5,2,4,6,3,2,7,6,8,4,7,7,4,5,4,4,6,3,7,3,0,1,3,2,4,5,8,1,7,4,1,5,8,4,2,3,0,5,5,6,2,7,2,6,6,2,3,6,1,1,7,2,3,4,3,8,3,7,9,2,7,5,8,5,5,2,3,8,7,0,8,2,5,8,1,8,6,6
178,7,0,1,2,8,3,7,7,1,4,1,3,9,3,1,4,7,7,3,6,8,1,8,8,2,9,4,7,1,8,1,5,3,9,4,7,2,6,0,3,6,7,6,6,5,1,3,4,9,8,1,4,4,4,9,5,5,8,1,6,2,1,0,5,7,6,2,5,5,8,7,1,8,3,5,4,5,2,3,2,8,4,9,1,1,6,2,4,1,7,2,3,8,6,6,3,1,6,1,7,8,4,6,3,8,8,2,7,7,4,3,6,9,9,4,2,2,7,1,5,8,0,9,7,0,3,7,5,3,1,8,2,5,8,7,1,7,3,1,0,5,9,3,0,5,6,5,5,9,4,6,0,1,3,9,4,7,7,8,3,7,2,4,3,8,6,9,2,6,6,3,9,6,7,6,5,4,0,0,7,1,7,2,2,5
179,1,1,2,7,8,8,3,3,6,5,7,7,7,0,1,7,5,1,9,6,5,4,6,2,4,5,2,7,1,5,1,1,6,1,1,3,1,4,2,7,4,8,3,3,1,9,2,1,5,1,4,6,0,5,9,6,1,3,8,3,3,7,2,2,7,0,7,6,2,3,1,0,5,9,7,8,5,2,2,8,0,4,2,1,8,3,1,5,1,2,4,1,1,3,6,6,9,3,4,6,7,4,9,1,4,2,5,2,4,1,0,9,5,7,1,3,4,7,8,5,4,7,3,4,6,1,1,8,0,1,2,3,5,2,4,8,7,4,5,6,2,9,4,8,2,1,5,5,4,5,0,0,8,1,1,6,5,9,4,2,8,4,4,3,6,7,1,8,7,8,8,8,3,3,4,7,2,0,0,8,8,8,7,1,2
180,6,3,9,4,3,9,7,9,6,6,6,5,6,8,8,5,3,5,3,8,2,6,6,9,0,8,8,1,3,8,8,5,4,7,7,9,6,0,0,3,4,4,2,2,7,1,8,3,4,5,3,5,0,5,2,5,8,7,1,7,6,3,0,3,9,5,1,2,6,8,3,4,1,5,3,9,5,3,4,5,8,5,5,2,2,9,5,0,7,1,2,3,8,1,7,7,1,2,5,7,3,3,4,3,9,2,7,8,4,6,6,4,7,2,1,5,7,9,4,5,6,0,2,6,2,4,7,8,0,8,2,2,4,5,7,5,6,2,7,3,4,2,9,3,2,1,1,7,4,5,4,4,0,7,5,0,1,3,3,6,3,6,0,1,3,3,1,4,5,8,8,2,5,7,6,5,5,4,6,0,7,2,7,4,3
181,1,4,3,3,4,2,0,8,5,2,2,1,2,0,6,0,7,2,8,3,5,6,1,3,6,8,0,5,4,2,5,7,1,0,5,2,3,8,4,1,4,1,4,4,8,4,3,7,1,5,9,1,8,7,0,6,2,4,0,5,2,6,0,0,0,6,3,5,3,1,4,2,5,6,6,6,3,7,4,8,7,4,4,2,2,3,1,6,9,6,8,8,5,7,2,5,7,7,1,3,8,4,4,6,1,1,2,2,4,6,5,1,5,5,3,6,7,6,8,9,0,9,5,8,5,6,1,8,7,8,4,6,2,6,1,3,3,8,1,3,2,4,0,1,4,0,2,3,5,6,8,6,5,5,4,8,6,9,6,8,3,5,1,7,5,9,6,7,1,0,4,4,5,5,4,2,6,1,8,5,0,2,8,0,1
182,2,6,5,4,2,6,7,5,8,1,8,2,4,9,1,2,8,9,8,3,3,0,3,3,7,9,6,7,4,4,2,5,2,5,4,5,3,1,5,0,8,7,8,4,9,2,7,6,5,0,9,2,5,8,9,8,3,8,5,6,3,0,3,6,2,6,1,6,3,8,6,6,2,1,6,5,4,1,4,5,4,6,0,3,8,2,4,2,8,0,5,4,4,6,1,4,4,4,0,1,6,5,9,4,3,4,5,7,3,8,4,2,9,5,8,2,4,6,2,6,0,7,4,2,8,7,4,3,3,1,0,0,6,1,8,1,8,7,5,5,0,4,5,4,2,5,2,6,8,2,0,5,6,6,5,8,1,8,2,2,1,0,6,6,9,2,9,4,2,2,8,4,1,1,3,1,6,2,5,0,2,0,4,1,8
183,8,2,2,6,1,4,3,3,4,3,9,4,4,1,4,6,8,1,7,3,1,0,9,6,9,5,1,3,2,1,4,2,0,1,1,6,4,7,8,7,4,7,1,3,9,6,4,5,0,9,1,5,6,0,8,5,5,0,5,3,7,0,8,7,7,4,3,4,6,2,7,1,2,0,0,6,7,4,3,6,5,7,2,2,2,9,3,4,1,2,7,6,9,6,8,8,2,2,5,9,3,1,3,5,2,4,4,4,5,5,0,2,5,7,7,8,1,4,9,1,6,0,4,2,0,3,2,3,3,3,7,1,7,7,7,1,8,6,2,5,2,5,4,2,5,7,7,3,8,3,3,6,6,5,5,2,3,8,8,3,8,0,4,4,3,3,9,3,5,1,0,3,7,8,3,4,4,8,7,3,1,3,0,4,3
184,6,7,7,5,4,4,7,9,6,1,3,2,4,5,8,3,3,6,2,5,7,5,0,8,3,9,2,1,0,7,4,2,4,6,6,4,2,3,2,6,3,3,5,7,7,1,8,9,1,6,4,6,4,2,6,8,7,3,1,9,6,8,3,6,0,5,1,7,4,8,8,2,4,7,7,4,2,5,4,5,5,1,6,7,7,4,4,2,5,3,6,4,7,3,5,0,2,1,1,3,1,3,9,2,6,1,3,4,6,4,6,1,1,4,3,3,3,2,5,2,2,7,4,3,3,4,3,6,2,3,4,1,2,9,6,4,8,7,3,2,2,6,6,9,8,9,7,2,4,7,1,1,7,6,0,0,2,8,3,8,2,1,7,6,3,5,6,1,4,4,0,2,1,3,6,8,8,3,5,3,6,3,7,0,5
185,5,0,6,1,6,1,3,9,7,8,9,5,3,6,2,8,0,1,4,8,2,6,0,2,7,4,8,6,7,5,1,6,6,7,3,7,2,7,1,8,7,6,3,3,9,0,7,7,9,6,7,8,5,6,5,8,3,6,6,2,4,6,7,7,7,4,7,5,6,1,2,4,3,5,4,6,8,0,5,7,6,9,7,6,0,6,8,3,9,3,8,4,7,3,1,4,9,0,4,5,6,1,7,4,5,8,5,8,5,4,4,8,8,2,8,6,2,4,6,4,6,4,0,4,5,0,8,3,1,2,7,7,8,6,1,6,9,6,7,6,6,3,2,8,7,1,5,7,1,8,1,3,8,8,7,3,4,2,7,6,2,1,3,7,8,7,5,0,8,7,7,1,2,5,6,8,6,1,7,1,3,7,1,8,0

