0,0,65,75,30,0,0,65,0,0,0,15,45,60,0,65,60,0,15,0,40,0,85,85,85,35,0,0,0,0,80,0,0,70,0,0,65,0,85,15,0,70,0,0,65,0,15,0,70,0,0,0,55,35,0,0,55,0,0,0,30,25,85,45,65,0,85,45,0,0,0,0,0,0,0,0,0,0,0,0,0,70,0,30,0,0,0,0,0,50,0,0,85,0,55,0,35,0,0,0,0,0,0,0,0,0,35,0,0,0,0,0,0,0,0,0,65,75,0,0,50,0,40,0,65,0,55,0,0,85,55,0,0,80,75,0,0,30,0,70,0,70,0,0,0,0,0,0,0,0,0,0,0,0,65,0,0,35,80,80,0,0,20,50,0,15,0,55,0,0,0,65,0,0,0,0,0,0,0,0,0,0,0,50,40,0,80,0,0,15,0,0,35,0,0,0,0,0,0,0
0,0,35,0,55,40,0,0,0,85,30,0,0,15,0,0,40,0,65,0,0,0,70,0,0,70,0,20,0,50,0,35,0,0,15,65,0,0,55,0,0,55,0,0,0,0,0,25,0,0,0,0,35,0,0,0,65,30,85,0,45,0,0,0,85,0,85,0,20,0,40,0,0,80,0,30,0,0,85,0,0,0,55,25,0,0,0,0,25,0,0,45,35,0,0,0,0,0,0,0,0,80,75,0,0,65,35,70,65,0,0,0,0,0,45,0,25,75,60,0,60,0,0,0,65,0,85,0,0,0,0,0,0,55,25,85,0,50,85,0,70,80,40,55,0,0,0,60,0,0,0,0,0,0,45,0,45,85,0,50,0,15,85,25,25,65,65,70,0,15,0,0,0,45,0,0,0,0,50,75,0,20,0,0,0,15,0,0,70,25,0,55,0,65,0,45,45,0,0,30
65,35,0,55,25,50,0,65,15,0,60,80,0,15,30,0,40,0,0,75,0,0,0,0,0,0,65,0,0,80,20,0,0,55,0,0,65,20,0,0,65,35,0,85,85,85,0,0,55,0,30,0,0,0,0,0,0,0,45,85,75,0,30,0,0,85,0,75,45,0,0,40,0,40,0,0,0,50,0,0,0,75,75,0,0,70,0,0,80,0,0,85,35,50,0,0,75,0,0,55,0,0,0,0,35,0,0,60,75,0,80,60,0,40,20,0,0,75,0,0,85,20,0,20,60,0,70,65,0,0,65,0,50,60,0,0,0,75,0,0,75,80,75,25,0,20,30,30,35,0,55,25,0,40,0,0,0,0,85,55,0,60,0,0,0,0,0,0,0,35,0,0,70,0,0,0,0,0,35,45,0,0,0,0,0,85,0,0,15,35,0,60,0,20,85,40,55,0,40,0 
75,0,55,0,0,45,0,0,20,0,0,0,0,0,45,0,0,50,35,55,0,0,0,0,0,0,0,75,75,0,65,0,85,0,75,0,0,20,35,0,0,0,0,0,0,75,0,0,0,0,85,0,0,0,0,0,0,75,25,0,0,0,0,15,20,0,0,85,0,0,30,0,0,0,0,80,0,55,20,0,30,65,0,35,0,0,0,0,70,0,70,0,0,0,15,0,0,0,65,45,25,0,55,40,20,35,0,0,20,0,55,50,25,0,0,65,0,40,0,0,0,0,0,0,50,0,0,30,0,15,80,0,20,35,0,0,65,0,70,45,0,0,50,25,0,0,35,0,30,45,0,45,0,0,0,35,60,55,0,0,0,25,0,0,45,0,70,35,0,25,35,0,0,0,45,25,0,0,20,0,0,40,55,0,80,0,35,0,0,45,0,60,25,20,0,0,70,0,0,0 
30,55,25,0,0,0,0,0,0,35,0,50,0,0,0,0,0,0,40,0,20,0,0,0,0,0,0,0,85,0,0,0,0,15,25,0,0,20,0,75,75,85,0,0,65,0,0,0,0,65,0,0,60,0,0,45,0,80,0,0,0,0,30,15,40,20,0,0,70,0,0,0,0,0,0,40,0,0,35,40,65,50,0,0,85,60,0,0,0,0,0,35,45,0,0,25,45,15,75,0,45,20,0,40,0,45,85,0,0,0,45,60,75,0,15,65,40,0,0,0,30,0,45,35,0,30,75,0,85,0,70,0,0,0,55,0,0,0,0,80,0,0,45,0,0,55,80,0,80,0,20,0,65,0,15,0,0,0,0,0,85,20,0,0,75,35,30,0,0,80,0,0,0,0,0,0,0,0,0,50,0,0,20,0,0,45,0,25,0,0,0,0,0,0,0,0,75,0,0,0 
0,40,50,45,0,0,0,0,0,0,0,0,0,0,0,50,35,65,0,0,50,0,0,65,0,30,60,35,0,65,0,80,35,50,25,75,75,0,75,70,20,20,75,0,0,15,0,0,0,0,0,0,0,45,60,0,45,0,65,0,55,35,0,0,40,0,60,0,0,0,0,0,70,40,0,0,75,65,0,0,25,60,20,85,50,0,0,0,55,45,0,0,55,35,45,0,75,60,0,0,0,0,0,0,0,0,0,0,20,40,45,65,60,0,55,0,55,45,75,35,0,65,65,60,80,0,0,0,40,0,45,0,0,0,0,0,65,0,0,75,0,0,0,70,30,0,0,0,80,0,0,45,0,0,55,0,0,85,45,0,0,80,0,0,0,0,30,70,0,0,75,40,25,60,25,0,0,75,75,0,0,0,75,0,15,0,20,45,0,0,0,35,20,85,0,85,80,0,0,0 
0,0,0,0,0,0,0,50,0,0,0,80,0,20,0,0,0,0,65,0,20,0,0,60,0,75,35,50,0,85,45,0,0,30,25,0,55,40,50,30,0,0,45,75,0,0,80,60,0,0,55,0,0,0,35,0,0,45,0,0,70,0,75,0,0,0,0,25,0,50,70,0,0,70,80,0,15,0,0,0,60,0,0,0,0,65,80,0,0,60,0,0,45,0,50,0,85,0,15,0,35,55,0,0,0,0,0,85,0,15,80,0,45,0,0,0,0,80,0,0,0,0,0,0,0,0,40,0,0,0,50,35,0,60,0,0,0,60,70,0,0,0,0,0,15,0,45,0,0,35,0,0,30,0,80,40,0,35,0,80,0,80,55,0,0,0,0,0,0,0,0,20,0,35,0,0,0,0,30,0,0,0,0,0,0,55,0,0,40,65,35,0,0,0,0,40,35,0,0,65 
65,0,65,0,0,0,50,0,0,65,0,0,0,85,0,0,75,0,0,0,30,35,0,0,0,0,20,0,80,65,30,0,0,65,0,50,0,0,0,0,45,45,15,30,0,0,0,0,0,0,80,0,0,50,60,0,60,0,0,0,55,0,60,0,0,0,0,0,0,0,20,0,0,0,0,50,0,0,20,55,35,0,30,15,0,0,80,0,0,0,35,0,30,0,30,0,15,40,0,0,50,75,50,70,0,0,0,30,35,0,0,0,0,0,0,0,0,0,30,0,60,60,0,0,0,0,0,0,40,35,0,0,20,50,0,0,70,30,60,0,25,0,0,0,45,75,0,15,0,0,0,0,0,0,50,85,0,70,0,0,0,30,25,0,40,0,0,0,30,0,0,0,0,40,75,0,60,0,35,30,0,0,45,0,0,0,0,20,0,0,50,0,30,0,0,0,0,0,15,20 
0,0,15,20,0,0,0,0,0,0,0,70,80,0,0,0,0,0,0,0,55,65,45,0,60,0,65,0,0,75,0,20,15,0,0,0,0,0,0,0,0,15,0,0,0,70,0,20,0,30,0,0,0,0,20,0,15,0,0,0,85,0,20,40,0,0,0,0,0,0,0,85,0,0,0,0,0,60,0,0,0,0,0,45,0,20,0,0,15,0,40,35,0,30,0,0,0,35,0,0,0,40,50,55,0,35,35,0,65,0,0,0,0,0,0,35,85,50,0,15,0,85,65,0,70,50,0,50,0,0,65,35,30,0,20,35,75,0,0,0,20,0,0,0,0,0,0,0,0,60,0,0,0,40,70,0,15,0,50,0,0,0,50,0,0,0,20,30,70,0,0,0,0,0,0,0,0,0,65,40,45,75,0,0,0,0,0,45,0,0,0,0,30,30,0,80,0,0,0,0 
0,85,0,0,35,0,0,65,0,0,40,0,45,0,0,40,80,0,30,0,0,0,45,75,15,0,70,0,0,0,50,0,25,0,55,0,30,0,0,0,15,0,20,0,0,65,20,0,0,0,0,0,0,0,70,40,55,0,0,0,0,0,35,55,0,0,0,0,50,0,0,0,0,0,0,0,0,0,0,0,0,0,85,0,0,0,80,0,0,0,75,0,20,0,0,0,0,0,0,0,0,0,0,0,0,70,0,80,0,0,75,65,0,60,55,0,80,0,15,0,0,15,80,0,0,0,0,0,40,0,45,0,0,0,0,50,40,0,35,0,0,60,80,0,30,85,0,0,0,0,0,50,0,50,0,40,30,0,0,0,0,0,0,0,0,0,20,0,0,0,0,0,80,0,0,0,40,30,50,75,0,0,0,85,0,0,0,0,0,0,0,50,75,0,0,0,0,0,0,0 
0,30,60,0,0,0,0,0,0,40,0,0,0,0,65,85,55,0,20,0,0,0,0,0,20,25,0,50,0,15,0,35,0,25,35,0,0,0,45,40,55,0,0,15,0,0,0,0,0,0,45,0,0,0,0,70,0,0,0,0,0,0,0,0,75,15,0,20,0,0,70,0,55,70,45,0,55,0,0,0,0,0,0,0,60,25,35,30,0,35,0,30,55,0,25,0,0,0,0,55,60,0,55,0,0,65,30,0,0,0,0,0,55,0,85,45,0,60,85,0,0,0,25,0,30,0,0,75,0,20,0,0,0,85,0,0,85,0,0,0,0,0,0,0,65,85,0,0,0,45,30,80,40,0,35,0,0,0,75,50,15,25,45,0,40,80,0,0,15,0,0,55,0,30,20,0,30,0,0,0,0,0,0,0,0,25,0,0,0,0,0,0,0,45,40,0,0,0,15,15 
15,0,80,0,50,0,80,0,70,0,0,0,0,0,0,30,60,0,0,0,0,0,0,0,15,0,60,20,80,0,0,0,70,0,0,0,0,0,0,0,30,0,20,65,0,60,0,0,45,35,0,0,20,0,0,75,0,25,0,0,30,0,60,0,0,70,0,0,0,0,0,0,50,0,0,45,75,50,25,15,0,85,85,0,0,0,75,0,70,25,0,0,0,0,0,0,65,85,0,0,0,85,0,0,0,0,0,80,0,50,0,0,0,0,80,75,70,0,0,85,70,0,60,70,0,75,80,0,0,0,0,0,0,0,0,0,30,40,0,80,0,0,0,0,15,0,55,0,0,0,50,30,80,0,0,70,45,0,60,0,0,0,0,0,75,0,25,0,25,15,35,0,0,25,70,25,0,0,0,0,0,0,0,0,0,55,0,0,0,45,0,80,60,0,0,0,80,0,60,60 
45,0,0,0,0,0,0,0,80,45,0,0,0,0,0,0,0,45,25,25,15,0,0,0,0,0,0,0,0,0,0,65,0,0,65,0,35,0,0,50,60,0,60,0,70,0,85,40,0,45,20,0,0,0,25,0,0,65,0,15,50,0,40,0,0,60,0,85,0,0,0,25,80,55,0,0,80,40,0,0,80,0,65,0,0,75,0,0,35,0,0,15,35,40,0,20,0,0,0,75,20,0,0,70,0,0,0,60,80,0,50,0,30,70,0,55,0,0,0,0,0,45,0,45,40,0,0,0,30,65,0,50,0,0,15,0,40,0,0,65,15,30,0,75,0,0,0,85,0,0,55,85,35,0,0,0,0,0,0,0,0,20,40,0,25,0,0,70,0,0,0,0,0,65,0,0,0,85,0,15,70,45,80,0,0,75,45,0,0,0,0,25,0,0,0,25,0,0,0,0 
60,15,15,0,0,0,20,85,0,0,0,0,0,0,60,85,0,0,80,0,0,80,35,0,0,0,0,0,35,35,70,0,25,0,0,0,0,0,30,75,65,15,0,0,0,0,45,0,0,0,70,0,15,85,0,0,0,0,0,30,20,0,30,0,35,0,60,75,70,15,0,40,0,60,0,30,40,85,45,80,0,0,0,0,0,0,0,55,0,0,0,40,0,0,80,0,0,60,0,85,45,25,55,45,0,0,35,0,85,0,40,45,0,65,0,0,0,40,0,0,0,60,0,20,0,30,35,15,0,0,55,0,15,55,0,0,0,35,0,0,0,0,20,0,20,0,20,0,0,0,0,25,0,85,0,0,0,60,0,0,45,0,40,0,0,25,45,0,0,0,0,0,0,0,30,0,0,20,0,0,0,40,55,20,70,80,20,0,0,45,20,0,85,0,0,0,0,75,0,70 
0,0,30,45,0,0,0,0,0,0,65,0,0,60,0,0,65,0,0,0,0,0,0,0,0,60,0,0,45,0,0,0,40,0,45,55,0,0,0,80,0,15,0,75,0,0,0,45,35,55,0,65,0,0,0,0,0,15,0,0,35,0,0,0,30,0,70,35,0,15,20,0,65,75,0,30,60,65,0,0,50,20,0,85,0,0,85,60,0,0,0,0,85,0,60,65,15,25,0,0,0,80,0,0,0,35,0,0,30,0,0,0,0,0,35,0,0,65,0,0,80,0,80,45,0,0,0,60,0,0,40,85,0,0,0,0,30,0,0,0,0,0,0,0,0,0,0,70,0,0,0,0,0,0,0,0,0,0,0,0,30,0,0,65,55,25,0,75,35,0,0,0,0,0,0,0,75,0,0,40,0,55,0,50,0,0,0,0,0,55,0,0,0,0,0,0,0,0,0,0 
65,0,0,0,0,50,0,0,0,40,85,30,0,85,0,0,0,0,0,50,0,0,55,0,0,0,0,30,0,0,0,0,0,0,40,0,20,50,25,0,0,0,0,85,0,0,0,0,0,0,0,70,80,0,0,50,70,60,35,30,50,0,25,50,0,50,0,0,0,0,0,85,55,0,80,60,0,0,0,85,60,20,0,15,0,0,0,0,70,80,0,0,0,35,0,0,50,0,35,50,35,0,0,20,0,85,45,80,45,0,30,0,0,0,80,30,0,0,45,0,0,0,0,30,0,0,45,0,75,0,0,60,0,50,0,0,0,0,0,0,0,0,55,65,70,25,40,45,0,0,0,0,0,85,0,0,40,65,0,0,50,15,0,0,20,85,0,55,0,0,25,0,0,0,0,20,0,0,0,0,70,45,0,0,0,0,20,0,0,0,20,35,85,0,0,55,85,0,80,50 
60,40,40,0,0,35,0,75,0,80,55,60,0,0,65,0,0,0,60,85,0,20,55,0,0,0,60,70,0,0,15,35,45,0,0,45,0,30,80,0,80,0,0,0,0,0,0,80,50,85,0,0,0,0,25,0,55,70,0,0,20,0,80,0,0,65,75,45,0,50,0,0,0,0,20,0,0,0,0,0,60,0,15,0,0,0,0,0,70,0,0,0,0,0,20,0,0,40,0,0,0,0,25,0,0,0,0,50,0,0,30,15,0,80,0,0,65,0,0,0,15,60,0,25,0,0,0,0,0,0,15,55,70,0,85,0,75,85,70,0,50,0,0,0,0,15,0,0,0,45,70,0,0,0,45,0,80,0,0,60,75,0,0,60,60,0,0,70,0,40,0,25,25,85,55,75,0,0,0,0,0,0,0,20,60,0,0,25,0,0,0,0,0,0,20,0,0,0,50,0 
0,0,0,50,0,65,0,0,0,0,0,0,45,0,0,0,0,0,0,0,0,0,65,0,85,0,0,0,75,0,0,20,50,0,25,0,0,70,0,0,0,0,20,0,60,40,0,70,75,35,0,40,0,80,0,0,0,45,0,0,0,0,0,0,0,0,25,20,80,0,0,0,60,0,80,0,0,0,0,50,0,0,60,65,35,0,15,75,0,15,0,50,0,0,0,0,60,75,0,0,0,0,0,0,20,0,85,0,55,0,0,0,0,65,0,0,65,0,20,0,45,0,0,65,0,0,60,0,0,35,30,0,0,0,20,0,0,0,75,0,60,0,0,0,70,0,65,0,0,0,0,0,0,0,0,55,0,60,25,0,60,50,0,35,0,35,0,15,0,25,0,0,0,0,30,0,0,0,80,40,0,0,0,0,0,25,0,0,0,0,0,0,30,0,0,0,0,70,55,0 
15,65,0,35,40,0,65,0,0,30,20,0,25,80,0,0,60,0,0,0,0,0,0,0,0,0,0,65,0,0,0,0,25,0,0,0,85,35,15,0,65,70,0,0,70,0,85,0,50,80,25,0,60,40,75,0,35,75,35,0,80,65,0,0,0,0,0,75,80,0,65,0,70,0,0,0,0,0,0,50,25,0,0,50,0,0,0,0,70,0,65,0,30,0,75,0,25,45,0,45,35,45,0,0,50,0,15,0,50,35,25,0,0,35,0,0,45,0,50,0,80,0,0,70,40,85,25,85,0,0,0,35,0,0,0,0,0,20,45,40,0,0,0,0,0,15,65,0,0,0,75,15,80,0,75,0,0,55,80,85,65,15,60,0,75,0,0,0,0,0,0,45,0,30,0,0,0,85,75,0,30,0,60,0,0,20,0,0,0,20,0,0,0,0,0,60,0,0,0,65 
0,0,75,55,0,0,0,0,0,0,0,0,25,0,0,50,85,0,0,0,30,0,0,0,0,60,30,0,0,0,50,55,0,0,0,70,35,0,30,0,0,0,0,20,60,0,20,0,50,25,60,60,55,0,0,75,20,20,0,0,35,20,0,80,70,75,40,0,15,0,0,0,40,0,0,55,25,0,0,0,0,0,70,0,0,0,75,0,70,0,0,0,0,0,0,0,0,0,0,0,0,0,0,75,0,0,45,15,80,40,15,0,0,0,0,0,65,50,0,0,0,35,0,85,0,0,0,70,0,65,0,65,0,65,0,0,0,60,50,0,35,55,0,75,0,0,15,85,0,0,0,0,60,0,0,25,15,15,20,0,0,0,0,60,0,80,80,40,0,0,0,55,0,50,55,0,20,0,0,0,65,0,0,0,0,0,0,0,0,0,30,25,80,0,15,0,85,85,0,55 
40,0,0,0,20,50,20,30,55,0,0,0,15,0,0,0,0,0,0,30,0,0,0,0,35,80,0,0,0,0,40,55,75,0,0,45,0,0,0,0,80,50,0,80,25,0,0,30,0,25,40,0,0,0,0,50,0,0,0,0,50,0,0,25,0,0,0,0,80,0,45,0,0,0,0,50,0,0,45,0,0,0,0,45,0,45,45,0,0,15,0,0,50,15,20,0,0,50,0,0,0,65,85,40,0,0,50,15,35,65,50,0,0,15,0,0,0,0,25,0,0,0,0,0,65,0,0,0,70,55,0,0,0,0,55,30,0,65,0,0,0,45,0,0,15,0,0,75,0,85,40,0,0,0,0,20,0,65,0,0,0,0,0,40,85,0,0,30,0,0,0,0,50,15,0,15,0,0,0,0,0,0,50,45,0,0,30,35,40,30,0,0,0,0,0,80,0,0,70,35 
0,0,0,0,0,0,0,35,65,0,0,0,0,80,0,0,20,0,0,0,0,0,0,0,0,60,60,55,40,0,0,0,0,0,0,35,0,0,25,0,0,60,60,40,0,0,0,25,0,0,0,0,35,0,0,30,80,0,15,0,0,0,65,0,0,0,35,0,0,30,0,40,15,0,40,0,80,30,0,0,40,15,45,0,0,85,0,45,25,0,0,80,0,0,85,0,0,15,20,0,20,0,70,0,65,45,55,0,0,60,0,45,0,70,85,0,85,35,50,0,25,45,0,0,45,0,50,0,35,45,0,0,0,0,15,0,0,0,35,0,50,0,0,0,0,65,0,75,0,0,0,0,0,0,0,25,0,0,60,75,40,0,30,0,75,0,85,0,0,50,0,40,0,0,55,25,0,0,0,0,0,55,0,0,25,55,0,0,0,40,0,45,0,85,0,0,0,45,0,15 
85,70,0,0,0,0,0,0,45,45,0,0,0,35,0,55,55,65,0,0,0,0,0,0,25,0,0,0,0,50,65,45,85,0,0,65,80,85,80,0,0,0,0,40,0,0,0,0,85,0,0,70,0,85,20,60,0,80,0,0,15,0,0,0,0,0,0,0,0,0,0,0,15,0,0,20,0,30,0,45,40,60,0,50,0,75,0,0,0,0,0,45,30,0,15,25,0,0,25,75,50,20,0,45,0,75,30,50,70,0,85,0,80,50,65,65,0,0,0,75,65,0,85,0,70,0,0,50,0,0,0,0,0,70,0,0,55,0,30,15,20,0,0,60,0,70,0,0,30,0,0,0,0,0,25,70,0,0,35,60,0,0,0,0,20,0,0,75,30,0,0,35,65,0,30,20,60,0,70,75,15,0,0,70,50,0,65,0,0,0,25,50,0,85,0,0,0,45,65,0 
85,0,0,0,0,65,60,0,0,75,0,0,0,0,0,0,0,0,0,0,0,0,0,0,0,15,0,0,0,80,0,0,30,25,0,0,0,0,70,0,0,25,0,0,0,45,70,0,0,0,65,0,0,65,30,0,50,0,0,85,25,65,40,0,0,0,0,15,15,0,0,0,0,0,0,0,85,0,0,0,0,0,0,0,80,0,0,80,0,65,15,35,0,0,50,0,0,45,50,15,0,0,35,60,0,45,0,0,0,0,0,40,0,0,25,0,65,0,75,50,75,0,45,15,65,20,40,25,0,0,70,0,0,0,0,0,35,80,30,0,0,70,30,65,0,0,60,0,85,80,20,0,0,0,0,0,0,70,20,0,0,45,55,20,0,0,55,0,60,25,0,0,20,0,35,0,85,0,0,20,60,55,45,80,35,0,20,15,0,0,70,0,75,0,0,0,65,0,0,0 
85,0,0,0,0,0,0,0,60,15,20,15,0,0,0,0,0,85,0,0,35,0,25,0,0,15,50,0,0,0,20,0,45,0,0,0,0,70,70,0,0,15,0,35,0,30,0,0,50,0,0,0,40,60,0,35,0,0,0,0,0,20,0,0,0,75,0,50,80,0,0,0,30,0,70,0,0,30,80,0,55,85,0,0,60,0,0,15,0,0,0,65,0,70,0,40,0,75,0,0,80,0,25,0,0,75,0,0,70,0,55,0,30,0,0,60,0,0,80,0,0,20,0,0,75,0,0,70,15,0,60,15,0,0,0,0,20,0,85,0,0,0,0,0,0,0,0,0,0,0,0,55,0,25,50,20,0,35,0,45,25,60,65,0,0,0,60,0,0,0,0,50,0,0,15,60,0,85,0,45,0,0,0,25,40,0,35,0,65,0,0,0,0,0,0,55,0,0,25,80 
35,70,0,0,0,30,75,0,0,0,25,0,0,0,60,0,0,0,0,60,80,60,0,15,15,0,65,0,0,0,0,0,0,0,75,0,0,45,75,35,0,0,0,0,20,0,0,0,0,40,0,0,0,0,25,0,50,0,0,0,0,0,0,45,0,35,0,80,0,0,55,0,0,80,70,0,60,0,45,0,0,0,0,80,20,0,0,35,0,65,0,0,0,0,65,0,0,35,85,0,55,0,0,30,0,65,15,0,15,0,0,25,55,0,0,0,0,0,0,35,30,35,0,0,0,0,0,35,0,0,0,0,20,0,30,0,0,0,0,0,0,75,15,0,0,40,0,40,85,40,60,0,0,0,30,65,0,25,80,0,85,15,0,0,25,0,0,0,0,55,0,0,25,0,20,15,30,0,0,0,35,80,45,25,40,70,0,40,0,0,20,0,20,50,65,0,0,65,55,0 
0,0,65,0,0,60,35,20,65,70,0,60,0,0,0,0,60,0,0,30,0,60,0,0,50,65,0,40,45,0,0,0,30,0,0,15,0,60,0,35,0,0,0,15,0,0,50,60,45,0,0,0,0,0,45,0,0,0,0,0,55,85,0,25,60,0,70,45,0,0,0,0,15,60,70,0,0,0,0,0,65,0,0,80,85,0,45,0,0,0,0,0,0,0,0,0,0,20,0,0,75,65,0,0,75,60,0,25,35,0,0,75,0,0,65,0,0,0,30,30,0,0,0,55,0,0,0,20,0,35,0,50,50,0,0,0,50,0,45,50,0,0,15,20,0,75,0,0,40,0,65,80,60,30,0,0,20,40,0,55,20,20,15,80,0,0,0,0,0,0,0,15,0,0,0,0,80,0,80,0,0,70,15,35,75,0,0,0,0,35,20,0,0,0,0,30,0,0,55,65 
0,20,0,75,0,35,50,0,0,0,50,20,0,0,0,30,70,0,65,0,0,55,0,0,0,0,40,0,0,0,0,40,40,0,0,0,0,0,85,45,75,0,0,0,55,0,0,60,0,20,0,80,0,0,65,0,0,35,0,0,0,0,0,0,0,65,0,0,0,75,75,0,0,0,0,0,25,30,0,0,0,0,15,35,0,25,0,55,85,0,0,0,35,0,65,75,30,65,0,65,0,0,0,0,0,0,40,0,0,0,0,85,35,0,55,0,0,55,0,0,75,0,0,75,0,0,25,0,0,0,0,55,0,0,0,35,85,85,55,85,40,0,15,0,70,30,0,45,25,85,0,55,0,15,0,0,30,0,0,0,0,0,0,0,0,0,35,0,0,85,0,20,20,0,0,55,20,0,0,65,0,0,30,0,85,0,20,0,0,0,0,0,0,0,0,30,0,0,55,0 
0,0,0,75,85,0,0,80,0,0,0,80,0,35,45,0,0,75,0,0,0,40,0,0,0,0,45,0,0,75,0,0,25,65,20,0,0,0,0,0,70,0,0,20,0,50,0,60,20,15,0,15,75,40,0,75,0,35,20,0,25,0,0,55,0,0,0,0,40,85,0,0,0,0,0,0,0,50,0,0,30,55,0,20,0,45,25,0,0,70,55,60,0,0,0,0,0,25,0,25,0,0,0,70,0,25,30,0,40,0,65,0,0,0,60,0,0,65,0,0,35,0,25,0,0,0,0,0,0,30,40,55,0,0,15,0,75,0,0,0,0,80,50,40,0,0,0,70,35,0,0,40,50,80,0,0,20,0,0,0,55,0,60,0,70,0,40,0,55,0,0,25,0,35,85,45,70,70,0,45,0,0,0,0,30,0,0,0,0,25,85,0,50,0,0,0,0,0,45,30 
0,50,80,0,0,65,85,65,75,0,15,0,0,35,0,0,0,0,0,0,0,0,50,80,0,0,0,0,75,0,0,85,0,70,30,0,0,25,0,25,0,0,40,0,0,0,40,40,0,0,0,25,20,40,0,0,0,75,0,45,0,0,85,55,0,70,55,0,60,0,0,25,0,20,0,0,50,0,0,0,0,0,55,0,0,0,45,0,0,0,0,0,0,60,15,0,0,20,35,0,0,70,0,30,85,0,0,0,0,15,0,0,15,0,0,0,50,0,0,80,0,0,0,60,0,0,0,0,70,0,60,80,0,0,0,0,0,50,0,0,75,50,0,45,0,0,0,0,55,0,0,0,50,0,45,0,0,0,0,0,65,70,0,0,0,45,75,30,65,0,0,20,0,0,0,0,70,0,85,0,0,30,0,30,0,65,0,0,55,0,45,0,0,40,0,0,0,0,85,0 
80,0,20,65,0,0,45,30,0,50,0,0,0,70,0,0,15,0,0,50,40,0,65,0,20,0,0,0,0,0,0,0,0,0,0,20,0,0,85,0,0,25,75,15,70,50,0,0,0,0,15,65,65,0,0,0,45,0,65,0,0,0,35,0,0,0,55,0,0,0,0,0,45,40,0,45,0,0,0,0,0,15,0,0,0,0,80,0,0,0,25,0,0,0,0,0,0,55,15,75,0,0,0,0,65,30,0,0,0,55,0,0,0,0,0,0,45,0,85,0,60,25,0,0,0,0,70,30,30,0,0,0,0,65,0,0,30,0,0,0,0,75,15,0,0,0,0,80,75,0,65,35,0,0,50,0,0,0,60,0,15,0,40,0,65,70,0,50,0,50,0,25,25,25,65,0,0,20,0,0,0,0,0,25,0,0,0,0,15,0,0,30,0,0,15,55,30,0,0,0 
0,35,0,0,0,80,0,0,20,0,35,0,65,0,0,0,35,20,0,55,55,0,45,0,0,0,0,40,0,85,0,0,0,0,0,0,50,40,30,65,0,0,0,40,70,0,0,0,40,0,0,20,0,60,0,0,0,60,0,0,40,0,40,0,40,0,0,20,0,0,0,0,0,70,40,85,25,0,75,0,0,0,65,0,0,0,0,0,0,0,0,20,0,0,0,80,15,0,70,0,20,0,0,0,0,50,0,60,25,85,30,45,45,50,70,0,65,0,55,0,0,0,60,0,0,0,0,0,0,60,60,35,0,0,45,0,0,60,30,0,25,0,0,0,0,20,0,40,0,0,0,65,70,0,0,40,0,0,25,55,85,55,50,75,0,35,0,25,70,0,0,45,0,0,60,0,0,0,0,25,0,20,0,0,0,65,0,0,75,45,0,0,0,0,0,75,65,0,0,35 
0,0,0,85,0,35,0,0,15,25,0,70,0,25,40,0,45,50,25,0,75,0,85,30,45,0,30,40,25,0,0,0,0,0,0,60,85,75,0,60,45,30,0,0,70,45,75,65,0,0,0,0,0,0,0,80,0,80,40,0,0,15,20,0,65,40,15,85,0,60,30,0,85,85,25,0,0,55,30,0,35,0,0,0,0,40,0,40,0,0,25,50,0,45,40,80,0,0,85,0,0,0,0,0,0,40,0,0,70,20,65,0,0,0,75,0,15,0,65,0,0,40,15,15,75,0,35,0,80,0,70,0,0,0,0,0,60,0,0,40,0,25,50,0,0,70,0,0,0,35,85,0,0,0,0,85,40,0,0,0,0,0,0,0,60,15,0,0,0,40,0,0,0,35,65,0,0,50,20,50,70,0,75,15,55,0,70,45,0,80,0,0,60,0,15,0,0,0,0,0 
70,0,55,0,15,50,30,65,0,0,25,0,0,0,0,0,0,0,0,0,0,0,0,25,0,0,0,0,65,70,0,0,0,0,65,0,65,40,0,0,15,45,40,0,0,0,70,0,0,60,70,40,25,0,0,0,70,15,70,0,0,0,0,0,0,0,85,0,0,0,15,75,60,0,0,0,65,0,15,55,80,0,0,0,15,0,0,0,25,0,45,0,60,25,20,40,50,0,0,0,0,30,0,0,65,70,60,0,0,20,0,40,0,0,80,45,0,0,20,0,65,0,30,0,0,0,30,0,45,0,15,0,35,55,0,35,0,0,0,0,0,75,0,55,0,0,65,20,15,0,85,25,45,0,0,45,0,0,0,0,0,0,0,80,0,30,0,0,0,0,0,60,50,0,0,75,0,0,15,0,0,0,0,0,0,65,0,65,25,0,25,85,0,0,0,0,0,75,0,70 
0,15,0,75,25,25,25,0,0,55,35,0,65,0,45,40,0,25,0,0,0,0,0,0,0,75,0,0,20,30,0,0,0,65,0,0,50,0,0,0,30,0,25,45,70,0,0,75,0,0,0,0,25,0,0,0,0,20,0,50,0,0,25,65,15,0,25,30,0,20,15,0,0,0,85,60,0,0,35,0,0,0,0,45,0,0,0,75,0,85,15,30,40,65,0,45,0,35,50,40,0,20,40,60,0,0,80,0,0,0,45,70,0,0,0,15,0,0,15,0,0,0,40,75,0,0,0,0,0,55,35,40,0,20,85,35,0,25,0,15,0,0,60,40,0,80,0,60,0,0,75,0,0,0,35,0,70,60,60,0,45,0,0,0,30,0,20,70,65,35,0,0,0,75,0,0,75,0,60,0,0,20,50,0,0,65,0,0,0,0,40,0,0,0,0,25,0,0,0,0 
0,65,0,0,0,75,0,50,0,0,0,0,0,0,55,0,45,0,0,70,45,35,65,0,0,0,15,0,0,0,20,0,60,0,0,0,0,35,0,0,0,0,70,0,40,0,0,0,20,0,85,0,0,0,20,0,0,0,0,60,0,70,0,25,0,55,30,0,35,0,25,35,0,0,55,0,0,0,65,0,40,15,25,0,0,0,0,0,85,85,85,50,35,30,0,0,0,40,0,40,85,0,75,80,0,0,0,85,0,50,0,0,75,15,85,0,0,0,0,50,60,45,0,45,0,80,70,50,15,80,25,0,0,20,20,0,0,0,0,0,45,15,0,0,30,15,0,15,0,0,85,0,0,25,0,0,80,0,20,45,0,0,0,0,25,15,70,80,0,0,0,85,0,0,0,0,0,0,20,0,50,0,0,0,0,50,80,20,70,0,60,0,65,65,0,70,0,30,0,50 
65,0,65,0,0,75,55,0,0,30,0,0,35,0,0,20,0,0,85,35,0,0,80,0,0,0,0,0,0,0,0,50,85,65,50,0,0,0,0,0,0,0,0,50,0,0,0,0,35,85,0,0,0,0,40,0,0,20,0,0,0,0,0,0,0,0,0,75,40,80,0,0,55,0,55,0,85,0,50,0,0,0,0,0,0,0,50,0,0,80,20,40,0,60,65,0,0,0,0,15,0,75,15,35,0,70,0,0,15,65,0,15,25,0,0,0,80,25,50,0,0,0,0,55,35,80,0,85,55,50,25,55,0,0,0,0,65,0,65,0,0,0,15,60,0,0,70,0,0,0,80,20,0,0,35,30,50,75,70,0,0,75,0,80,25,0,65,50,0,0,75,60,0,0,80,0,0,25,0,85,0,0,0,0,0,50,65,0,0,0,0,0,55,0,0,0,0,0,0,20 
0,0,20,20,20,0,40,0,0,0,0,0,0,0,0,50,30,70,35,0,0,0,85,0,70,45,60,0,0,25,0,40,75,40,0,35,0,0,50,0,50,15,0,0,0,0,0,0,0,80,0,45,20,0,0,0,0,35,0,0,0,15,0,0,0,0,0,0,0,0,30,75,80,65,0,0,0,45,0,0,0,60,0,30,0,0,35,0,0,0,0,55,0,0,75,0,65,75,0,40,0,0,20,0,0,0,25,0,60,0,0,0,0,20,0,20,35,0,55,0,70,0,0,75,55,0,0,60,0,25,85,75,0,75,0,50,25,70,50,60,15,60,0,70,25,60,0,0,0,0,80,0,0,30,65,0,45,0,0,0,0,0,50,0,40,0,0,0,0,0,0,25,0,80,0,35,75,0,55,0,60,50,0,0,0,0,0,0,0,0,25,0,65,0,35,25,85,65,50,0 
85,55,0,35,0,75,50,0,0,0,45,0,0,30,0,25,80,0,15,30,0,25,80,70,70,75,0,85,0,0,85,30,0,0,0,0,0,50,0,0,0,0,0,30,0,0,75,15,0,0,0,0,0,0,0,0,0,0,0,75,0,0,75,0,0,0,0,45,65,0,0,0,0,0,0,0,0,0,45,50,0,15,35,0,60,0,55,0,35,55,25,30,60,0,65,0,0,0,65,45,85,0,0,0,0,20,0,65,15,0,0,60,0,25,0,55,0,0,0,50,0,0,0,0,50,0,0,15,0,0,70,0,0,80,20,70,15,0,55,65,0,0,0,55,0,0,0,0,0,20,60,35,0,0,0,0,0,0,0,0,70,0,65,0,0,85,0,70,70,0,0,35,0,0,70,0,0,80,45,20,55,0,0,0,0,0,0,85,45,45,0,0,0,0,80,40,55,0,0,0 
15,0,0,0,75,70,30,0,0,0,40,0,50,75,80,0,0,0,0,0,0,0,0,0,0,35,35,45,0,25,0,65,60,0,0,0,0,0,0,0,0,50,70,0,0,0,0,0,0,0,0,55,0,0,85,0,0,0,0,0,75,65,45,0,80,0,0,0,0,0,0,0,25,0,80,0,0,15,0,40,20,0,0,0,0,75,0,85,0,0,25,35,0,20,65,0,30,85,0,0,50,20,0,40,20,75,75,0,0,0,0,60,70,0,0,25,0,0,0,30,70,50,0,40,75,0,0,60,85,65,0,50,65,15,0,50,0,35,0,0,0,0,15,15,0,0,0,85,50,75,20,70,0,0,0,0,0,60,0,0,0,0,0,0,0,0,20,25,75,80,0,0,75,0,50,0,0,15,55,0,35,15,0,75,0,0,0,0,0,65,0,0,0,30,0,30,0,0,0,0 
0,0,65,0,75,20,0,45,0,15,55,30,60,65,0,0,80,0,65,0,80,0,0,0,0,0,0,75,70,0,0,0,45,15,30,0,0,50,0,0,0,30,70,15,80,0,0,0,40,0,0,65,0,85,20,55,0,0,0,0,85,65,0,0,0,0,75,0,40,75,0,70,0,0,35,45,20,55,0,0,65,80,35,0,35,75,0,0,0,0,0,65,50,0,0,0,45,35,0,0,60,20,0,15,0,70,0,50,0,65,35,0,0,80,0,55,65,0,50,55,0,75,20,85,0,65,0,0,0,20,70,85,40,40,0,70,65,55,0,0,0,55,80,40,0,0,20,80,85,0,30,0,0,25,0,70,0,50,0,20,0,0,35,0,55,30,0,0,0,0,0,75,0,0,45,0,0,0,0,65,30,20,0,0,40,80,50,45,0,50,0,0,0,0,55,0,0,0,0,35 
70,55,35,0,85,20,0,45,15,0,0,0,0,15,15,0,0,0,70,0,50,60,0,25,15,0,0,0,0,0,25,0,30,45,0,0,0,15,0,50,30,0,0,65,0,40,0,0,0,75,0,0,0,50,80,85,50,0,0,0,35,0,85,0,0,0,25,0,0,45,0,45,0,15,45,55,0,65,0,15,30,40,0,0,0,0,20,15,0,80,0,0,0,0,0,0,0,35,0,35,0,0,45,0,65,0,0,70,0,0,80,0,30,0,70,45,0,80,0,0,45,0,0,0,25,20,0,15,0,0,0,30,0,80,0,60,0,15,0,0,70,0,45,30,30,0,0,45,0,0,70,30,0,0,60,0,25,20,0,0,45,0,0,0,65,0,50,80,20,0,40,20,85,25,0,50,70,0,55,35,0,0,0,40,25,45,50,65,0,0,80,0,70,60,0,85,55,75,0,0 
0,0,0,0,0,75,45,15,0,20,0,20,60,0,0,0,0,20,0,0,0,60,0,0,0,0,0,0,0,40,75,0,0,40,25,70,0,0,0,70,70,0,0,0,25,0,0,60,0,0,85,0,0,80,0,0,35,15,0,40,0,0,85,0,0,65,75,0,80,0,85,0,35,0,25,0,0,40,15,0,60,15,50,0,0,0,0,55,40,20,0,0,45,0,80,25,65,0,20,50,0,15,55,25,0,0,85,45,0,0,50,70,0,0,85,0,35,0,0,75,35,35,55,0,0,0,65,40,0,20,0,0,75,80,0,50,0,0,0,0,0,0,0,0,75,0,0,55,40,0,70,75,15,0,0,45,30,0,0,75,0,0,60,85,80,60,0,0,80,0,0,0,0,0,0,55,0,65,25,0,35,80,0,0,45,0,65,0,45,0,50,60,0,0,0,0,75,85,40,0 
0,0,85,0,0,0,75,30,0,0,15,65,0,0,75,85,0,0,0,20,80,40,40,0,35,0,15,0,20,0,15,40,0,0,45,0,50,0,30,0,15,65,0,0,70,0,50,0,0,60,0,0,70,30,0,0,15,0,0,45,0,0,0,0,0,0,80,0,0,25,0,0,0,0,0,25,0,80,70,0,0,60,0,0,0,50,80,0,0,0,30,0,60,0,0,0,0,80,0,30,0,0,0,25,20,0,0,0,0,0,60,0,0,0,45,0,70,0,0,40,0,70,0,25,0,0,40,0,0,0,0,75,0,15,75,70,0,0,0,0,0,0,0,70,0,0,0,60,0,0,0,0,35,0,0,20,20,0,0,20,0,0,0,0,0,0,0,50,20,50,0,0,0,70,0,0,65,35,45,80,70,0,0,15,0,0,60,25,0,0,0,40,0,85,35,0,35,0,0,0 
65,0,85,0,65,0,0,0,0,0,0,0,70,0,0,0,0,60,70,60,25,0,0,0,0,20,0,55,0,0,70,70,70,0,70,40,0,0,0,0,80,0,25,70,0,0,75,60,0,65,75,0,0,70,0,0,0,0,0,0,0,0,0,80,65,0,0,0,0,0,35,75,15,0,80,0,0,0,0,0,0,0,45,70,0,0,0,0,15,85,45,0,0,0,55,0,0,50,60,0,0,0,50,65,75,0,25,0,0,70,50,0,20,0,45,0,0,50,40,0,75,80,0,0,0,75,0,0,0,0,35,0,80,45,75,0,65,60,60,45,80,0,20,45,0,0,80,35,0,0,0,0,0,50,35,40,0,0,0,0,65,0,35,0,40,35,0,50,30,0,45,35,0,0,0,0,0,35,0,50,0,30,15,0,45,0,0,45,0,0,0,30,0,0,0,0,0,0,80,20 
0,0,85,75,0,15,0,0,70,65,0,60,0,0,0,0,0,40,0,0,0,0,0,45,30,0,0,0,50,0,50,0,45,0,0,0,0,0,0,0,0,40,0,0,0,0,0,0,0,0,30,75,0,0,0,45,55,0,0,0,0,0,0,0,50,0,0,0,0,0,0,0,0,75,65,85,0,35,0,20,0,0,0,40,50,0,0,0,0,0,40,0,0,85,0,0,40,60,75,0,0,65,20,0,85,55,60,0,0,40,0,0,65,0,0,35,25,50,0,0,0,0,0,80,0,0,55,0,0,80,0,50,80,75,0,50,0,0,35,0,0,40,0,0,75,35,0,0,0,0,45,0,20,0,0,0,0,0,0,50,85,40,0,0,0,0,0,0,0,0,0,25,30,0,25,0,0,55,0,0,70,20,80,75,0,15,0,0,0,85,75,25,0,0,0,65,0,0,0,0 
15,0,0,0,0,0,80,0,0,20,0,0,85,45,0,0,0,0,85,20,0,0,0,70,0,0,50,0,0,40,0,0,75,70,0,0,0,0,75,0,0,0,0,50,75,0,0,0,0,40,0,0,65,0,85,55,0,0,70,55,0,25,0,0,25,70,55,0,0,15,85,0,25,85,35,45,0,0,0,55,0,0,0,15,0,0,85,85,0,0,0,0,0,70,0,30,15,0,0,0,45,0,0,0,0,0,65,15,0,0,55,80,0,40,0,70,0,0,0,0,0,0,0,0,0,0,75,0,80,0,0,50,15,0,0,0,30,0,15,55,0,75,0,85,70,40,0,0,80,65,20,15,0,0,0,0,0,0,80,0,80,0,0,25,85,0,35,65,0,0,0,85,0,0,0,0,50,0,0,0,0,0,0,0,0,0,0,0,55,55,0,0,55,0,0,0,0,0,20,0 
0,25,0,0,0,0,60,0,20,0,0,0,40,0,45,0,80,70,0,0,30,25,0,0,0,0,60,60,60,40,0,0,65,0,75,0,0,0,15,0,0,0,60,0,60,0,0,0,75,0,0,40,0,50,30,15,0,45,0,0,50,0,0,50,0,40,0,30,70,0,0,0,60,50,0,0,0,0,70,20,80,0,25,0,80,0,0,75,25,0,85,40,0,0,40,85,20,60,0,0,45,70,0,0,0,0,0,60,40,85,75,0,0,85,0,40,55,0,40,0,0,65,0,60,35,75,0,0,30,40,0,0,70,0,80,0,0,0,0,0,25,0,35,0,0,35,70,40,50,0,0,0,0,0,0,0,25,45,30,0,0,35,70,0,20,0,0,0,0,80,0,15,15,0,0,60,0,0,40,40,30,0,0,0,0,50,0,40,0,0,80,0,20,60,0,0,75,0,0,75 
70,0,55,0,0,0,0,0,0,0,0,45,0,0,35,0,50,75,50,50,0,0,85,0,50,0,45,0,20,0,0,40,0,0,0,20,35,0,0,0,40,0,0,0,0,0,0,75,0,0,0,25,0,0,45,25,0,0,0,0,55,0,0,20,0,40,0,15,85,20,0,0,55,0,0,35,85,40,0,0,20,75,0,20,0,15,0,80,0,15,40,0,0,85,0,25,15,55,0,0,0,0,0,0,35,30,80,85,70,0,0,0,0,0,0,0,0,0,0,75,0,0,0,45,40,85,0,50,0,0,0,0,0,0,60,20,0,0,0,50,45,70,0,0,25,0,0,0,0,0,0,0,0,0,80,60,65,0,50,0,45,0,0,80,0,0,0,0,30,75,65,55,0,45,0,30,40,0,55,0,80,20,25,0,0,0,0,0,75,0,45,0,60,35,0,0,0,0,0,80 
0,0,0,0,65,0,0,0,30,0,0,35,45,0,55,0,85,35,80,25,25,0,0,0,0,40,0,20,15,0,0,0,0,60,0,0,85,80,0,0,0,75,0,60,65,0,40,0,0,0,0,40,45,0,20,75,0,85,0,60,60,0,25,0,0,0,60,0,0,0,0,30,0,0,0,0,70,0,0,15,85,85,0,45,30,0,60,40,0,0,35,0,0,0,60,0,0,0,0,0,55,0,0,0,0,65,40,75,0,0,85,0,0,0,0,0,50,0,0,70,0,0,0,60,0,0,0,40,65,85,0,0,0,0,0,0,0,0,70,15,0,0,0,0,55,15,0,0,0,0,0,0,0,0,0,80,0,0,0,0,0,0,25,55,0,50,0,0,0,0,0,45,20,0,0,75,0,0,0,0,50,0,0,0,45,0,0,0,75,30,0,0,50,0,0,0,35,0,0,35 
0,0,30,85,0,0,55,80,0,0,45,0,20,70,0,0,0,0,25,60,40,0,0,65,0,0,0,0,0,0,15,0,0,70,0,85,0,0,0,0,0,0,85,0,75,30,0,0,0,0,0,0,0,0,0,0,75,0,0,75,55,75,0,65,0,55,0,0,0,0,0,30,0,0,0,0,0,0,35,20,0,0,0,0,0,0,0,0,80,35,0,45,0,0,0,55,55,0,55,60,40,0,0,30,30,0,70,0,15,0,60,0,0,0,0,0,65,0,0,15,0,15,60,0,0,0,0,0,0,0,0,0,0,20,15,0,0,0,0,35,65,0,0,0,20,30,0,0,30,25,0,75,0,0,0,50,0,25,80,0,65,0,0,55,70,0,0,0,40,0,40,0,0,0,85,0,0,0,60,0,0,80,0,0,0,0,30,45,0,50,0,30,0,0,0,25,35,15,15,0 
0,0,0,0,0,0,0,0,0,0,0,0,0,0,65,70,0,40,0,60,0,0,70,0,0,0,0,80,15,25,65,20,0,40,0,0,0,45,0,55,65,0,0,0,0,75,0,40,25,40,0,0,0,55,0,60,0,0,45,0,0,0,65,65,50,0,0,0,0,0,0,0,0,35,70,70,0,20,50,0,0,0,0,65,70,75,40,75,20,0,0,0,35,30,45,80,85,40,0,0,55,35,15,0,0,0,0,50,35,0,0,80,50,0,0,35,45,0,0,20,0,0,65,0,0,30,0,80,35,85,75,0,0,0,55,0,25,40,40,0,0,0,35,0,85,0,0,0,0,35,0,0,0,0,0,15,15,70,30,0,0,0,0,0,0,30,85,0,0,60,0,0,0,0,55,0,0,60,0,0,0,70,0,0,0,0,0,0,0,35,0,55,0,35,0,0,15,50,0,0 
55,35,0,0,60,0,0,0,0,0,0,20,0,15,0,80,0,0,60,55,0,35,0,0,40,0,0,0,75,20,65,0,0,25,25,0,0,20,0,0,0,0,0,70,0,0,65,0,0,45,0,0,0,0,70,80,75,0,15,0,0,0,30,65,0,0,60,85,0,25,75,15,60,85,40,0,20,0,0,0,30,0,0,0,0,0,25,80,15,75,60,85,0,45,0,0,0,0,0,0,0,45,0,0,0,0,50,25,0,0,0,55,20,35,25,70,0,0,30,0,20,0,0,0,45,0,60,0,0,25,0,0,0,0,65,0,0,0,0,0,80,25,0,0,0,0,0,0,0,0,55,0,0,0,85,0,20,70,85,30,60,0,0,0,0,30,0,0,75,0,60,0,20,0,0,0,0,0,75,0,75,0,0,30,35,0,40,0,0,0,55,0,50,0,30,0,15,0,0,0 
35,0,0,0,0,45,0,50,0,0,0,0,0,85,0,0,0,80,40,0,0,0,85,65,60,0,0,0,40,40,0,60,0,0,0,0,0,0,0,0,85,50,80,30,70,0,0,50,0,0,0,55,0,0,20,0,35,40,0,25,0,0,0,0,0,0,30,0,70,45,0,0,45,0,20,35,65,35,0,25,0,0,0,0,0,0,0,0,70,0,20,0,0,0,0,0,0,30,60,0,0,0,0,55,0,40,0,0,0,20,0,0,0,35,50,45,50,0,80,0,0,0,0,35,0,20,0,0,0,0,0,65,0,0,0,0,0,15,0,55,0,55,0,0,20,25,0,0,0,30,35,0,0,0,0,60,0,0,75,0,0,50,50,0,35,25,0,0,20,55,0,0,0,0,80,25,0,0,0,65,50,20,0,0,0,0,70,25,0,30,0,25,0,0,0,0,0,0,20,0 
0,0,0,0,0,60,35,60,20,70,0,0,25,0,0,0,25,0,75,0,0,0,20,30,0,25,45,65,0,0,0,0,0,0,0,20,40,0,0,85,20,80,0,0,0,0,85,30,45,20,0,0,70,20,0,70,0,0,85,0,0,0,0,0,0,75,80,85,0,80,0,35,70,0,0,30,35,0,80,0,0,60,0,65,0,0,15,35,65,0,0,65,0,70,0,0,20,0,85,0,80,70,0,0,0,30,0,40,0,75,55,0,35,0,0,0,0,0,0,0,0,0,0,0,0,0,0,0,0,65,0,50,0,0,0,40,0,0,0,0,0,0,80,20,0,25,0,0,0,85,0,80,55,0,20,0,55,40,0,0,0,35,60,0,65,45,60,70,0,40,0,0,0,40,0,0,0,80,0,0,35,0,35,65,0,55,0,0,55,0,45,0,0,0,0,0,0,80,15,35 
0,0,0,0,45,0,0,0,0,40,70,75,0,0,0,50,0,0,0,75,50,30,60,0,35,0,0,0,75,0,0,0,80,0,0,0,0,0,0,0,55,85,0,0,0,45,55,15,25,75,0,60,80,0,70,0,85,0,0,50,55,0,85,0,0,0,0,0,20,0,65,0,20,0,35,0,80,0,85,0,0,0,85,30,15,0,0,60,0,0,0,0,25,0,0,0,0,0,45,0,0,0,85,0,0,0,0,0,70,0,20,0,85,35,0,35,85,45,0,65,0,0,30,0,0,0,0,60,40,0,0,0,0,20,55,70,20,55,45,0,55,0,0,0,50,0,40,0,0,75,0,75,0,0,0,65,0,0,20,60,0,30,0,75,0,75,0,0,0,0,0,45,85,0,0,0,0,15,0,80,0,35,0,85,0,45,65,25,0,80,35,0,0,0,0,35,20,0,25,30 
55,65,0,0,0,45,0,60,15,55,0,0,0,0,0,70,55,0,35,20,0,80,0,50,0,50,0,0,0,0,45,0,0,70,0,0,0,0,0,0,0,50,35,15,0,55,0,0,0,0,75,0,75,35,0,85,0,85,0,0,0,0,0,50,0,0,0,70,75,0,85,65,80,0,55,0,80,0,15,0,0,0,0,0,0,0,55,0,20,0,40,0,0,0,0,55,0,0,40,0,0,40,0,80,75,0,0,0,0,15,0,15,45,0,0,0,0,0,0,0,35,55,0,0,30,0,0,0,0,0,70,0,85,0,0,0,0,0,0,0,30,0,0,35,40,0,30,0,35,0,0,15,85,0,0,30,20,45,45,30,0,35,0,55,0,0,0,0,70,0,45,0,65,0,0,0,0,0,45,15,65,0,55,0,40,0,35,55,0,30,50,65,0,40,0,65,0,0,40,0 
0,30,0,75,80,0,45,0,0,0,0,25,65,0,15,60,70,45,75,20,0,0,80,0,0,0,0,35,35,75,0,60,80,15,20,0,20,35,0,0,0,0,15,0,0,0,0,45,0,85,0,0,0,40,0,0,85,0,0,40,60,40,0,55,0,0,0,0,0,65,0,0,80,0,0,25,0,0,0,0,0,70,0,85,15,20,0,80,0,85,60,0,0,0,65,0,35,0,80,0,0,35,0,0,85,25,25,0,0,0,0,0,0,20,0,0,0,0,60,0,75,0,75,15,0,50,85,85,0,30,40,0,25,0,55,35,0,65,75,55,80,65,0,0,80,0,35,60,70,50,30,15,20,70,0,25,0,0,50,0,70,20,15,85,0,0,75,0,30,20,40,0,0,85,55,15,0,0,65,0,55,0,0,70,0,0,0,50,0,0,0,25,0,0,0,0,0,0,0,60 
0,85,45,25,0,65,0,0,0,0,0,0,0,0,0,35,0,0,35,0,0,15,0,0,0,0,0,0,20,0,65,0,40,70,0,0,0,0,0,0,0,0,0,0,0,0,70,0,0,0,0,45,15,0,85,0,0,0,0,35,50,0,0,30,70,0,45,25,55,35,0,0,35,0,0,0,40,75,55,40,0,0,0,0,65,20,0,0,50,65,0,0,0,0,55,0,0,0,0,0,0,0,0,25,25,0,0,35,0,0,55,0,0,0,15,0,30,0,0,0,0,0,80,0,15,30,0,0,0,0,0,0,0,60,20,20,0,0,0,0,65,0,0,65,0,0,45,0,0,0,70,0,45,50,0,0,0,0,25,0,50,85,75,75,0,0,0,0,65,0,0,0,85,70,0,0,35,0,70,0,0,65,0,20,0,80,0,35,0,0,0,0,85,15,0,0,65,0,0,50 
0,0,85,0,0,0,0,0,0,0,0,0,15,30,0,30,0,0,0,0,0,0,0,85,0,0,0,0,0,45,0,0,0,0,50,60,0,0,75,0,0,0,40,45,0,0,55,0,0,60,75,0,0,25,0,50,0,40,35,0,0,0,0,50,0,70,0,0,65,85,0,65,0,30,85,0,0,0,0,0,60,0,0,75,20,0,85,0,0,0,35,0,0,0,0,80,80,15,15,0,0,0,55,30,0,0,0,55,0,0,85,85,60,0,0,50,0,0,0,0,0,0,0,0,50,0,75,60,0,0,0,0,70,0,35,0,0,0,0,60,0,0,0,0,75,0,0,0,0,0,70,0,0,0,0,0,50,0,0,0,15,50,0,0,0,0,0,0,40,0,0,75,50,0,0,85,30,0,0,35,0,0,20,0,0,70,0,0,0,0,0,0,50,0,0,45,0,15,0,60 
30,45,75,0,0,55,70,55,85,0,0,30,50,20,35,50,20,0,80,35,50,0,15,25,0,0,55,0,25,0,0,40,0,0,0,0,0,0,0,75,85,35,0,0,0,0,0,50,55,60,55,0,0,0,0,55,0,60,50,0,0,0,60,55,0,45,0,0,20,0,0,0,0,0,0,80,0,0,45,75,40,0,0,0,15,0,50,0,0,0,0,0,0,0,60,0,0,0,0,60,80,0,0,0,0,0,15,0,0,0,0,0,0,0,0,0,0,60,15,0,0,70,0,0,0,0,85,0,45,50,0,0,0,80,0,30,0,0,25,45,0,50,0,80,0,30,0,0,0,0,0,0,0,0,0,0,0,0,0,0,0,80,0,0,0,15,0,0,0,50,85,40,60,0,15,0,0,15,85,0,35,85,0,80,0,0,0,15,0,40,65,0,0,40,80,0,65,50,55,40 
25,0,0,0,0,35,0,0,0,0,0,0,0,0,0,0,0,0,65,20,0,0,0,65,20,0,85,0,0,0,0,0,15,0,0,70,0,15,0,65,65,0,0,0,0,0,25,0,0,0,75,0,0,0,0,0,0,40,0,0,0,0,0,0,0,0,85,0,0,25,0,0,0,55,0,50,0,80,0,0,0,0,0,0,0,15,0,70,0,75,0,15,55,0,0,60,0,80,40,0,0,0,45,0,0,0,25,0,0,0,0,0,20,0,0,45,0,0,0,0,70,40,0,0,50,0,0,0,0,40,0,85,80,0,35,80,0,65,0,0,0,0,85,0,0,0,0,35,50,0,0,40,0,50,0,0,0,0,80,0,0,75,0,40,0,0,75,0,65,0,0,0,75,80,70,0,65,0,0,0,0,60,80,0,0,0,60,0,0,0,25,0,0,0,0,25,0,0,0,0 
85,0,30,0,30,0,75,60,20,35,0,60,40,30,0,25,80,0,0,0,0,65,0,40,0,0,0,0,0,85,35,40,20,0,25,0,0,0,75,45,0,85,85,0,0,0,0,0,0,25,0,65,30,0,0,85,0,0,0,0,60,0,0,60,80,20,0,25,0,0,0,75,0,65,0,0,30,20,30,0,0,75,50,60,75,40,0,0,30,85,0,0,0,0,0,35,55,0,0,0,0,55,40,0,0,0,55,0,25,25,0,0,65,35,0,20,30,0,0,15,0,15,0,20,40,50,0,0,0,0,55,70,0,0,0,0,0,0,0,65,0,80,0,80,0,0,0,0,50,80,0,45,0,0,15,0,65,0,0,20,0,0,0,85,65,0,0,0,0,0,0,0,0,20,0,0,0,25,0,50,0,70,60,50,0,0,30,0,0,0,70,0,0,0,0,0,0,0,35,0 
45,0,0,15,15,0,0,0,40,55,0,0,0,0,0,50,0,0,0,80,25,0,0,0,0,45,25,0,55,55,0,0,0,0,65,25,0,0,0,0,0,0,0,0,80,0,0,50,20,0,65,65,65,0,0,0,50,55,30,50,55,0,60,0,0,45,65,0,0,0,0,0,45,0,0,0,55,0,40,85,0,20,0,0,85,0,0,40,0,20,0,0,0,0,0,0,15,60,0,60,0,45,80,0,15,45,0,0,0,30,0,0,0,65,0,70,0,30,50,0,35,20,0,0,0,65,0,0,45,0,0,50,0,0,35,0,75,20,0,0,55,0,0,30,0,35,55,0,0,0,0,50,0,30,0,0,25,0,55,55,0,70,0,0,0,0,0,35,80,35,0,35,25,0,40,0,0,0,20,0,20,0,0,75,0,0,0,0,65,0,0,25,60,0,0,85,0,65,0,0 
65,85,0,20,40,40,0,0,0,0,75,0,0,35,30,0,0,0,0,70,0,0,0,0,0,0,60,0,0,0,0,40,65,0,15,0,0,0,0,80,0,0,0,0,65,50,25,0,0,0,0,50,0,0,0,0,0,0,70,0,0,0,80,0,0,50,0,0,60,20,0,0,50,0,0,0,0,65,0,0,0,60,15,0,65,0,0,85,55,60,0,0,60,60,0,0,30,0,0,15,55,20,0,50,0,0,0,0,75,75,0,0,50,60,0,0,0,0,0,0,0,30,0,0,80,0,0,35,0,25,0,0,0,0,45,40,0,70,0,25,0,0,0,0,0,0,70,0,25,35,0,0,45,0,70,0,45,0,0,0,0,0,0,0,65,0,0,0,65,20,30,40,35,0,0,0,0,25,0,0,0,0,0,75,0,35,0,55,0,0,0,80,0,0,0,0,0,0,0,0 
0,0,85,0,20,0,0,0,0,0,15,70,60,0,0,50,65,0,0,75,0,0,0,0,75,35,0,65,0,70,0,0,40,0,0,55,0,0,0,0,0,0,65,0,0,0,70,40,40,0,55,0,0,0,75,0,0,0,0,70,45,0,20,45,50,0,0,0,0,0,0,0,0,75,0,0,0,70,25,0,85,0,0,0,0,25,0,30,60,85,0,25,30,0,55,0,65,0,0,0,0,0,35,0,0,20,65,0,0,70,55,0,0,0,0,0,70,65,55,0,0,0,0,85,40,0,0,40,35,85,0,85,0,0,85,0,15,0,0,0,15,0,0,0,50,20,0,30,0,0,0,0,0,60,0,0,0,0,0,0,0,0,0,0,0,0,0,0,0,0,0,0,0,20,0,45,60,50,80,0,0,20,60,0,0,0,0,0,0,55,0,0,15,55,55,0,75,0,0,35 
85,85,0,0,0,60,0,0,0,0,0,0,0,60,70,0,75,25,0,40,0,35,0,0,0,0,70,0,0,55,55,0,15,85,25,30,0,0,0,0,75,25,75,80,0,0,55,0,0,60,0,0,60,30,80,0,0,0,45,0,0,85,0,65,0,0,0,0,0,0,0,80,0,20,80,60,65,25,0,35,0,75,0,20,0,0,0,0,0,0,0,60,0,0,0,65,0,15,0,0,60,75,0,50,45,20,0,45,25,0,0,0,55,0,0,60,25,0,0,20,0,0,0,0,80,0,40,0,85,0,0,0,0,0,0,35,0,85,20,50,20,0,0,0,50,0,0,75,60,50,0,0,0,40,0,0,0,0,0,0,75,0,15,0,25,35,0,0,0,0,0,0,0,0,0,75,40,55,0,0,75,40,45,75,0,0,0,30,25,0,25,35,30,60,0,25,20,40,40,80 
45,0,75,85,0,0,25,0,0,0,20,0,85,75,35,0,45,20,75,0,0,0,0,15,50,80,45,0,0,0,0,20,85,0,30,0,75,0,45,0,0,0,0,0,0,0,0,30,15,0,0,0,85,0,85,0,70,0,25,0,0,0,25,0,0,0,0,0,0,0,0,0,70,0,20,75,50,0,0,0,55,0,25,0,0,0,60,0,0,20,0,0,0,0,35,0,0,0,75,0,65,30,50,0,0,0,65,45,0,0,0,0,25,25,40,0,20,0,25,65,30,60,0,0,0,0,0,15,0,0,60,0,30,0,0,0,40,0,45,45,40,0,35,0,0,70,70,0,0,45,15,0,0,55,0,35,0,0,0,0,20,55,0,0,0,0,0,40,0,0,0,0,0,0,60,0,0,0,85,0,0,0,0,0,50,0,0,0,0,0,35,0,0,0,0,0,0,35,0,40 
0,20,45,0,70,0,0,0,0,50,0,0,0,70,0,0,0,80,80,15,80,0,0,15,80,0,0,0,40,60,0,0,0,0,0,35,40,0,65,0,40,0,80,0,0,0,0,70,85,0,0,0,0,70,0,20,75,0,55,65,20,0,0,0,60,0,0,0,0,0,0,0,0,0,0,60,0,85,15,0,0,55,0,0,0,0,35,70,55,15,85,0,25,0,70,65,0,0,40,0,85,0,75,0,15,0,0,25,0,80,20,0,65,70,0,0,25,0,0,30,35,35,0,0,25,0,0,40,0,0,0,50,0,0,0,70,0,65,35,0,0,0,0,40,0,0,0,0,70,0,55,60,75,40,25,15,55,0,0,0,0,0,0,0,0,30,0,65,30,70,0,30,0,65,0,40,0,0,55,70,0,0,0,0,0,0,35,0,0,60,0,0,65,55,50,0,0,0,0,80 
0,0,0,0,0,0,50,0,0,0,0,0,0,15,15,0,50,0,0,0,0,30,0,0,0,0,0,75,85,0,0,0,60,0,20,0,80,0,0,0,75,45,0,25,0,0,15,0,20,0,0,0,25,45,80,0,0,65,35,85,0,25,0,0,20,0,0,0,0,0,0,0,0,40,0,80,0,0,30,0,60,0,0,55,25,65,55,0,30,0,50,0,0,65,35,0,0,0,80,75,25,85,50,0,0,75,75,0,0,85,25,85,0,0,40,0,40,0,45,0,0,0,0,55,15,40,0,55,0,0,75,60,20,60,0,85,50,0,0,15,0,0,0,0,0,25,35,35,25,0,0,0,0,0,55,45,55,0,0,0,85,0,15,25,0,0,0,0,80,60,70,0,0,0,0,60,45,25,0,55,20,0,20,0,0,40,0,0,50,0,20,0,0,75,0,0,0,0,0,0 
0,40,0,30,0,0,70,20,0,0,70,0,0,0,20,0,0,0,65,0,45,0,0,0,0,55,0,75,0,0,0,0,30,15,15,25,0,30,0,0,0,0,85,0,35,0,85,0,0,0,0,0,75,0,0,65,85,0,0,0,0,0,0,0,0,0,0,0,0,0,0,50,65,0,0,20,0,30,35,25,55,55,0,70,0,0,15,60,25,0,30,0,75,0,85,20,80,40,65,0,0,20,75,0,0,65,0,0,0,0,65,55,0,0,0,0,0,0,75,0,0,0,85,0,0,15,85,0,0,75,0,0,0,0,0,0,0,0,55,30,30,80,0,0,0,0,0,20,0,65,0,0,0,25,25,30,0,0,80,0,0,50,75,85,0,0,0,15,40,0,0,75,0,0,0,0,0,0,0,0,35,60,55,0,0,0,30,0,65,0,0,35,25,0,0,0,60,60,80,55 
0,0,40,0,0,0,0,0,85,0,0,0,25,40,0,85,0,0,0,0,0,40,0,0,0,0,0,0,0,25,0,0,0,75,0,35,0,75,0,0,70,45,0,0,75,0,0,0,0,30,30,0,15,0,35,0,65,0,0,65,0,0,75,0,0,0,80,0,0,0,50,0,60,20,50,45,0,0,0,0,50,0,30,85,30,15,20,0,0,40,0,30,0,80,0,0,35,35,25,15,0,20,0,15,0,0,0,20,0,0,0,0,0,55,60,0,0,20,35,60,70,0,60,0,65,0,85,0,45,0,0,0,0,35,0,0,55,0,0,65,0,0,40,35,0,40,0,0,0,35,0,0,0,0,40,35,35,0,45,0,0,40,0,20,75,85,35,25,30,0,0,0,15,0,0,85,55,25,0,0,20,0,85,0,0,0,85,0,0,85,0,15,65,0,35,80,55,40,0,0 
0,0,0,0,0,70,0,0,0,0,55,50,80,0,65,55,0,60,70,40,0,15,15,0,30,0,15,0,0,0,45,0,85,60,0,0,55,80,0,25,0,0,35,0,15,0,25,60,55,0,0,0,60,45,70,20,80,80,35,0,0,0,0,45,50,0,0,70,0,0,65,60,0,0,0,0,15,0,40,0,0,0,45,0,0,0,0,0,85,0,75,0,0,0,25,0,0,0,65,55,0,0,15,0,0,70,0,30,0,60,0,65,0,40,0,85,0,0,15,0,15,0,0,25,0,0,0,30,0,60,15,0,75,0,0,0,0,0,0,40,0,0,0,70,0,0,0,75,0,0,0,0,0,0,85,0,0,75,0,80,40,0,0,0,0,0,60,0,0,55,0,0,0,0,0,0,65,50,0,0,0,0,80,0,60,0,20,55,0,0,0,0,75,0,20,0,45,0,0,55 
0,80,40,0,0,40,70,0,0,0,70,0,55,60,75,0,0,0,0,0,0,0,0,0,0,80,60,0,0,20,40,70,85,0,0,0,0,65,0,0,0,15,0,0,0,75,85,50,0,0,0,35,85,0,0,0,0,0,0,30,0,55,65,0,0,75,20,0,0,40,0,20,0,0,0,0,0,0,60,0,0,0,55,0,0,0,85,0,0,0,0,0,0,0,0,40,0,30,0,60,0,80,0,30,30,0,0,35,0,0,25,70,0,0,45,35,0,0,0,0,0,0,0,45,0,60,0,0,70,30,70,0,0,0,0,45,0,0,0,65,0,0,30,0,15,0,0,25,0,0,75,80,60,0,0,35,80,0,45,25,45,60,0,0,45,40,0,40,0,0,0,0,45,55,0,0,60,75,0,55,0,40,60,0,0,15,0,0,0,0,65,75,0,55,0,0,0,0,0,0 
0,0,0,0,0,0,80,0,0,0,45,0,0,0,0,80,20,80,0,0,0,40,0,0,70,70,70,0,0,0,0,40,25,0,85,55,55,0,0,80,35,45,25,0,80,65,35,0,0,0,0,70,40,20,0,35,55,0,0,85,0,0,0,0,0,0,80,20,0,0,0,50,0,0,0,0,0,85,40,0,0,0,0,0,0,0,65,65,80,25,0,60,0,60,45,0,0,15,15,0,0,0,0,0,0,0,15,75,0,0,15,75,0,0,0,40,0,65,70,75,0,60,80,0,0,0,15,0,70,55,0,0,0,0,0,30,85,0,65,60,20,70,25,40,20,35,80,0,0,0,50,30,20,0,50,55,75,0,60,55,40,30,85,85,40,0,85,0,0,0,0,55,0,0,65,0,0,55,0,0,0,15,80,50,35,35,0,0,0,20,55,0,0,0,0,0,0,50,0,55 
0,30,0,80,40,0,0,50,0,0,0,45,0,30,30,60,0,0,0,55,50,0,20,0,0,0,0,0,0,0,45,85,0,0,60,0,0,0,0,0,45,55,0,25,0,85,45,0,35,0,0,70,0,35,30,0,0,25,0,0,80,50,0,0,0,0,60,75,60,80,20,45,0,0,0,0,0,0,15,0,0,85,25,0,0,85,20,70,0,0,0,0,55,0,65,0,0,0,0,20,0,0,0,30,60,50,40,0,0,0,25,0,0,0,75,0,0,0,0,0,0,35,0,85,25,0,0,45,0,0,0,55,85,0,35,75,0,0,0,55,0,35,0,0,25,0,0,0,0,65,60,0,0,0,0,0,40,60,0,0,0,0,60,85,0,0,20,0,0,0,65,0,50,0,0,0,0,0,75,80,25,0,30,0,65,0,0,0,0,65,0,0,0,0,60,0,85,0,0,70 
0,0,0,0,0,75,15,0,0,0,55,75,80,40,60,0,0,0,0,25,0,80,0,85,0,60,0,25,0,50,0,25,0,65,0,0,85,0,0,0,20,0,0,0,0,0,0,0,85,70,0,0,20,65,35,80,80,0,40,0,0,0,30,55,0,0,65,50,0,0,0,0,15,0,0,0,0,0,0,0,45,75,0,70,45,35,0,0,0,80,55,0,0,0,0,25,35,60,0,0,0,55,85,70,15,0,35,15,45,0,0,75,65,15,30,0,0,0,80,60,0,0,0,0,65,65,0,25,0,0,35,15,0,0,0,25,0,0,50,0,60,0,65,0,25,0,50,0,0,25,0,0,0,0,0,0,45,0,0,45,0,85,0,0,0,40,35,0,85,25,0,0,50,75,0,30,0,15,0,0,0,0,0,15,0,0,25,75,15,0,0,0,0,30,0,65,0,0,0,35 
0,0,50,55,0,65,0,0,60,0,0,50,40,85,65,0,0,0,0,0,0,30,30,0,30,0,0,30,50,0,0,0,55,0,0,0,0,45,0,15,55,65,40,80,0,35,0,0,40,0,0,20,0,35,0,0,0,0,75,0,0,80,20,0,65,70,25,0,85,0,30,0,0,0,85,0,0,0,0,0,45,0,75,0,45,0,0,80,45,0,40,0,30,35,50,0,45,30,35,0,0,60,75,40,0,55,0,15,0,0,0,0,0,75,15,0,65,0,0,0,0,0,0,0,80,0,0,0,45,0,50,0,60,70,80,0,0,85,0,0,15,55,0,80,20,70,0,65,65,0,0,0,0,15,55,0,0,0,15,0,0,0,60,0,0,0,0,0,0,0,0,0,50,15,65,45,0,0,20,80,25,0,45,80,65,15,0,0,20,0,60,30,30,0,0,0,0,30,0,0 
0,85,0,20,35,0,0,20,0,0,0,25,0,45,0,0,0,0,0,0,45,0,0,0,80,45,0,0,0,0,0,75,30,15,35,65,50,0,45,0,0,0,15,70,0,0,0,70,0,0,35,50,0,0,80,85,15,0,55,0,45,0,30,40,0,25,0,0,15,30,35,0,40,60,40,15,0,0,0,0,25,0,0,35,0,85,80,50,75,0,75,0,0,0,0,50,0,0,15,15,0,0,0,30,35,0,0,0,0,0,40,0,50,0,0,0,0,0,0,0,0,20,0,0,0,0,0,80,0,55,0,45,25,0,0,40,0,0,0,65,0,65,0,0,15,0,25,0,0,50,0,70,40,0,85,0,0,0,0,0,55,85,0,40,35,70,70,0,0,75,0,0,0,20,0,0,80,0,20,85,0,0,20,70,0,0,0,0,0,0,50,0,0,0,40,0,0,50,0,0 
0,0,0,0,40,0,0,55,0,0,0,15,0,80,0,85,0,50,50,0,0,0,45,0,0,0,0,0,0,0,0,0,0,55,0,0,0,0,50,40,0,15,0,0,0,20,55,20,0,15,20,0,0,25,0,0,0,0,40,0,75,0,0,85,0,0,35,0,0,0,25,0,0,0,0,0,0,0,0,0,75,0,60,20,0,80,0,0,0,0,40,0,30,0,15,0,0,0,20,50,0,0,0,0,65,0,45,80,55,65,0,75,0,0,0,0,0,0,0,0,0,0,25,0,80,0,80,0,0,0,0,0,0,65,0,20,0,80,60,20,0,0,85,40,0,20,20,0,0,0,0,30,0,0,0,0,0,0,30,0,0,0,0,0,0,45,0,0,0,0,0,0,0,40,40,0,0,35,0,40,45,80,25,80,0,0,0,0,15,0,0,0,0,75,0,0,0,0,0,0 
0,0,0,30,65,25,60,35,0,0,0,0,80,0,50,60,60,0,25,0,0,40,40,0,55,0,65,0,30,0,0,0,35,80,0,40,0,0,0,20,65,30,60,0,0,0,0,80,20,85,0,0,30,0,0,0,0,0,0,60,40,0,0,0,0,85,0,55,0,60,55,50,0,0,0,0,45,45,25,75,0,40,0,0,0,50,0,0,0,0,0,65,0,0,0,0,25,0,0,15,0,75,0,0,0,0,0,0,60,40,0,60,55,30,70,55,25,0,85,0,0,0,0,0,80,85,0,0,0,0,0,45,45,85,0,0,70,75,0,0,0,20,0,0,0,0,85,45,0,40,20,0,0,0,0,65,0,20,0,0,0,0,0,15,0,0,15,0,0,0,75,0,0,0,0,0,45,45,0,35,0,0,0,15,0,30,60,0,0,0,0,50,0,0,0,0,30,0,50,40 
70,0,75,65,50,60,0,0,0,0,0,85,0,0,20,20,0,0,0,0,0,15,60,0,85,0,0,0,55,0,15,0,0,0,0,15,0,60,15,0,80,40,15,60,0,0,0,0,75,85,0,0,0,0,60,0,0,70,0,0,0,0,75,20,60,0,75,0,55,0,55,0,0,0,0,85,75,0,0,0,40,0,0,0,0,0,0,0,80,80,55,0,0,0,80,20,0,0,0,0,0,0,0,0,0,0,65,75,80,75,0,0,0,0,70,0,0,0,0,45,50,0,0,0,0,0,0,50,0,0,0,50,0,55,0,0,55,0,70,15,85,0,25,0,20,0,0,0,0,85,65,0,65,0,0,40,0,0,0,0,0,40,0,15,0,65,0,0,0,0,25,0,20,0,0,35,0,0,0,0,0,0,80,0,0,0,0,0,0,30,45,35,0,0,0,0,0,30,55,0 
0,55,75,0,0,20,0,30,0,85,0,85,65,0,0,0,15,60,0,70,0,45,0,0,0,0,0,15,0,55,0,65,0,0,0,25,0,0,35,0,35,0,50,0,45,0,0,25,0,0,0,0,0,0,0,85,0,0,0,0,0,0,50,0,15,0,0,25,0,0,0,30,45,55,0,25,0,75,0,60,0,0,0,0,75,0,0,20,80,0,60,0,50,65,60,25,0,0,0,30,50,0,20,0,85,0,40,0,20,75,0,25,55,0,0,50,0,0,35,0,35,40,0,45,50,0,0,75,0,80,0,0,0,0,0,60,15,0,0,40,0,0,0,80,30,60,0,0,0,0,0,80,0,70,65,0,45,0,0,65,40,20,45,55,0,0,0,0,0,0,0,20,0,0,15,0,0,55,0,0,0,65,0,40,60,30,0,85,0,0,0,55,0,80,0,0,70,65,0,55 
30,25,0,35,0,85,0,15,45,0,0,0,0,0,85,15,0,65,50,0,45,0,50,0,0,80,80,35,20,0,0,0,0,0,45,0,0,30,0,0,0,0,0,0,70,40,15,0,20,45,0,65,0,0,65,30,0,85,0,75,0,0,60,0,0,0,20,0,0,55,70,85,0,0,0,0,70,0,35,20,0,0,0,0,0,0,0,75,60,0,0,0,0,0,0,70,85,0,0,0,0,45,0,20,0,0,0,0,0,0,40,0,0,85,0,0,25,0,0,0,70,0,0,60,35,0,0,0,45,30,65,35,25,20,50,55,60,0,0,35,0,75,0,0,85,15,0,0,50,70,75,50,50,60,0,0,15,60,0,65,0,0,85,0,65,0,0,80,0,0,85,60,0,0,0,0,0,0,65,0,45,75,0,0,0,0,0,0,65,0,0,60,0,20,55,65,0,70,0,65 
0,0,0,0,85,50,0,0,0,0,60,0,0,0,0,0,0,35,0,0,0,0,0,80,60,20,85,0,0,0,0,0,0,15,0,0,0,0,60,0,35,0,0,0,0,50,0,80,0,30,0,70,0,0,0,15,0,15,65,20,15,0,75,85,65,0,0,0,0,25,0,30,0,0,0,0,45,45,0,0,0,0,75,0,0,0,75,65,65,80,40,0,0,75,0,0,0,0,35,15,0,85,0,0,0,0,55,0,0,0,0,0,60,40,0,15,0,35,0,0,0,60,40,0,0,0,0,50,0,0,55,0,0,85,0,0,65,0,40,0,25,25,45,0,0,45,20,0,0,0,0,60,65,0,0,0,80,0,0,0,0,75,0,45,0,0,75,0,70,25,75,0,15,55,0,0,0,0,15,75,0,75,0,0,80,0,55,0,0,75,55,0,65,0,70,0,65,0,0,0 
0,0,70,0,60,0,65,0,20,0,25,0,75,0,0,0,0,0,0,0,45,85,75,0,0,0,0,25,45,0,0,0,40,0,0,0,0,0,0,75,75,0,0,50,0,0,0,0,15,0,0,75,0,0,0,0,0,20,20,0,0,15,40,0,0,25,0,0,0,65,0,15,0,0,0,85,35,0,85,80,50,0,0,0,0,0,35,75,35,0,80,20,50,0,60,0,0,0,30,0,50,0,35,0,0,0,30,0,40,60,45,30,0,0,50,0,0,0,60,0,55,30,0,85,0,80,0,0,0,0,0,65,40,0,0,0,0,0,65,0,0,0,45,0,70,0,70,0,60,0,20,0,0,0,0,65,0,85,45,20,0,60,0,0,50,55,0,65,0,70,0,0,0,0,45,0,0,0,0,65,0,0,70,65,80,45,0,55,0,0,55,0,0,75,0,0,85,0,0,0 
0,0,0,0,0,0,80,80,0,80,35,75,0,0,85,0,0,15,0,75,45,0,0,0,0,0,45,0,25,45,80,0,0,0,0,0,50,35,55,0,0,20,0,80,0,0,85,0,0,60,0,40,25,0,15,0,55,0,0,85,50,0,0,0,0,0,0,60,35,55,15,20,0,85,65,20,0,0,80,0,0,0,0,0,75,35,0,60,0,0,20,0,0,0,0,0,0,0,0,0,0,70,15,55,0,0,0,0,0,0,0,0,45,65,0,0,0,0,0,0,25,40,0,0,0,70,0,0,70,0,0,0,25,0,0,0,55,0,75,25,0,0,0,35,0,40,0,0,0,65,0,35,0,45,0,0,0,0,20,0,0,0,0,65,0,0,30,20,0,0,0,50,0,40,0,0,15,0,0,50,0,45,85,50,0,0,45,50,60,0,0,0,35,0,0,0,0,0,0,0 
0,0,0,0,0,0,0,0,0,0,30,0,0,55,60,0,0,75,0,0,0,45,0,80,15,35,0,55,0,0,0,0,40,0,75,0,0,0,0,85,0,15,55,0,0,0,85,75,80,40,0,75,80,0,35,60,0,80,0,0,0,70,0,40,85,30,0,0,70,0,60,0,0,0,65,70,0,80,50,0,0,0,20,75,65,75,60,0,60,55,65,0,0,70,0,0,0,0,0,0,0,0,0,0,0,15,65,0,0,40,0,25,0,15,0,15,0,0,35,0,0,50,60,0,0,25,0,45,45,45,0,0,30,0,45,85,35,0,15,0,0,0,55,65,40,30,30,0,0,0,0,20,25,0,65,0,0,0,45,75,0,0,0,0,0,0,60,0,0,20,55,0,0,0,0,45,30,0,0,0,0,85,0,0,0,0,0,30,0,0,30,55,0,15,0,0,0,0,0,0 
0,25,80,70,0,55,0,0,15,0,0,70,35,0,0,70,70,0,70,70,0,25,0,0,0,0,0,85,0,0,0,0,0,25,0,85,0,0,35,0,0,0,40,0,15,0,0,25,0,0,80,20,15,70,65,0,20,0,50,0,0,0,30,0,55,60,0,0,55,30,25,0,85,0,80,0,0,45,75,0,0,80,80,60,65,35,0,60,0,85,0,0,0,0,0,0,0,0,0,0,35,0,0,85,20,0,0,0,15,0,60,0,0,0,45,20,45,65,70,0,0,60,0,75,85,60,50,0,0,0,0,65,65,0,20,75,70,0,0,0,0,0,0,0,0,0,0,85,35,40,0,15,0,0,0,0,0,0,0,65,45,40,55,0,0,70,20,0,0,35,0,30,0,25,0,0,0,0,0,80,0,45,0,0,0,0,25,0,70,0,0,0,0,0,0,0,0,25,0,0 
50,0,0,0,0,45,60,0,0,0,35,25,0,0,0,80,0,15,0,0,15,0,0,65,0,65,0,0,70,0,0,0,0,0,85,85,80,0,55,0,0,80,20,0,85,0,0,0,15,0,35,0,75,0,0,0,0,85,65,0,0,75,85,20,60,85,0,20,15,0,0,40,0,0,25,0,80,0,0,0,0,80,0,0,80,0,0,55,85,0,25,15,0,45,35,0,0,0,0,50,30,0,0,0,0,0,0,70,80,0,0,0,75,0,20,0,15,15,40,0,0,0,40,40,0,65,0,80,0,65,0,0,0,0,0,75,0,15,55,65,70,0,30,65,0,25,0,0,0,0,85,0,80,0,0,0,85,25,0,0,55,0,0,30,65,0,0,0,0,70,0,0,0,35,25,0,0,0,0,0,0,55,0,45,30,60,75,0,0,0,0,0,0,0,0,0,0,0,0,0 
0,0,0,70,0,0,0,35,40,75,0,0,0,0,0,0,0,0,65,0,0,0,0,15,0,0,0,0,55,0,25,0,25,45,15,85,20,0,25,25,0,0,0,30,45,40,0,85,40,35,0,0,60,20,0,0,40,60,0,35,0,0,0,0,0,0,0,0,85,50,30,0,75,0,0,0,55,40,75,40,0,55,60,0,40,80,20,65,0,25,0,55,0,40,0,75,0,80,0,0,20,85,0,0,0,80,0,45,0,20,30,0,45,40,0,35,0,35,85,0,0,0,0,0,85,75,0,20,0,25,45,45,30,85,0,0,0,85,0,0,0,60,0,75,70,0,0,0,0,0,0,35,65,0,0,35,70,0,30,0,0,0,0,0,0,35,45,0,0,40,0,0,0,0,0,0,0,0,0,15,30,0,0,0,0,0,65,0,85,25,0,25,45,0,15,85,0,0,0,45 
0,45,85,0,35,0,0,0,35,0,30,0,15,40,0,0,0,50,0,0,0,80,45,35,65,0,0,0,60,0,0,20,50,0,30,50,40,55,30,35,65,0,0,0,0,0,0,40,0,0,45,0,85,0,65,0,0,0,0,0,0,15,0,0,0,25,60,0,0,0,0,30,0,0,60,0,0,0,0,0,65,0,0,0,0,20,0,0,0,15,55,0,35,0,0,0,0,0,0,80,0,40,0,0,0,0,30,45,60,50,0,0,70,0,40,0,30,0,0,45,60,0,0,0,0,70,40,0,0,0,80,0,0,20,0,70,0,40,20,75,85,85,0,0,0,0,0,70,0,80,0,0,15,50,0,0,45,0,0,30,0,0,55,0,85,0,0,65,25,85,85,20,0,0,0,0,35,0,0,0,65,35,0,55,85,0,0,65,20,65,0,0,0,0,65,0,0,0,0,15 
85,35,35,0,45,55,45,30,0,20,55,0,35,0,85,0,0,0,30,0,50,0,30,0,0,0,0,35,0,0,0,0,0,60,40,35,0,0,60,0,50,0,45,60,0,0,0,0,0,0,0,35,0,0,0,25,0,0,0,0,0,55,0,0,60,30,0,0,25,0,75,0,0,0,0,55,0,30,0,30,0,0,50,0,0,50,0,0,0,0,0,35,0,0,0,85,80,0,0,0,0,0,0,0,0,20,15,0,0,0,50,0,55,65,85,65,0,0,75,0,40,0,15,0,55,55,0,55,35,0,40,0,0,0,0,0,0,65,0,65,0,35,45,25,0,0,0,25,0,0,0,55,0,80,50,0,0,0,30,35,35,0,0,45,20,0,25,0,0,0,30,55,70,0,65,25,50,0,0,0,0,0,0,75,0,0,35,0,85,75,0,25,0,0,45,0,15,0,20,35 
0,0,50,0,0,35,0,0,30,0,0,0,40,0,0,35,0,0,0,0,15,0,0,0,70,0,0,0,0,60,0,0,45,25,65,30,60,0,0,20,0,0,0,0,0,85,70,0,85,0,0,30,45,0,70,0,0,0,0,0,0,0,0,0,60,0,0,0,0,65,0,80,0,0,60,0,0,35,0,0,0,0,65,0,75,0,0,70,0,45,40,0,0,0,0,0,0,0,0,0,0,0,0,0,80,35,0,0,0,0,0,20,0,40,15,50,0,50,65,45,0,65,0,85,75,0,50,70,80,0,0,0,0,0,45,35,0,0,40,30,85,0,0,0,85,65,55,0,0,60,55,15,0,0,0,0,0,0,0,0,40,45,45,0,0,0,65,0,0,0,0,0,0,0,0,0,40,0,0,0,0,0,0,0,75,0,0,0,0,20,20,30,0,0,0,70,55,0,20,80 
55,0,0,15,0,45,50,30,0,0,25,0,0,80,60,0,20,0,75,0,20,85,15,50,0,65,0,65,0,15,0,0,40,20,0,0,65,75,65,65,0,0,80,0,55,0,0,40,0,60,0,45,0,0,0,0,0,65,55,0,60,0,0,0,0,55,0,35,70,35,85,0,25,0,45,65,0,50,0,15,0,80,60,0,0,60,0,0,0,35,0,0,0,0,0,50,30,0,0,0,80,0,40,0,0,0,0,25,0,0,0,85,15,0,70,35,0,40,60,45,0,40,0,45,75,30,0,75,65,0,0,60,85,75,0,0,0,0,0,0,0,0,75,0,0,55,70,0,0,0,0,70,0,0,45,50,0,15,50,25,0,0,0,0,0,0,0,0,0,0,0,0,0,0,55,50,0,0,50,0,85,0,30,35,20,30,30,0,25,35,15,0,0,55,75,20,0,65,0,0 
0,0,0,0,25,0,0,0,0,0,0,0,20,0,65,0,0,0,0,0,0,0,25,0,40,0,0,75,0,0,0,80,80,40,45,0,0,0,0,0,0,0,25,0,0,0,30,85,25,0,55,80,0,0,0,0,55,0,0,80,0,60,35,0,0,0,65,0,65,0,20,0,0,40,0,0,25,0,50,0,0,20,25,70,0,0,0,0,0,0,75,0,85,0,50,0,70,0,0,0,0,45,0,0,0,0,15,60,0,85,0,50,0,35,0,35,0,15,85,0,0,65,0,25,0,0,25,20,0,0,30,80,50,0,0,0,80,55,25,0,0,0,30,0,0,0,30,0,15,0,75,0,25,80,0,0,0,0,60,0,0,0,0,0,0,0,0,0,0,0,0,60,0,50,15,85,50,0,0,0,0,70,0,70,0,0,0,0,85,0,0,60,70,0,0,0,0,0,80,0 
35,0,75,0,45,75,85,15,0,0,0,65,0,0,15,50,0,60,25,0,0,0,0,0,0,0,0,30,0,0,0,15,0,50,0,0,0,65,0,30,45,0,65,0,0,40,15,20,15,0,55,85,0,0,20,0,0,35,0,80,0,0,55,15,30,65,0,0,0,0,80,35,0,0,0,0,35,45,0,0,25,0,0,85,0,0,0,0,0,0,0,0,80,0,30,70,0,0,0,0,15,35,0,55,0,35,30,0,0,55,50,30,0,0,70,0,20,0,75,0,20,0,0,0,0,0,0,0,0,0,0,0,50,70,0,0,0,80,30,70,0,0,75,0,25,0,80,0,0,45,0,0,25,45,0,0,0,80,0,50,0,0,0,35,0,0,25,65,85,80,0,0,55,0,70,0,35,0,80,70,0,0,0,0,0,0,80,45,40,35,25,60,70,0,0,0,0,65,0,0 
0,0,0,0,15,60,0,40,35,0,0,85,0,60,25,0,40,75,45,0,50,15,0,45,75,35,20,65,25,20,55,0,0,0,35,40,0,75,0,85,35,35,0,80,50,60,0,60,55,0,0,40,0,30,0,0,0,0,0,15,0,80,0,60,0,0,15,0,0,0,40,35,0,30,15,0,60,30,0,0,0,0,0,0,0,0,0,0,0,0,80,0,0,0,0,0,0,0,0,0,0,0,0,0,45,0,0,0,0,0,0,70,0,65,65,0,0,70,65,85,35,0,0,30,0,50,70,0,0,0,0,0,45,0,0,0,85,0,65,0,0,0,0,45,0,65,0,0,35,35,35,35,75,85,70,0,0,45,70,0,70,0,55,30,55,0,0,65,0,0,0,30,20,0,60,70,50,50,45,0,0,0,0,0,0,0,0,0,0,80,0,0,30,45,30,0,0,0,20,0 
0,0,0,65,75,0,15,0,0,0,0,0,0,0,0,35,0,0,0,0,0,20,25,50,0,85,0,0,0,35,15,70,85,0,50,0,0,0,65,0,0,0,20,0,60,75,0,0,0,0,55,0,0,60,85,45,40,80,0,15,0,40,0,0,0,0,0,75,40,80,65,25,65,0,15,0,0,35,15,20,0,0,0,0,35,30,0,0,0,0,0,0,0,0,0,0,0,0,0,0,15,0,0,50,0,0,60,15,35,0,40,0,40,0,40,55,0,0,0,35,70,0,0,75,0,0,0,25,0,0,15,0,0,60,35,0,0,75,0,0,65,0,0,0,0,0,0,55,0,0,0,0,0,0,50,80,85,45,0,0,0,0,45,0,0,0,20,45,45,0,0,0,0,0,60,0,15,0,60,0,40,45,75,0,30,0,0,0,65,0,50,20,0,55,0,15,55,0,85,0 
0,0,55,45,0,0,0,0,0,0,55,0,75,85,0,50,0,0,45,0,0,0,75,15,0,0,0,65,25,0,75,0,0,0,40,40,15,40,45,0,0,35,50,30,0,0,0,0,0,0,60,0,0,0,0,0,0,0,0,0,60,0,0,60,15,0,0,0,0,75,0,15,55,60,0,20,0,0,15,50,15,0,30,0,15,0,0,0,0,50,0,80,0,0,0,0,0,0,0,0,30,0,0,0,0,35,0,0,30,0,0,0,0,0,0,0,50,0,85,0,40,0,0,0,60,0,85,0,0,0,80,80,0,0,45,55,0,55,45,40,0,75,65,25,0,0,20,0,85,0,0,40,85,0,50,20,0,55,40,0,30,0,0,0,0,0,75,50,0,40,25,0,85,0,0,45,50,25,0,0,85,0,0,0,0,60,0,0,15,0,15,20,0,0,80,0,70,0,0,65 
0,0,0,25,45,0,35,50,0,0,60,0,20,45,0,35,0,0,35,0,0,20,50,0,80,55,75,0,0,0,0,20,0,0,0,85,0,0,85,50,60,0,0,0,0,0,45,45,0,55,40,55,0,0,80,0,0,0,0,0,80,0,0,0,55,0,60,65,85,25,0,0,0,0,0,0,0,0,0,0,0,0,50,0,0,50,0,0,35,30,20,0,0,0,80,0,15,0,15,30,0,0,60,0,85,45,0,50,25,60,0,0,35,35,0,25,50,0,0,0,0,0,50,0,0,35,0,40,0,75,0,0,0,0,0,0,0,20,30,30,0,75,0,35,0,60,0,45,55,70,45,50,40,0,75,25,60,0,35,70,0,0,15,35,0,0,50,35,20,85,0,0,0,0,0,85,0,0,0,0,75,45,0,40,75,65,70,0,65,0,0,75,65,0,0,70,45,0,70,0 
0,80,0,0,20,0,55,75,40,0,0,85,0,25,80,0,0,0,45,0,65,0,20,0,0,0,65,0,0,70,0,0,0,30,20,0,75,0,0,20,20,0,15,0,0,65,0,70,0,0,0,35,45,0,70,0,40,35,0,0,0,0,55,45,20,0,75,30,0,85,20,20,0,80,0,0,55,60,0,0,75,0,0,45,85,0,70,0,0,0,85,40,0,0,0,45,35,0,0,0,0,0,60,0,85,30,0,25,80,45,0,60,25,15,70,0,75,20,0,0,15,75,0,0,15,85,0,75,0,0,15,0,0,65,40,75,0,25,45,0,0,30,70,0,0,0,0,0,0,0,0,45,65,70,0,0,55,65,0,0,65,0,45,75,0,85,55,30,50,70,0,0,0,0,25,45,0,75,0,0,15,55,0,65,15,50,0,0,0,40,0,0,80,0,0,55,0,0,0,0 
0,75,0,55,0,0,0,50,50,0,55,0,0,55,0,0,25,0,0,0,85,70,0,35,25,0,0,0,0,0,0,0,0,0,40,75,15,20,0,0,0,45,55,0,50,20,0,0,0,0,0,15,0,0,0,85,0,0,0,55,0,45,40,80,0,35,0,50,75,50,75,0,15,0,0,0,85,75,0,0,0,0,20,0,0,35,15,0,0,0,0,0,0,0,40,0,0,0,0,0,60,60,0,0,0,25,0,0,0,25,70,0,70,0,0,30,0,0,65,65,0,0,50,0,0,30,0,0,0,0,0,0,20,0,45,25,85,80,0,0,0,0,85,30,0,0,0,0,0,0,0,0,0,0,80,50,15,30,40,85,15,50,0,0,0,0,0,0,0,0,25,50,0,0,0,0,0,50,25,40,0,20,0,60,0,0,25,45,30,50,75,0,0,65,0,0,80,0,0,15 
0,0,0,40,40,0,0,70,55,0,0,0,70,45,0,20,0,0,0,75,40,0,45,60,0,30,0,0,70,30,0,0,0,0,60,80,35,0,0,40,15,0,25,25,65,0,0,0,0,0,30,0,0,55,0,0,80,0,25,30,0,0,0,0,50,0,50,0,0,0,0,15,0,30,0,30,70,40,30,0,0,0,0,20,0,0,55,0,85,0,0,0,0,0,0,0,55,0,50,0,0,0,0,0,85,0,0,35,0,0,0,85,40,0,0,30,0,35,0,0,0,0,0,0,0,50,45,55,25,85,60,40,0,60,75,60,50,0,0,0,50,0,65,40,65,75,75,0,0,85,0,85,0,75,75,0,55,0,0,0,0,25,0,45,0,0,70,35,0,0,0,0,25,40,0,20,0,70,75,0,0,0,0,0,0,0,0,45,0,0,0,75,0,35,20,25,0,20,55,0 
0,0,35,20,0,0,0,0,0,0,0,0,0,0,0,0,0,20,50,0,0,65,0,0,0,0,75,0,0,85,65,0,0,65,0,0,0,0,0,20,0,65,0,20,75,85,0,0,35,0,30,0,0,0,0,0,75,85,25,0,0,0,0,15,0,0,45,0,15,0,0,0,0,30,0,60,15,0,35,65,0,0,85,0,0,0,0,0,20,0,0,0,0,80,0,0,0,45,0,0,85,85,0,85,0,60,0,0,45,60,0,0,0,0,0,0,0,0,45,40,0,0,85,15,0,0,0,0,80,0,0,0,0,0,75,0,0,0,0,0,0,25,0,0,50,15,0,0,15,0,25,30,0,80,0,0,45,0,25,20,75,0,55,30,35,0,0,0,0,0,70,40,35,0,75,85,0,65,0,0,0,0,0,0,0,0,25,0,0,0,55,0,0,0,0,85,0,0,0,55 
0,65,0,35,45,0,0,0,35,70,65,0,0,0,35,85,0,0,0,0,0,45,75,45,75,65,60,0,25,0,30,50,40,70,0,0,70,0,20,75,70,0,0,0,0,55,0,0,30,65,0,0,0,40,30,0,0,25,0,0,0,0,0,45,0,20,20,0,0,75,65,0,70,0,0,50,0,55,0,0,0,0,0,0,0,0,0,15,0,0,80,0,20,35,0,0,35,0,0,35,45,30,25,0,60,0,0,0,85,50,40,60,35,0,0,80,65,45,0,0,0,0,0,0,0,0,60,65,85,0,25,0,0,15,30,0,15,0,0,55,0,45,55,25,0,0,0,0,0,0,0,0,0,0,55,75,35,25,0,0,0,0,0,0,20,50,35,75,0,0,45,0,75,0,0,15,0,0,50,50,0,0,0,0,0,0,0,0,35,0,0,80,0,30,40,85,45,55,15,0 
35,35,0,0,85,0,0,0,35,0,30,0,0,35,0,45,0,85,15,45,50,55,30,0,0,15,0,40,30,0,0,0,0,60,80,0,0,25,0,75,0,0,85,0,25,60,65,0,80,40,70,0,50,0,0,0,0,25,0,0,15,25,55,0,0,65,0,65,0,75,0,0,0,0,15,40,35,0,0,45,0,65,40,0,55,30,0,65,0,0,0,30,15,0,0,15,30,0,60,0,0,0,0,0,0,0,0,0,70,0,0,0,0,0,30,0,0,0,0,40,0,80,0,25,0,60,15,0,0,0,0,85,0,0,0,0,0,0,0,35,20,25,0,70,45,40,70,85,45,70,0,30,80,0,0,20,0,0,0,20,40,50,0,0,30,0,0,15,0,30,0,35,40,80,0,30,0,0,70,25,0,0,35,0,0,0,0,0,40,50,0,45,0,0,0,0,0,0,0,0 
0,70,60,0,0,0,85,30,0,80,0,80,60,0,0,80,50,0,0,15,15,0,50,0,0,0,25,0,0,0,0,60,0,0,0,85,0,0,65,0,50,70,45,0,0,0,15,60,85,75,0,50,25,0,40,0,0,0,35,55,0,0,0,0,0,0,45,45,25,0,0,20,30,35,75,0,15,15,0,80,0,75,0,0,0,0,0,0,0,70,45,45,0,0,25,60,0,0,15,0,50,25,0,35,0,0,0,0,70,35,50,0,35,0,75,0,40,0,45,0,0,0,85,0,35,0,0,0,0,40,0,0,30,0,45,30,0,60,0,25,75,0,0,65,70,70,0,85,0,0,35,30,65,0,0,55,0,60,0,0,0,70,65,0,0,0,55,85,0,15,0,40,30,60,0,0,55,15,50,25,0,55,30,20,70,0,0,0,35,65,0,45,45,0,70,0,50,0,0,0 
0,65,75,20,0,20,0,35,65,0,0,0,80,85,30,45,0,55,50,80,35,0,70,0,70,15,35,0,40,0,0,25,70,0,0,0,15,60,15,0,0,0,0,0,0,0,0,40,70,0,15,35,0,0,0,70,0,0,0,0,0,0,25,0,75,0,25,0,0,0,0,0,0,0,0,0,45,0,0,55,60,80,20,0,0,40,0,0,15,80,0,60,0,0,0,0,0,0,35,30,25,80,0,0,45,85,70,70,0,0,0,35,0,40,50,0,0,0,0,70,0,0,60,0,0,0,65,0,0,0,0,0,0,0,0,0,0,0,50,20,0,0,0,0,0,35,45,0,0,0,0,0,0,0,0,35,85,30,0,0,0,0,0,85,0,0,0,75,60,60,0,35,0,55,0,40,20,15,85,0,0,0,85,35,0,15,0,0,0,0,0,0,0,0,0,0,50,15,0,0 
0,0,0,0,0,40,15,0,0,0,0,50,0,0,0,0,0,0,35,40,65,60,0,0,0,0,0,0,0,15,55,85,20,20,0,50,65,0,0,0,65,0,0,0,70,40,0,85,0,0,0,0,0,20,75,0,15,0,0,0,0,0,25,30,75,70,0,0,80,85,0,0,60,0,0,0,0,0,0,65,40,75,75,0,0,60,0,40,0,0,20,50,0,0,0,85,55,0,0,0,60,45,25,0,60,50,0,35,0,0,20,0,50,0,30,25,55,0,0,0,0,65,75,65,0,0,0,0,85,0,0,70,25,0,75,0,60,0,0,0,25,30,85,0,45,25,55,0,0,0,60,0,75,40,60,0,0,0,0,0,0,0,25,25,0,0,70,0,20,0,0,0,0,65,0,0,0,0,40,70,55,30,0,0,85,70,0,70,30,55,25,70,85,0,60,20,0,25,35,0 
0,0,80,55,45,45,80,0,0,75,0,0,50,40,0,30,30,0,25,15,50,0,85,0,55,0,0,0,65,0,0,30,65,0,45,0,0,0,0,0,35,80,50,60,50,0,55,75,0,85,60,0,0,0,55,20,0,0,55,85,0,0,0,0,0,55,0,0,20,25,65,0,0,25,15,25,0,0,40,0,0,0,0,40,0,45,0,0,60,0,30,0,50,0,0,0,50,0,40,0,0,0,70,0,0,40,0,50,0,20,0,80,15,0,0,70,0,70,0,65,0,40,55,0,35,0,0,0,25,0,0,30,0,0,85,0,0,30,0,30,30,0,0,65,0,0,0,0,0,0,0,0,80,0,60,25,0,0,70,0,0,40,80,0,0,0,0,0,0,0,40,30,0,0,80,35,0,65,0,0,0,25,0,25,0,0,85,0,0,0,40,0,0,0,0,0,0,40,0,0 
0,0,60,50,60,65,0,0,0,65,0,0,0,45,0,0,15,0,0,0,0,45,0,40,0,25,75,85,0,0,0,45,0,40,70,0,15,0,60,60,0,0,70,0,0,0,80,0,0,0,0,80,55,0,0,0,15,0,0,85,0,0,0,0,0,0,0,0,0,85,55,0,65,70,75,0,75,0,0,75,60,0,25,0,0,30,0,25,0,0,0,0,0,20,85,50,30,70,0,0,0,60,0,85,0,60,0,0,35,0,80,0,0,60,15,0,55,55,0,45,65,45,35,0,20,0,0,0,0,45,0,0,0,80,0,70,0,85,0,0,50,0,0,80,35,40,15,0,0,55,0,0,0,0,0,80,0,40,0,0,0,55,0,0,30,0,0,65,45,0,0,0,50,0,65,75,0,30,0,45,0,20,0,20,0,0,65,0,0,15,0,0,60,0,75,0,0,0,55,80 
0,0,0,25,75,60,45,0,0,0,55,0,30,0,0,0,0,0,0,0,0,0,80,0,30,55,0,35,0,15,0,45,0,0,0,75,25,0,0,70,0,30,0,0,20,65,0,0,0,0,0,50,20,0,35,85,45,0,0,60,0,20,65,0,50,0,55,25,65,0,0,0,0,0,0,0,65,0,50,0,55,0,55,0,60,0,45,0,0,75,45,70,55,0,15,0,0,0,40,0,35,25,70,40,0,35,0,35,0,50,15,0,0,0,0,0,25,0,25,0,55,0,80,0,55,30,0,50,0,40,0,0,20,0,0,0,0,65,65,0,0,0,0,0,0,25,0,0,50,0,0,70,55,30,0,0,0,0,40,0,45,70,0,0,0,80,60,65,0,0,0,0,0,75,0,0,0,35,0,0,0,0,0,0,0,0,0,0,50,0,0,0,0,35,45,80,0,0,35,15 
0,0,40,0,0,0,0,0,0,60,0,0,70,65,0,0,80,65,35,0,15,70,50,0,0,0,0,0,0,0,0,50,0,0,0,15,0,20,25,0,80,0,0,0,0,0,40,85,0,0,0,0,35,35,0,35,0,20,0,0,0,0,35,65,60,0,0,25,70,0,0,55,40,0,0,0,15,75,0,0,30,0,0,85,40,0,65,15,0,0,40,0,65,40,0,35,0,65,0,0,35,15,0,0,0,0,0,0,40,0,0,60,0,0,0,0,35,25,65,0,70,0,65,40,0,0,0,0,80,0,40,0,0,85,0,0,15,0,0,0,0,65,0,0,0,0,40,85,0,0,0,0,0,0,35,35,0,0,0,25,80,0,0,0,0,0,0,0,0,0,50,0,0,40,0,0,60,45,0,35,0,85,0,0,40,0,65,0,75,0,0,0,0,0,0,0,0,0,60,55 
0,45,20,0,15,55,0,0,0,55,85,80,0,0,35,80,0,0,0,0,0,85,65,25,0,0,65,55,60,0,0,70,75,80,0,85,0,0,0,0,0,70,85,45,45,0,0,0,0,0,0,0,25,50,0,0,0,0,15,0,0,0,0,0,0,0,0,40,0,40,0,60,0,45,0,75,30,15,0,0,70,70,0,0,0,50,0,0,45,20,0,40,85,15,70,0,70,65,40,0,0,70,0,0,0,0,30,75,50,30,0,15,0,0,0,30,0,0,45,80,0,40,0,0,0,0,0,60,0,0,0,20,0,0,70,0,0,0,65,50,0,65,0,0,25,0,0,0,0,65,0,0,80,0,20,0,45,0,25,0,0,0,60,0,0,40,45,0,0,0,30,0,20,0,0,20,0,0,0,0,60,0,0,0,0,20,60,45,0,0,0,30,65,0,0,0,65,15,0,0 
0,0,0,65,65,0,0,0,35,0,45,75,55,0,0,30,0,0,0,0,0,0,65,0,60,0,0,0,0,0,0,0,0,45,15,0,0,20,55,25,55,45,0,0,0,35,70,40,0,0,0,35,70,45,0,35,0,0,0,50,0,45,20,70,0,0,60,0,0,0,0,0,85,35,40,0,0,0,0,0,55,0,50,0,15,0,0,15,20,0,35,0,65,50,35,35,0,0,55,0,25,0,30,30,0,80,0,0,0,25,70,0,0,0,30,0,70,80,0,0,0,0,0,75,0,25,0,0,0,0,35,0,15,0,0,0,0,20,75,0,0,40,0,25,0,55,0,0,65,40,0,20,70,0,0,30,0,20,85,50,0,0,55,0,0,85,0,65,0,70,0,30,0,0,35,0,0,0,0,0,35,0,0,50,55,0,0,0,50,15,0,0,0,50,0,55,0,0,0,55 
65,25,0,0,40,55,0,0,85,80,0,70,0,0,0,0,65,65,45,65,0,85,0,65,0,0,0,0,0,50,45,65,15,0,0,0,80,35,0,0,65,0,35,70,0,25,0,55,0,50,65,45,0,50,0,85,0,0,30,0,0,0,30,0,0,70,25,20,25,40,0,0,0,0,0,0,0,65,0,0,25,0,0,25,0,0,0,0,45,15,0,30,0,0,0,0,20,0,0,50,50,75,0,0,0,65,0,40,0,55,0,55,25,35,0,70,0,20,70,0,85,0,0,0,45,55,55,0,0,0,0,45,0,20,65,65,50,0,0,0,20,0,0,50,0,0,0,70,85,0,0,30,0,0,0,50,0,65,0,40,0,15,80,0,0,0,0,30,0,0,0,85,0,0,85,0,80,55,0,25,0,60,50,65,0,35,80,45,30,0,0,0,0,0,0,0,50,0,40,0 
75,75,75,40,0,45,80,0,50,0,60,0,0,40,65,0,0,0,0,50,0,35,0,0,0,0,0,55,65,0,0,0,0,0,0,0,25,0,0,0,0,80,0,0,50,50,0,0,0,0,0,0,0,0,0,45,0,0,0,0,60,0,0,30,0,65,0,0,0,0,0,20,0,0,65,0,0,0,0,0,0,0,0,0,35,0,0,0,65,15,35,0,0,50,40,15,0,70,0,0,0,20,0,35,0,45,0,0,0,0,70,55,0,25,0,80,20,0,65,40,0,20,85,30,0,70,0,70,0,45,60,30,0,0,30,55,0,0,0,0,0,0,0,0,45,0,0,55,0,0,0,55,65,30,0,0,0,70,0,85,65,75,70,75,15,30,15,0,55,0,0,0,0,0,30,80,35,35,65,0,50,0,15,0,0,40,0,70,40,40,0,0,0,15,0,0,35,0,0,0 
0,60,0,0,0,75,0,30,0,15,85,0,0,0,0,45,0,20,50,0,25,50,0,75,80,0,30,0,0,0,85,55,65,20,15,0,50,55,0,0,50,0,0,0,40,0,0,40,0,0,0,0,30,80,0,0,0,60,0,0,15,0,0,50,0,55,0,25,0,45,75,35,15,0,70,0,80,0,0,0,85,0,35,0,0,60,0,35,70,40,85,0,75,65,60,85,75,65,0,85,0,0,65,0,45,0,0,45,0,0,0,0,25,65,45,0,70,65,0,0,15,80,0,70,0,0,0,40,65,0,0,25,0,0,0,0,0,0,0,0,0,70,70,75,0,0,15,0,15,65,0,0,0,0,0,0,50,20,0,0,0,15,30,20,0,0,0,40,85,0,0,0,70,0,75,85,0,0,25,15,0,0,0,0,0,25,0,0,85,20,0,55,0,0,0,0,0,0,0,0 
0,0,0,0,0,35,0,0,15,0,0,85,0,0,0,0,0,0,0,0,0,0,75,50,0,35,30,0,0,80,0,0,0,0,0,50,0,0,50,30,55,0,75,40,0,0,0,0,75,70,15,20,0,0,0,65,0,0,0,0,0,0,15,0,0,0,20,65,30,0,0,60,0,0,75,0,60,0,0,0,0,45,0,0,0,0,0,0,0,0,0,45,0,45,45,0,0,85,35,0,0,0,65,0,40,0,40,0,70,0,65,45,0,0,80,0,0,40,0,0,0,0,25,0,0,0,0,30,70,0,0,35,0,50,0,0,20,0,15,0,30,45,0,0,0,15,0,0,60,0,75,15,0,0,0,0,0,0,30,20,0,0,0,0,0,0,0,0,0,25,60,0,40,0,40,0,70,70,0,55,0,0,0,55,0,0,0,0,40,0,75,0,65,0,15,45,25,80,25,45 
50,60,85,0,30,0,0,60,0,0,0,70,0,0,80,0,15,45,80,0,0,25,65,75,0,30,0,75,35,0,60,0,0,65,0,60,0,70,0,70,0,45,35,0,75,0,0,0,0,0,0,0,20,0,0,0,35,75,0,0,0,70,0,35,0,0,0,30,35,0,0,70,15,0,0,0,0,0,0,0,0,50,35,70,0,55,25,0,0,0,0,60,40,0,0,0,20,35,70,40,0,15,0,0,0,0,0,0,0,0,0,65,55,70,0,0,85,0,15,0,0,0,25,0,50,0,80,25,70,0,0,65,0,35,40,0,0,85,55,0,0,0,0,0,0,85,0,0,0,0,0,0,0,0,75,0,0,0,25,60,55,0,0,45,20,0,0,55,60,70,30,30,0,40,0,0,0,75,0,0,0,0,0,0,0,0,0,0,0,65,0,0,35,0,70,0,0,0,0,40 
0,0,20,0,0,65,0,60,85,15,0,0,45,60,0,0,60,0,0,35,0,45,0,0,20,35,0,0,0,0,25,0,40,0,0,45,0,0,0,50,75,0,35,70,80,0,0,65,0,0,15,0,0,0,0,0,55,0,0,0,70,40,15,20,30,0,0,60,35,0,0,0,0,0,60,35,0,0,20,0,0,0,40,0,60,30,40,50,60,0,0,0,0,65,40,65,0,0,0,0,0,75,0,0,0,0,80,0,0,65,40,45,0,0,40,0,0,20,80,0,0,0,40,40,80,0,0,0,0,0,0,0,65,0,0,0,65,0,0,0,0,60,0,0,0,20,60,70,0,75,0,20,35,20,0,35,0,0,0,75,0,0,0,0,0,35,0,20,45,0,85,0,0,70,0,0,40,30,0,0,0,0,0,0,0,60,0,75,0,25,0,0,0,0,0,0,15,35,0,0 
40,0,0,0,45,65,0,0,65,80,25,60,0,0,80,0,0,0,0,0,0,0,85,45,0,0,0,0,25,0,0,60,15,30,40,0,0,0,0,0,20,0,55,0,0,0,0,0,0,0,60,65,0,0,0,30,0,75,80,0,0,0,0,0,0,0,0,0,0,0,85,60,0,0,80,0,0,0,0,25,0,0,0,0,40,0,0,60,0,40,0,0,15,0,0,0,0,0,0,0,50,0,50,0,85,0,0,85,60,75,55,35,80,65,0,0,0,85,0,25,25,40,0,30,0,0,0,0,0,0,0,75,30,15,0,70,30,0,25,0,0,15,70,60,0,40,30,0,0,0,25,0,70,85,70,0,0,75,65,0,85,35,0,0,0,0,0,0,75,20,65,0,0,80,0,75,0,0,30,55,0,0,0,0,0,55,0,0,0,85,0,0,15,55,0,0,0,0,0,60 
0,0,20,0,35,60,0,0,0,0,0,70,45,20,45,30,25,65,70,85,0,0,0,15,0,0,55,75,0,60,0,0,15,0,75,45,55,75,0,40,85,0,0,25,0,80,0,60,45,60,0,0,0,35,0,0,0,15,0,0,0,0,20,0,0,85,0,0,0,55,0,0,25,45,0,85,0,0,0,0,0,0,45,60,0,85,0,0,75,40,0,0,0,85,45,25,0,30,75,0,0,0,0,0,15,0,25,0,0,65,0,0,0,40,0,75,0,30,70,0,0,40,30,0,0,0,20,45,0,0,60,0,55,0,45,0,60,0,0,75,75,0,70,70,65,45,50,40,0,35,40,0,0,55,85,0,55,0,0,0,0,65,40,50,25,80,0,40,20,80,0,35,0,70,0,20,75,0,0,0,0,0,0,55,50,0,0,70,20,0,80,0,30,0,40,35,40,0,0,0 
65,65,60,50,0,80,0,0,70,0,30,0,40,0,0,0,0,0,40,0,65,45,70,65,75,0,0,0,0,0,0,0,75,0,0,0,35,55,50,75,0,25,0,0,0,0,0,35,40,0,0,0,45,0,0,0,30,0,15,50,0,50,40,0,80,40,80,0,25,15,0,65,0,0,0,25,65,80,0,80,80,0,50,35,0,0,0,0,85,0,85,0,55,75,75,0,0,0,0,60,0,15,0,0,0,0,0,35,0,0,35,20,55,0,0,0,45,0,0,0,50,80,0,0,0,65,0,0,0,0,0,65,20,0,0,80,0,0,0,85,0,0,0,15,0,25,0,0,85,0,75,0,0,0,35,15,0,0,0,30,75,70,85,40,0,0,40,0,0,0,35,70,15,0,70,65,35,80,0,0,0,50,0,0,45,0,0,85,0,75,0,0,0,40,0,0,0,55,0,0 
0,0,0,0,30,0,0,0,50,0,0,75,0,30,0,0,0,0,85,0,0,0,0,20,0,0,0,0,0,0,0,0,0,0,0,80,80,0,0,0,65,20,0,0,75,0,0,75,85,0,0,30,0,20,0,0,0,50,30,0,0,0,50,65,0,0,0,0,0,40,15,0,0,60,0,0,65,0,0,0,85,0,0,0,0,80,70,25,60,65,75,70,55,0,30,0,0,50,0,0,35,85,30,50,0,0,60,0,0,0,0,0,30,0,0,25,55,70,0,0,0,0,0,0,65,0,0,0,0,0,0,85,45,0,70,0,0,0,30,80,80,0,0,0,0,80,0,40,0,30,0,0,0,0,70,40,15,0,0,0,0,40,0,0,0,45,85,0,0,0,35,0,0,0,0,70,85,0,0,55,0,0,0,35,0,45,0,0,85,0,15,70,80,55,0,0,0,70,0,0 
55,85,70,0,75,0,40,0,0,0,0,80,0,35,0,45,0,60,25,0,0,50,0,40,0,0,0,25,0,0,70,0,35,30,0,70,0,0,0,0,0,0,65,40,0,55,75,0,0,0,0,0,60,0,0,0,0,85,0,75,85,0,0,0,0,0,40,0,0,0,85,85,0,0,15,0,0,0,0,80,0,0,0,0,0,0,0,0,50,0,0,40,0,50,0,25,0,70,0,85,0,0,0,45,0,60,15,0,65,0,0,0,0,0,0,0,55,0,0,0,80,0,0,20,0,0,0,0,0,0,35,30,0,0,0,0,0,30,15,0,85,0,0,70,0,25,0,15,0,0,0,70,0,20,80,0,0,0,55,0,75,0,0,0,0,75,0,0,60,65,0,80,0,0,0,70,0,0,0,0,45,50,0,30,35,0,0,85,0,35,65,35,85,0,0,85,0,0,0,40 
0,0,65,30,0,0,0,0,50,0,75,0,0,15,60,0,0,0,85,70,0,0,50,25,70,35,20,0,0,0,30,0,0,0,0,50,85,60,15,60,0,15,40,0,0,0,0,0,50,40,0,80,0,0,0,60,0,85,0,60,0,0,0,0,35,40,0,15,40,55,0,0,30,0,0,45,25,0,80,0,0,50,75,0,50,0,0,45,0,80,20,0,55,70,75,20,0,0,25,0,40,75,0,55,0,65,0,0,0,0,0,0,50,0,60,0,0,70,40,30,25,0,0,45,0,0,0,0,65,70,30,0,20,0,0,25,30,0,0,0,0,0,0,45,25,0,0,40,40,0,0,0,0,85,0,15,0,40,0,30,0,50,30,0,15,0,15,0,70,85,0,20,60,0,0,0,35,75,20,0,0,0,0,55,20,0,40,0,0,0,40,0,0,0,55,0,50,0,20,30 
0,0,0,0,85,40,0,40,0,40,0,0,30,0,0,75,0,0,0,0,70,35,0,0,15,0,0,0,0,70,30,0,80,45,0,15,55,0,0,85,0,0,0,0,0,0,80,30,0,65,0,35,0,0,0,40,0,0,0,0,45,0,0,45,0,35,85,0,0,0,0,45,0,70,70,0,0,45,0,0,0,0,0,45,0,0,70,45,0,0,0,0,35,80,65,0,0,0,0,0,0,0,0,25,80,85,0,0,0,85,25,0,0,80,0,0,0,0,65,70,70,0,0,0,0,0,0,65,0,0,0,0,70,85,65,0,25,40,0,75,65,35,85,0,0,35,50,0,0,70,75,40,0,0,0,0,0,25,0,0,75,0,0,0,85,30,70,80,0,0,60,20,0,50,0,0,15,30,75,0,0,45,0,0,0,0,85,0,0,55,0,70,0,0,0,30,55,0,0,0 
85,0,0,15,0,0,0,35,0,0,20,0,65,0,0,0,0,35,0,65,55,45,0,0,0,0,35,0,30,0,0,60,0,0,55,80,50,25,0,65,20,0,20,0,0,80,0,40,0,85,0,85,25,0,65,0,0,30,0,0,50,40,0,0,25,85,0,0,0,0,75,0,60,30,55,0,0,0,55,0,0,0,80,30,0,0,0,45,0,65,25,0,0,0,0,0,0,0,0,0,75,0,0,85,0,0,0,40,0,0,0,45,40,0,0,0,0,45,0,0,0,0,0,0,0,0,0,70,0,0,0,20,0,20,0,80,80,60,0,80,0,0,0,0,0,20,65,0,35,0,0,0,0,0,0,55,80,15,65,0,65,0,0,0,50,0,0,80,0,20,30,65,50,0,0,0,40,0,0,0,15,0,85,80,0,0,0,0,0,50,0,70,80,45,75,80,0,20,45,0 
55,0,65,80,70,45,50,0,65,45,0,0,0,55,40,0,15,30,0,0,0,0,0,70,60,0,0,0,40,60,0,60,70,15,35,25,25,85,70,0,70,0,0,0,35,0,0,0,0,0,0,75,0,0,0,0,70,40,0,0,0,0,55,0,0,0,0,60,0,75,0,0,15,70,0,0,35,50,0,0,0,0,0,65,55,0,0,0,0,0,45,80,40,0,0,30,0,0,15,80,0,15,0,60,0,25,0,0,0,0,0,0,0,40,0,35,0,60,0,0,0,0,0,60,0,0,35,30,0,0,0,60,0,0,0,15,0,50,0,0,0,0,80,65,30,35,25,20,0,0,0,80,15,0,0,0,55,0,0,30,0,0,0,0,0,0,0,15,0,75,0,0,70,0,0,0,0,25,65,0,15,0,0,25,45,0,75,0,70,40,60,0,85,80,0,0,50,0,85,0 
0,0,0,0,0,0,35,0,35,0,0,0,50,0,85,60,55,0,35,65,0,0,0,0,15,0,50,55,55,80,0,35,0,0,40,0,55,75,0,50,85,30,0,75,0,50,50,0,0,0,0,0,0,65,50,0,0,0,0,0,0,85,70,50,0,85,0,0,50,60,0,0,0,0,0,55,15,0,45,0,45,50,0,35,0,65,0,0,65,0,45,0,0,0,60,80,0,0,0,80,0,0,0,40,0,0,85,0,0,70,30,0,0,0,20,0,45,30,25,35,65,0,75,0,65,85,30,0,0,20,60,0,65,65,50,0,70,50,0,0,0,0,0,0,0,55,0,0,0,0,45,50,80,15,70,0,0,0,45,65,60,0,25,0,0,0,60,0,0,0,0,25,0,35,0,85,0,0,40,45,0,0,0,0,0,25,0,0,0,65,60,0,20,25,0,0,0,0,20,0 
0,0,50,20,0,0,0,20,30,0,0,0,0,15,0,0,70,0,0,0,0,0,0,0,0,20,50,0,0,0,0,0,0,35,0,0,0,0,0,65,40,0,75,0,80,80,15,70,0,0,0,0,0,0,0,0,85,25,0,70,0,80,0,0,0,0,0,30,0,20,0,0,75,0,0,85,0,60,25,0,45,0,0,25,0,40,25,30,65,0,30,0,0,0,85,50,50,45,0,0,0,0,20,0,0,0,0,30,0,25,0,0,20,0,0,15,0,0,0,0,0,65,30,55,20,45,0,20,70,0,0,65,0,25,0,50,0,65,0,40,40,0,0,0,0,60,0,0,0,15,0,0,40,50,40,0,0,45,50,0,0,0,55,80,20,75,80,70,40,15,0,60,20,0,0,0,0,0,0,70,0,0,0,0,35,0,15,60,0,30,0,0,0,0,85,0,0,30,0,0 
80,55,60,35,0,0,60,50,0,0,85,0,0,55,0,50,0,0,0,65,0,0,70,0,0,0,0,0,0,0,65,0,0,55,20,20,0,75,80,15,40,80,80,15,45,75,0,0,0,0,20,0,0,0,0,20,0,0,60,0,80,0,0,0,0,0,0,0,0,60,0,35,0,0,0,0,0,70,0,65,85,55,0,20,85,0,0,0,0,0,85,20,0,0,75,0,70,0,60,0,0,65,0,60,0,15,0,0,0,0,0,80,0,85,0,0,20,0,0,50,35,0,15,0,0,0,0,0,85,20,0,65,25,0,0,0,0,0,0,65,0,0,65,35,75,85,0,0,40,0,0,0,0,60,0,0,85,25,0,45,0,80,50,0,60,70,75,0,45,0,0,15,0,20,0,0,0,0,65,0,0,0,0,0,30,0,60,0,0,85,0,0,0,55,0,0,0,25,20,70 
75,25,0,0,55,0,0,0,20,0,0,0,15,0,0,0,85,20,0,0,55,15,0,0,0,30,0,0,15,0,0,45,0,0,85,20,0,0,20,0,0,0,0,75,75,0,0,80,60,0,15,55,65,0,0,55,0,55,20,35,0,35,0,35,45,85,0,0,0,0,0,0,0,0,0,35,0,80,0,0,0,0,0,50,0,0,0,45,20,0,0,0,0,45,0,0,0,0,35,45,0,40,45,75,75,30,0,45,0,75,85,0,0,0,70,0,65,30,0,0,40,0,0,45,0,70,0,0,65,0,0,50,0,0,0,0,0,20,0,25,0,85,0,30,0,0,0,0,0,0,0,75,0,0,0,0,0,15,0,45,0,50,0,0,0,0,0,0,0,55,0,0,20,0,0,15,0,0,0,0,0,0,0,0,45,40,0,30,0,0,0,15,40,0,45,0,40,0,0,0 
0,85,0,0,0,0,0,0,35,50,0,0,0,0,0,0,0,0,0,0,30,0,0,0,0,0,0,35,0,0,0,0,0,35,35,0,0,50,70,50,70,60,50,70,0,50,0,0,20,0,0,0,0,0,40,70,0,35,20,0,30,80,0,0,40,0,35,0,70,85,0,0,0,45,30,75,25,0,40,20,0,0,60,55,0,0,0,85,75,75,0,70,0,35,0,0,0,0,0,55,0,75,25,60,0,0,0,30,0,0,0,70,0,0,0,0,65,55,0,0,0,0,70,0,80,0,0,25,0,80,15,0,50,0,0,0,85,0,20,20,0,0,0,0,35,85,0,0,80,0,0,0,0,0,80,30,15,0,15,65,0,65,0,0,0,0,0,55,70,0,20,0,0,0,0,0,0,60,0,65,20,0,0,25,0,0,0,45,0,0,0,0,0,75,20,0,60,0,0,0 
0,0,0,65,0,65,0,70,75,40,85,30,40,0,30,0,75,0,0,0,0,0,55,35,20,0,50,85,75,0,30,0,60,0,0,0,65,25,15,0,65,0,0,0,65,0,30,0,0,0,0,25,0,0,0,20,0,0,0,0,0,0,0,75,0,15,0,40,0,50,0,55,0,0,85,0,0,0,0,0,70,55,15,60,65,0,55,35,70,0,0,0,0,0,0,80,0,85,0,0,0,0,85,50,0,15,0,0,0,60,0,0,0,15,0,0,50,0,0,20,0,65,30,60,0,0,0,30,25,80,0,70,0,0,0,85,0,0,40,0,0,15,55,0,0,0,0,0,35,25,45,80,0,0,0,85,0,0,0,50,0,40,0,0,0,0,85,0,0,0,0,30,0,50,0,15,0,0,0,0,0,45,0,50,20,0,70,0,85,25,0,60,30,35,0,75,0,0,0,0 
30,50,75,0,0,0,60,30,0,0,0,40,0,35,0,0,85,0,20,60,65,0,0,80,0,0,0,85,0,50,0,60,0,0,25,0,0,70,0,35,55,15,0,0,60,0,0,0,0,0,0,40,0,15,0,55,0,65,0,0,0,65,0,20,70,0,85,0,65,0,0,0,0,0,0,0,0,85,0,80,75,0,0,0,0,0,0,0,0,15,85,40,65,0,0,55,80,0,75,55,20,25,80,0,0,0,0,60,0,0,30,85,65,0,0,20,0,0,0,0,85,0,0,0,0,0,30,0,40,60,50,50,65,0,20,0,0,0,0,30,0,0,15,0,0,0,0,15,0,60,0,15,0,0,0,0,0,60,25,0,0,55,15,0,20,0,0,0,50,0,0,0,0,35,0,0,40,0,0,0,45,30,0,25,0,0,0,85,0,0,0,50,0,0,30,0,0,0,60,55 
0,85,0,70,0,0,70,60,0,35,0,0,0,0,0,0,70,75,45,50,0,35,30,30,85,0,45,55,0,0,0,30,0,0,0,0,65,50,55,0,0,0,0,0,60,35,15,0,0,70,0,40,0,0,0,45,0,75,0,0,25,0,0,0,0,0,20,45,35,0,55,0,0,0,65,0,50,0,0,60,0,70,0,0,40,65,75,15,0,55,0,20,0,40,0,25,30,65,0,45,30,45,0,0,0,0,0,0,50,0,0,0,65,0,65,75,0,0,0,15,55,0,25,0,0,30,15,0,0,0,0,0,0,0,0,20,40,0,0,0,55,45,60,0,80,0,0,0,55,60,75,20,80,25,20,75,0,15,45,65,0,75,0,0,0,0,0,35,0,65,55,0,0,80,85,0,60,0,0,0,35,0,70,65,0,0,45,0,0,0,0,70,0,0,0,0,0,85,60,15 
70,0,0,45,80,75,0,0,0,0,0,80,65,0,0,0,0,0,40,0,0,0,15,0,0,0,50,85,0,0,0,0,40,0,15,0,0,60,65,0,0,0,0,0,45,0,55,0,50,15,35,0,0,55,0,0,0,55,0,60,45,0,65,0,25,0,50,45,0,15,30,65,40,65,60,55,0,0,65,20,0,15,40,35,0,0,25,0,0,65,0,75,65,30,0,0,70,0,0,40,30,0,0,0,0,55,35,25,20,0,30,0,0,0,50,0,0,0,0,0,0,0,0,75,85,80,0,0,75,80,0,0,40,65,25,20,0,30,0,0,20,30,70,35,15,70,0,85,0,0,0,60,0,0,35,0,0,60,0,75,0,15,20,0,75,0,40,0,0,45,0,0,0,0,0,0,70,0,35,0,0,0,0,0,0,0,0,0,0,0,0,0,0,0,0,0,0,0,0,65 
0,70,75,0,0,0,0,25,20,0,0,0,15,0,0,0,50,60,0,35,0,50,20,0,0,0,0,40,0,75,0,25,0,0,0,45,0,15,0,0,0,70,0,0,80,0,0,25,45,0,65,0,80,0,0,55,30,80,65,0,0,0,0,55,0,15,20,40,0,0,30,0,0,0,20,0,60,15,0,0,0,85,0,0,25,0,0,0,0,70,0,85,0,85,0,0,0,0,65,0,0,0,0,50,0,0,20,75,0,25,30,50,0,0,0,0,20,0,0,30,0,0,0,75,0,80,85,0,65,0,0,0,40,0,0,0,0,0,55,20,0,55,75,30,0,30,85,25,75,0,0,50,15,0,0,30,0,80,70,0,0,85,0,0,20,65,0,35,70,0,0,0,0,85,30,85,20,55,0,0,70,0,35,0,0,0,0,0,35,0,0,0,50,80,50,0,0,40,80,0 
70,80,80,0,0,0,0,0,0,60,0,0,30,0,0,0,0,0,0,55,45,0,0,70,0,75,0,0,80,50,75,0,25,75,0,15,0,60,0,0,55,0,0,0,0,40,75,0,70,0,0,0,25,55,0,0,0,65,0,0,50,0,80,0,0,0,0,0,0,0,80,0,0,0,70,35,0,55,65,0,20,0,0,75,25,0,0,0,0,0,60,85,35,0,0,0,0,0,0,75,75,30,0,0,25,45,25,0,0,30,0,0,0,65,65,40,0,0,70,45,0,60,15,0,0,0,0,0,35,0,0,0,0,0,85,0,15,0,45,30,55,0,75,0,85,0,25,0,0,0,0,0,85,0,0,35,35,0,0,0,40,0,55,0,0,45,0,80,0,0,65,0,0,70,0,0,40,0,75,0,0,50,15,0,0,0,0,0,0,45,25,65,40,0,50,0,25,0,35,20 
0,40,75,50,45,0,0,0,0,80,0,0,0,20,0,55,0,0,0,0,0,0,0,30,0,15,15,15,50,0,15,0,50,0,60,0,15,0,0,15,80,45,0,0,20,0,0,35,0,0,0,35,0,0,80,0,0,0,0,0,0,85,0,0,0,0,0,35,0,0,0,40,0,30,25,0,65,0,0,85,0,25,0,0,45,45,0,55,0,30,0,0,45,0,75,30,75,0,0,65,0,70,85,65,0,55,0,0,0,85,0,0,0,0,0,0,0,0,70,0,0,0,70,70,0,0,0,0,85,0,80,0,0,65,0,0,55,15,60,70,75,75,0,25,75,0,65,0,50,20,0,0,0,15,0,50,0,0,0,0,0,0,0,0,0,0,0,85,40,20,70,0,0,0,0,35,0,60,0,25,85,0,30,15,0,30,0,0,0,0,0,0,0,50,0,45,60,0,0,25 
0,55,25,25,0,70,0,0,0,0,0,0,75,0,0,65,0,0,0,75,0,0,60,65,0,0,20,0,40,45,0,0,0,55,40,0,60,70,55,15,40,30,0,70,45,0,85,0,0,0,0,0,0,0,20,0,35,0,65,0,80,0,80,30,0,0,0,0,40,0,0,35,70,0,40,0,0,80,0,40,0,0,80,0,0,0,35,65,0,65,75,0,25,0,0,0,0,45,0,25,35,0,30,40,0,25,70,65,0,0,65,80,0,0,0,25,50,0,75,0,0,0,60,70,15,0,70,45,0,0,65,0,0,35,30,0,0,0,0,35,30,0,25,0,0,0,0,45,65,60,85,0,0,60,0,20,65,0,75,0,0,0,15,0,0,85,60,70,0,75,0,0,25,60,0,40,0,0,60,0,15,0,80,0,70,70,0,20,80,0,15,0,35,0,0,80,0,25,0,0 
0,0,0,0,0,30,15,45,0,30,65,15,0,20,0,70,0,70,0,0,15,0,0,0,0,0,0,70,0,0,0,0,0,0,0,30,0,25,0,0,0,30,75,0,0,75,70,0,25,55,20,85,0,20,0,50,40,80,0,75,0,0,0,0,0,50,50,0,0,0,0,0,0,15,20,25,25,20,15,0,0,20,30,85,0,70,0,40,0,0,70,0,0,85,0,0,25,0,0,0,0,0,0,65,50,0,45,70,0,45,0,35,0,0,25,0,0,45,0,0,0,0,0,65,0,0,0,25,0,0,30,0,0,75,0,35,0,0,80,15,0,85,75,0,0,25,60,55,0,0,0,75,85,0,0,0,60,0,0,15,65,85,0,25,0,0,40,45,0,65,25,0,25,0,70,0,0,0,0,0,60,0,0,0,0,0,0,0,30,45,0,0,0,60,15,0,85,0,15,70 
0,0,20,0,55,0,0,75,0,85,85,0,0,0,0,25,15,0,15,0,0,65,70,0,0,40,75,30,0,0,0,20,70,0,80,15,0,60,0,0,0,0,0,0,0,35,40,35,0,15,30,0,0,25,25,0,0,0,0,0,30,0,0,35,0,20,0,70,0,25,0,40,0,0,35,0,0,70,0,20,0,0,60,15,45,0,40,30,0,25,0,0,0,65,55,0,0,65,0,0,60,0,0,75,15,0,40,70,35,25,0,40,25,0,0,55,0,0,0,15,85,20,40,45,25,80,25,0,35,20,35,55,60,85,0,85,0,0,0,70,30,0,0,0,25,0,45,40,0,0,85,0,35,60,0,0,0,0,85,20,0,0,0,75,35,0,40,0,0,75,0,0,0,0,0,20,0,35,70,0,65,0,0,40,25,0,25,80,0,0,0,0,0,0,0,0,0,0,40,80 
0,0,30,35,80,0,45,0,0,0,0,55,0,20,0,40,0,65,65,15,0,0,0,60,0,0,0,0,0,0,0,0,0,65,0,0,70,0,0,0,20,0,0,0,80,0,0,70,0,0,0,0,0,0,0,40,30,35,45,0,0,0,0,55,70,0,0,70,0,35,0,0,0,0,80,0,50,0,25,20,85,0,0,0,20,70,0,30,0,0,0,0,0,55,70,30,80,0,0,20,0,0,0,75,0,0,70,0,45,55,0,15,0,40,0,0,0,0,15,0,0,60,30,50,0,0,0,0,50,65,25,0,0,0,0,0,0,0,0,0,85,25,65,0,60,45,0,0,25,0,0,50,85,0,60,0,0,70,0,85,0,0,35,0,70,20,50,0,35,0,0,60,0,85,0,30,0,0,0,60,0,0,45,0,0,0,65,35,60,0,0,30,0,30,0,25,85,0,0,0 
0,60,30,0,0,0,0,15,0,0,0,0,85,0,70,45,0,0,0,85,75,75,0,0,0,40,0,45,70,0,80,40,0,20,60,15,0,0,0,85,80,45,55,60,35,0,0,40,0,0,0,0,0,0,0,0,0,60,0,0,0,35,0,0,0,30,75,0,0,35,20,0,75,25,0,0,0,65,0,0,45,0,0,0,0,0,0,0,85,0,0,70,25,0,0,0,0,0,55,0,45,0,0,0,0,0,85,85,0,0,0,0,0,85,0,0,70,55,0,0,0,70,0,40,0,40,15,40,0,0,20,0,0,0,0,0,0,15,0,85,25,0,0,45,55,40,0,0,25,40,0,0,0,80,0,75,0,40,0,0,0,0,25,0,0,0,0,0,40,45,0,40,45,65,0,0,0,0,0,0,0,0,25,0,0,0,15,45,0,0,0,50,40,55,0,0,80,0,0,0 
0,0,35,30,80,80,0,0,0,0,0,0,0,0,0,0,0,0,0,0,0,0,30,85,0,85,40,25,35,55,75,0,0,15,0,0,0,0,0,50,85,0,40,0,0,0,80,50,0,0,30,0,0,0,0,0,35,70,0,0,0,50,50,0,25,0,60,0,70,25,0,0,0,0,0,0,0,65,0,0,0,0,0,50,0,60,0,0,35,0,0,0,0,0,0,15,0,35,0,85,55,0,0,0,15,0,45,0,0,0,0,0,50,0,0,65,85,0,15,60,0,0,0,0,85,0,0,40,0,35,0,0,0,40,0,80,35,0,55,0,75,0,50,65,0,0,25,25,0,0,0,15,0,0,40,75,0,50,0,0,0,30,0,0,0,0,0,35,0,0,0,0,0,0,15,80,0,20,75,0,0,0,55,50,35,0,40,0,0,70,0,25,0,60,50,40,0,0,55,0 
0,0,0,45,0,0,35,0,60,0,45,0,0,0,0,0,45,0,0,0,85,0,0,80,0,40,0,85,0,0,0,0,35,0,0,0,0,0,20,75,0,0,0,0,0,0,65,0,0,0,25,35,0,30,85,75,0,50,0,0,0,0,80,0,35,0,50,45,0,0,65,35,0,0,0,65,25,0,50,0,40,85,0,70,0,0,65,0,40,0,0,80,0,60,0,0,45,35,0,0,70,0,0,85,0,0,70,0,0,0,0,55,0,0,65,40,0,0,65,0,0,75,0,35,0,30,0,0,70,0,0,0,15,0,0,0,25,60,60,0,0,0,20,60,0,0,0,40,0,0,20,75,0,0,0,70,0,80,0,0,0,80,0,0,0,25,0,0,55,0,0,0,0,0,20,80,0,0,50,0,80,0,0,30,0,40,0,45,80,0,0,70,0,0,75,40,0,40,0,0 
0,0,55,0,20,0,0,0,0,0,30,50,55,0,0,0,70,0,75,0,40,0,0,20,0,60,65,0,0,0,65,0,85,85,75,85,80,80,60,20,30,70,70,0,0,45,20,0,0,0,0,0,55,35,0,0,0,30,70,70,0,0,0,0,0,0,0,15,55,0,0,0,0,75,50,60,0,0,0,0,20,65,0,75,0,20,0,0,0,85,0,0,0,55,0,75,0,35,0,0,45,0,0,0,25,0,0,35,0,60,0,0,0,0,0,0,0,0,0,75,0,0,25,40,75,0,0,0,75,0,0,45,0,0,0,0,45,0,75,0,0,0,0,85,0,85,0,0,0,20,0,0,0,75,20,25,15,65,85,0,0,0,0,0,0,20,15,0,0,0,20,40,0,0,75,55,80,40,80,0,0,0,75,0,0,0,0,20,0,55,0,0,15,0,0,0,0,0,50,0 
0,0,25,45,0,45,0,0,0,50,80,30,85,25,0,0,0,0,15,0,0,0,0,0,55,0,80,55,40,0,35,65,0,25,0,0,20,0,35,70,0,30,75,0,0,0,15,0,0,0,75,0,0,0,80,75,15,15,0,0,0,40,45,50,0,0,0,0,60,0,0,0,0,80,30,0,0,0,70,30,0,0,80,50,60,0,35,20,15,0,35,0,55,15,70,0,0,35,0,40,50,45,0,85,30,0,30,30,0,0,0,0,70,0,0,20,30,55,0,15,0,20,0,0,0,0,70,0,40,0,80,50,0,0,75,0,80,15,20,60,50,0,0,0,75,0,50,0,15,75,0,0,85,0,0,0,0,0,0,0,45,0,65,0,0,0,0,0,0,0,20,0,25,0,20,25,0,0,0,0,0,0,0,0,15,70,0,0,60,0,0,0,0,0,60,30,15,0,0,0 
0,0,0,0,65,0,30,0,0,0,40,80,35,0,0,0,0,0,80,60,0,0,0,0,0,0,60,0,50,50,0,70,0,45,0,0,0,0,0,0,0,0,15,35,0,20,0,0,0,0,0,0,0,0,55,0,85,20,45,0,0,0,0,0,45,0,0,0,75,0,0,0,0,60,20,0,0,0,40,0,0,65,0,50,65,0,0,25,0,80,65,15,0,0,0,25,25,75,0,85,40,65,0,0,0,0,80,65,0,75,80,0,55,0,80,70,0,65,0,0,0,35,70,0,0,0,0,0,0,0,15,80,40,0,0,0,0,0,80,0,15,85,0,0,85,35,85,0,0,0,0,85,0,0,35,50,45,15,0,0,0,0,35,85,0,0,0,25,0,80,50,15,0,0,0,0,15,75,20,70,0,0,60,70,80,0,0,15,0,65,0,65,60,35,0,0,0,35,0,0 
0,0,40,0,0,0,0,0,40,50,0,0,0,85,0,85,0,0,0,0,0,0,0,0,25,0,30,15,80,0,0,0,0,0,0,25,0,30,0,0,25,0,0,0,50,0,0,0,0,0,0,0,0,0,0,0,0,70,50,0,0,50,0,30,0,60,40,55,40,0,25,0,0,0,0,0,0,15,0,0,0,0,70,60,0,0,45,0,0,0,0,50,80,0,0,80,45,85,0,0,0,70,0,75,80,0,0,0,0,40,0,0,30,0,0,0,0,30,0,0,0,20,85,55,0,0,20,85,0,0,0,15,50,60,0,0,0,0,25,0,0,0,15,60,0,60,0,80,0,0,75,0,0,0,0,45,85,0,75,0,0,0,0,0,0,25,0,0,0,0,0,0,75,0,70,0,0,0,30,0,20,25,15,55,0,0,0,0,0,45,0,0,0,0,0,0,0,0,35,0 
65,45,0,0,15,55,80,50,70,0,35,0,0,0,0,0,45,0,75,0,0,0,25,0,50,30,0,0,0,45,50,0,0,0,35,0,35,65,0,0,0,60,0,0,35,0,0,0,80,0,0,0,85,0,20,0,0,0,0,0,0,0,15,0,70,0,0,0,25,55,25,40,85,0,50,0,0,55,85,0,0,0,65,0,0,0,0,65,0,0,0,0,50,0,45,0,0,70,50,50,75,0,80,75,0,55,0,0,0,60,60,0,0,35,20,0,0,0,0,0,75,0,70,85,35,70,80,0,0,0,0,70,40,0,0,80,0,0,20,35,0,0,0,0,0,0,60,0,40,0,20,0,35,0,0,0,0,0,85,50,0,0,55,0,0,15,0,85,0,0,80,40,75,0,0,0,35,0,0,0,0,20,70,15,0,0,0,85,0,45,0,0,0,20,0,0,0,45,80,80 
0,0,0,35,0,0,40,85,0,40,0,70,0,0,0,0,0,55,0,25,20,25,70,0,20,65,0,0,0,0,0,40,85,45,0,0,30,0,0,0,70,0,45,20,40,0,0,0,60,80,50,15,0,60,0,65,30,25,0,0,0,0,0,0,0,0,0,35,15,45,30,35,0,35,55,0,0,0,0,0,65,40,0,0,0,65,0,0,0,0,35,0,0,0,50,0,0,0,80,20,25,0,50,0,0,75,20,55,35,0,25,80,0,35,0,30,50,0,0,0,0,35,0,0,15,40,0,15,0,55,0,0,0,0,0,30,85,0,75,0,30,35,50,20,0,0,0,75,75,70,25,0,50,45,0,0,80,60,75,20,85,35,45,0,0,50,0,0,0,40,0,0,40,0,0,65,80,25,0,45,0,65,30,40,15,0,0,0,85,0,0,65,0,0,0,35,60,15,0,0 
0,45,0,60,0,0,0,0,15,30,0,45,0,0,0,40,80,0,0,15,0,0,0,0,0,0,20,30,20,0,0,0,40,0,70,80,50,45,0,0,0,25,30,20,0,0,0,25,65,0,0,15,20,0,55,0,20,0,0,50,0,0,65,25,45,0,0,0,55,55,0,35,0,80,75,40,45,0,0,0,0,0,45,15,80,0,0,0,0,85,70,45,0,0,0,0,0,0,85,0,60,55,15,55,45,35,0,0,85,0,0,0,0,0,45,0,0,0,50,0,0,0,0,55,0,15,0,0,0,80,55,0,0,85,0,15,0,0,0,0,0,35,0,65,60,0,0,0,0,0,15,0,45,85,0,80,0,65,0,45,80,85,0,0,85,20,0,0,30,35,0,20,75,0,80,0,45,0,0,85,0,20,0,0,45,65,0,0,0,0,0,0,0,60,55,85,0,40,0,75 
35,85,0,55,0,85,35,70,0,0,0,0,0,60,0,65,0,60,55,15,65,0,0,70,35,25,40,0,0,0,0,0,0,0,60,0,75,0,0,60,50,20,0,0,0,0,0,45,0,0,25,70,70,0,40,0,45,0,0,0,0,0,0,0,0,0,0,0,0,0,0,0,75,0,0,60,0,0,0,0,20,0,0,60,0,85,0,0,0,25,0,0,0,0,15,0,80,45,45,55,0,65,30,0,0,25,0,60,30,0,0,40,0,0,0,20,65,70,20,0,0,0,75,0,0,0,0,40,25,15,0,0,45,25,15,0,0,60,15,60,80,0,0,0,0,0,70,40,50,80,65,0,15,0,0,60,65,0,0,0,0,0,0,50,0,0,0,85,40,0,65,35,0,60,30,0,15,0,45,30,45,65,50,75,25,0,0,80,60,85,0,65,0,0,60,0,25,0,65,0 
80,0,85,0,0,45,0,0,50,0,75,60,0,0,0,0,0,25,80,20,0,60,35,20,0,80,0,0,0,0,60,25,0,0,60,20,70,0,0,0,0,0,0,0,0,0,80,30,50,0,80,30,85,75,0,20,45,50,25,0,0,80,0,55,0,0,0,0,0,0,80,45,0,45,60,0,0,15,0,30,0,0,0,0,0,45,20,45,0,0,30,0,30,0,50,60,0,70,0,40,35,0,40,0,25,0,0,0,0,0,70,0,40,0,25,85,0,0,0,30,25,0,65,0,0,0,55,0,0,65,0,45,50,0,0,15,0,25,45,0,70,0,0,75,0,85,0,0,0,0,85,0,0,75,85,75,0,0,0,0,0,75,50,20,85,85,0,0,45,0,0,35,0,0,0,0,0,0,15,0,70,45,75,0,0,0,0,50,0,55,0,0,0,0,0,75,15,65,0,0 
80,50,55,0,0,0,80,0,0,0,50,0,0,0,0,0,60,0,85,0,0,75,60,0,45,0,55,0,0,0,0,55,0,0,0,45,0,0,0,0,20,0,75,20,0,50,0,0,0,0,0,0,30,0,0,60,30,0,0,0,0,0,20,55,0,0,0,0,0,0,0,0,80,25,55,0,45,0,0,0,0,0,65,65,0,20,0,75,65,0,0,30,35,0,25,0,50,0,0,0,70,0,85,0,20,0,20,0,0,0,0,0,0,25,0,50,40,85,0,20,60,75,0,0,30,0,0,30,0,0,30,65,0,45,45,65,50,0,65,75,0,0,0,0,15,20,85,0,0,0,0,0,0,0,50,20,45,0,0,0,0,0,70,0,0,0,30,50,0,45,80,75,60,70,20,0,40,85,0,0,15,0,45,0,0,0,75,0,25,15,0,25,0,0,60,45,0,70,0,55 
0,0,0,0,85,0,0,0,0,0,15,0,0,45,30,50,75,60,65,0,0,40,0,0,25,85,20,0,55,65,15,85,0,0,45,0,0,0,70,0,0,45,0,0,65,85,80,0,45,0,65,0,60,0,0,0,0,70,50,15,0,0,0,0,0,0,75,20,0,85,0,0,40,45,40,0,0,0,55,0,0,0,40,0,0,0,0,0,45,55,0,0,35,40,0,0,0,70,0,30,0,65,15,0,75,0,40,0,0,0,0,0,45,80,0,0,0,65,0,0,55,0,85,0,75,0,75,0,75,65,0,60,0,0,0,0,0,0,0,0,0,40,0,0,65,0,0,0,0,0,0,45,0,0,0,85,80,0,0,0,0,0,55,35,0,60,0,30,45,0,0,0,60,0,0,80,25,0,0,0,65,0,0,0,35,25,80,80,0,0,0,0,0,60,85,0,30,0,0,0 
0,15,60,25,20,80,80,30,0,0,25,0,20,0,0,15,0,50,15,0,0,0,0,45,60,15,20,0,0,70,0,55,0,0,0,0,75,0,0,0,0,0,0,0,0,40,0,35,0,0,0,0,0,50,35,30,35,20,85,50,80,75,0,70,0,0,0,55,0,0,50,40,0,60,30,0,85,0,85,0,0,40,20,0,75,60,0,0,40,0,0,0,0,45,0,0,0,0,0,0,0,0,50,25,0,0,50,70,0,0,40,55,70,0,0,0,15,75,15,0,0,0,35,65,70,40,0,50,0,0,0,0,0,80,50,65,40,55,75,15,85,0,0,0,85,0,0,0,30,80,0,0,0,0,0,35,85,0,75,0,0,0,0,0,65,0,0,0,0,0,20,0,0,0,0,0,0,0,0,30,60,0,65,0,0,45,40,0,30,55,0,0,0,0,0,0,35,0,0,0 
20,85,0,0,0,0,55,25,50,0,45,0,40,40,0,0,0,0,60,0,0,30,0,55,65,0,15,0,60,0,40,50,0,0,0,0,0,50,65,0,35,0,60,0,35,0,0,70,0,25,0,0,0,50,60,0,0,15,75,0,0,0,0,0,0,0,15,0,0,15,75,0,0,0,85,60,0,60,0,0,0,0,45,85,0,0,0,0,55,0,0,55,0,45,0,0,0,55,45,0,15,45,0,0,55,0,0,65,0,25,80,0,0,0,60,55,80,70,30,0,0,0,0,40,85,0,0,30,0,0,0,25,55,50,0,0,0,15,0,20,0,55,0,15,0,0,35,25,0,0,0,65,35,0,55,45,0,0,50,70,55,0,0,85,0,0,0,0,15,40,0,0,0,0,0,0,15,0,0,0,0,25,50,0,25,0,0,0,0,0,0,0,50,0,0,0,0,0,25,70 
50,25,0,0,0,0,0,0,0,0,0,0,0,0,65,0,60,35,0,60,40,0,0,20,0,0,80,0,0,0,0,75,0,80,0,0,80,0,0,0,0,0,85,0,0,0,25,0,80,55,55,0,0,0,0,75,55,85,75,0,0,40,85,0,0,0,0,0,0,25,85,20,0,0,85,85,0,0,40,0,15,15,55,0,45,0,65,0,0,30,0,0,45,0,0,0,35,30,0,0,35,75,0,45,30,0,0,0,85,25,0,0,0,0,0,0,0,75,20,0,45,0,0,50,40,0,0,0,0,0,0,0,80,0,0,0,0,0,0,0,0,0,0,0,25,75,0,0,0,0,0,0,85,0,0,0,0,50,20,0,35,0,85,0,20,0,60,85,0,0,30,0,70,0,0,0,0,0,0,0,0,0,15,25,0,0,70,0,0,0,0,0,0,65,0,85,85,30,45,65 
0,25,0,45,75,0,0,40,0,0,40,75,25,0,55,20,60,0,75,0,85,75,20,0,0,25,0,0,70,0,65,0,60,0,30,25,25,40,0,0,55,65,80,0,40,0,85,20,0,0,70,0,0,35,65,0,0,0,0,0,0,0,65,0,65,0,25,0,0,0,0,75,0,45,40,0,0,0,35,0,0,0,0,65,0,50,0,0,0,65,0,85,20,0,0,0,0,55,0,0,0,0,0,0,35,20,30,0,0,0,0,30,0,0,0,0,0,15,0,0,20,0,0,25,0,0,0,15,85,50,0,0,20,60,0,0,0,20,0,75,20,0,0,0,0,35,70,0,0,0,0,0,0,0,0,0,85,0,85,0,0,65,0,20,0,75,0,85,0,55,0,20,0,0,0,0,65,40,0,85,0,0,0,55,0,0,40,30,0,45,0,0,40,80,0,35,35,20,0,0 
15,65,0,0,35,0,0,0,0,0,80,0,0,25,25,85,0,35,0,80,0,0,0,0,0,0,0,0,0,45,70,35,15,30,0,15,0,0,85,0,30,0,60,0,35,0,0,0,0,50,0,30,30,25,45,75,0,0,0,0,15,0,0,0,0,0,35,0,30,0,0,85,0,40,0,0,40,0,70,45,0,65,0,0,0,55,0,0,70,0,35,0,0,0,0,0,0,0,0,0,0,85,0,0,0,50,0,0,0,0,0,0,80,0,40,85,0,30,0,0,0,35,0,80,0,45,75,0,30,0,0,0,75,70,0,0,0,0,0,0,65,45,0,85,0,0,20,0,0,25,20,0,0,25,15,50,20,0,85,0,60,0,0,0,75,0,0,0,60,85,0,55,0,0,0,15,0,55,0,85,0,60,15,70,40,80,85,0,0,25,0,0,0,0,55,0,0,0,0,85 
0,65,0,70,30,30,0,0,20,20,0,25,0,45,0,0,0,0,0,80,0,85,0,55,60,0,0,35,40,75,0,0,0,0,20,70,65,0,0,20,0,50,0,0,0,0,35,0,0,0,0,85,0,0,60,0,0,75,0,0,0,75,0,0,0,0,0,0,0,0,0,35,60,0,85,20,35,0,70,0,15,0,0,0,75,0,30,60,20,0,45,0,25,65,0,0,25,0,20,75,50,55,0,70,0,35,0,55,0,70,0,0,60,0,45,0,0,15,0,0,0,0,0,0,40,85,0,15,70,0,0,60,80,75,0,0,85,0,0,40,0,0,0,60,40,40,50,0,0,0,15,0,0,0,0,0,0,0,0,30,0,0,0,60,0,0,0,0,0,0,50,20,15,25,0,55,45,50,0,15,0,0,0,0,0,45,0,0,0,0,55,0,20,0,0,0,0,0,0,0 
55,70,0,35,0,70,0,0,30,0,0,0,70,0,75,55,70,15,0,40,30,0,75,0,0,0,0,0,0,30,50,25,0,0,70,80,50,0,70,25,0,80,0,50,50,0,65,0,0,0,0,0,0,0,70,0,0,0,0,0,0,0,0,35,0,0,0,40,65,0,15,25,0,40,0,0,0,0,0,0,0,0,0,80,0,65,20,0,0,0,0,65,0,0,0,0,65,65,45,50,35,30,0,35,0,75,15,85,75,0,0,65,65,0,0,65,30,0,40,0,55,20,0,40,0,0,0,0,80,80,15,0,70,0,0,55,0,0,35,0,35,80,85,70,45,0,0,0,35,0,0,0,25,0,85,0,0,85,0,50,30,0,0,85,85,0,0,0,0,40,40,30,30,0,0,70,40,0,0,0,0,0,0,0,0,0,0,0,60,0,80,55,0,25,0,0,55,0,0,0 
0,0,0,0,0,0,0,30,70,0,15,25,0,0,35,0,0,0,0,0,0,0,30,60,0,0,0,0,55,65,0,70,0,0,65,0,0,0,70,75,0,20,80,20,30,0,0,0,30,0,40,0,75,20,0,0,70,30,65,40,0,65,0,80,65,0,0,0,30,80,40,30,0,0,0,0,85,0,0,0,0,0,0,0,70,0,0,0,0,0,0,25,0,0,0,0,85,0,45,0,20,50,0,0,0,0,0,0,60,20,0,45,0,0,0,0,0,55,85,0,60,45,75,20,0,0,60,70,0,0,0,0,40,45,0,70,0,50,0,0,70,0,40,0,0,0,35,40,0,55,0,0,0,0,0,0,30,40,45,0,45,0,15,0,0,60,0,0,0,0,55,35,0,70,70,65,0,0,30,0,45,35,0,0,85,0,0,65,45,0,0,20,0,0,30,0,0,0,0,30 
0,15,35,25,80,0,0,0,0,0,0,15,0,0,0,0,40,25,0,0,0,50,0,25,0,55,0,85,0,0,50,0,40,0,35,0,0,0,0,80,0,0,0,50,0,0,0,80,75,0,0,60,0,55,40,0,0,20,0,0,50,0,0,35,20,0,0,0,70,60,0,0,55,0,0,0,25,0,75,0,0,0,0,0,25,70,0,20,35,70,40,85,0,0,0,0,80,0,0,40,85,70,0,0,0,0,30,15,60,0,0,0,0,0,0,70,0,0,0,25,70,0,20,80,0,0,65,85,0,20,75,0,15,0,55,0,0,0,65,45,0,0,20,75,65,75,0,45,0,0,0,0,80,0,0,40,35,0,0,45,0,0,40,0,55,85,0,40,0,0,0,0,0,0,0,0,0,0,70,0,35,0,55,0,0,0,0,0,0,0,0,0,0,15,0,0,0,0,0,0 
0,0,0,35,0,75,0,0,0,0,0,35,0,0,0,25,0,0,0,0,0,0,0,0,0,0,0,0,0,0,0,0,0,0,0,0,75,0,0,0,0,40,0,0,45,0,0,0,65,0,40,0,60,0,0,0,45,40,0,0,85,0,0,0,30,0,0,0,0,70,0,0,0,0,0,65,0,0,0,0,75,25,0,85,75,0,0,55,0,0,0,85,30,0,0,0,0,0,0,25,0,0,25,0,70,45,0,0,0,0,40,0,0,50,30,0,0,0,0,60,30,85,65,0,35,35,0,0,60,30,0,0,0,0,0,20,0,0,55,0,0,65,70,0,25,0,0,0,0,0,20,20,50,0,80,0,0,65,0,80,0,20,0,30,0,0,50,40,55,0,0,60,0,0,15,0,0,0,85,0,50,35,0,35,0,0,20,0,0,20,85,0,0,55,70,35,0,0,0,30 
65,0,0,0,0,40,20,0,0,0,55,0,0,0,0,0,25,0,45,55,0,40,35,0,50,0,15,20,25,20,25,45,0,60,0,85,60,25,35,0,75,20,0,0,35,25,85,15,55,45,0,0,0,0,0,45,0,0,0,75,40,0,0,35,40,0,0,0,30,0,75,0,0,0,55,0,0,0,0,0,0,0,20,60,0,0,50,0,30,0,0,20,55,0,0,60,0,30,0,0,0,0,50,0,40,0,35,40,35,0,30,0,0,0,0,30,85,0,0,0,30,0,0,35,70,0,80,20,20,65,0,25,60,15,0,0,30,0,0,0,0,0,0,0,0,0,60,40,0,0,40,0,15,0,40,0,20,35,35,75,0,0,0,0,20,55,20,30,35,0,60,0,55,40,55,30,45,0,0,85,40,0,0,20,25,60,0,0,40,20,0,0,0,0,85,0,0,0,35,0 
0,0,70,0,0,25,0,0,0,80,0,0,0,0,0,0,25,0,0,0,50,0,65,20,0,25,0,20,0,0,25,0,0,50,0,0,0,0,0,75,0,85,0,0,0,30,0,15,0,20,0,0,20,0,0,85,65,0,85,50,60,75,0,25,35,0,0,0,0,0,0,15,0,45,0,50,50,50,0,0,0,20,0,0,15,0,0,0,0,0,0,0,70,0,0,0,55,20,0,85,0,0,0,25,35,75,40,30,0,0,0,50,0,0,20,0,0,0,70,40,0,0,0,0,15,0,0,60,0,50,70,0,20,0,20,0,0,0,0,0,0,0,0,25,25,0,0,45,0,0,0,25,0,75,75,40,75,0,0,60,60,0,0,70,0,0,15,30,0,0,0,55,0,0,0,0,30,50,0,0,0,0,45,70,0,50,0,0,0,75,0,65,0,0,20,70,75,0,50,55 
0,45,0,0,0,60,35,40,0,0,30,25,65,0,0,0,85,0,30,50,15,0,0,0,0,0,0,0,35,0,25,0,35,0,75,0,0,80,0,0,0,25,0,70,0,0,0,0,45,0,0,0,0,0,40,0,0,85,70,0,0,80,20,0,0,20,0,0,65,0,0,0,0,55,0,0,75,15,20,40,0,0,0,0,55,0,40,0,25,35,0,0,0,0,0,50,0,0,0,0,0,0,0,40,0,0,80,60,55,65,0,0,75,40,0,0,0,0,0,0,40,70,80,70,0,0,0,0,50,0,0,35,0,20,0,0,50,35,80,0,85,70,0,60,0,0,85,65,0,0,0,0,0,0,0,0,0,60,0,70,0,0,0,0,0,0,25,0,70,0,0,40,0,0,60,0,0,55,65,45,15,0,70,0,40,0,65,15,0,50,30,0,35,0,65,0,25,0,25,30 
0,0,0,45,0,25,0,75,0,0,20,70,0,30,0,0,55,30,0,55,0,55,30,35,15,20,0,0,85,0,65,60,65,0,0,0,80,0,70,50,45,0,0,0,0,25,0,0,0,0,85,55,0,80,0,0,0,55,0,0,15,70,0,40,0,0,0,60,0,0,0,0,0,0,65,0,0,65,0,40,0,0,15,0,0,45,0,0,0,25,0,0,65,0,55,15,70,60,60,0,0,25,0,0,75,0,0,0,0,0,80,65,0,0,0,35,85,30,75,40,0,0,0,0,70,0,0,0,0,0,0,0,0,0,0,0,0,0,85,0,30,0,0,0,70,0,0,0,15,20,75,20,0,70,0,0,80,30,0,20,0,0,0,0,0,0,0,0,70,0,15,55,0,60,0,20,50,0,70,0,55,0,0,0,0,65,85,65,0,30,80,55,55,35,0,0,15,0,0,0 
0,0,0,25,0,0,0,0,0,0,0,25,0,0,0,20,75,0,0,0,15,25,20,0,60,15,0,55,45,0,0,0,0,75,0,0,0,35,0,0,0,50,55,0,0,0,0,60,30,75,0,0,0,25,0,0,0,15,0,85,0,0,0,0,0,45,75,0,40,60,0,85,0,0,0,0,30,45,0,0,0,35,0,0,0,0,0,45,0,0,0,0,25,0,50,85,0,70,0,45,85,45,0,20,85,15,30,0,40,0,35,75,0,0,20,0,0,80,85,0,0,0,75,20,65,70,70,0,0,0,0,85,0,0,15,0,15,0,0,0,85,0,35,40,0,20,30,0,80,80,55,25,0,0,0,65,0,0,0,0,80,0,0,0,0,15,55,70,65,0,0,30,0,0,20,0,15,30,0,0,0,0,20,0,35,0,50,15,0,0,75,85,60,65,50,30,0,0,0,85 
0,0,0,0,0,0,0,60,0,40,30,0,0,0,75,0,0,0,0,20,0,0,60,85,0,30,80,20,70,70,0,0,0,0,75,0,0,75,0,0,0,70,0,65,0,0,50,0,40,0,0,0,0,0,0,0,0,0,35,30,0,65,0,0,0,60,40,0,0,45,0,55,65,60,0,0,0,0,80,0,45,0,0,0,0,0,15,30,0,0,0,35,50,40,0,50,35,50,15,50,0,0,0,0,0,0,0,55,20,0,0,0,0,60,0,0,80,35,0,70,0,40,0,75,35,85,0,35,15,40,0,0,0,0,0,0,0,40,60,70,20,40,0,0,0,0,0,0,0,0,80,0,15,0,35,80,45,15,0,40,25,0,15,0,65,0,45,40,0,0,0,45,30,0,50,15,0,0,0,50,0,0,0,50,0,0,0,0,0,60,80,0,50,50,0,75,65,85,0,0 
0,0,0,0,0,75,0,0,0,30,0,0,85,20,0,0,0,0,85,0,0,0,0,0,85,0,0,0,70,0,20,0,50,0,0,0,25,0,80,15,0,0,65,35,35,55,0,0,0,0,0,60,0,0,80,15,0,0,0,0,15,0,25,0,25,50,55,0,0,25,0,25,50,75,55,0,15,0,0,35,45,0,55,0,0,0,0,0,0,0,0,0,0,0,0,0,0,50,0,25,0,75,50,70,65,0,0,15,15,0,65,30,35,45,0,0,55,35,0,70,75,30,0,0,80,0,0,75,30,0,25,0,0,0,0,60,0,0,0,0,55,0,60,0,0,35,0,0,20,0,40,0,75,0,0,25,0,0,0,85,0,0,0,0,40,55,50,0,0,0,0,0,50,55,0,30,0,0,40,0,0,70,0,15,0,45,30,55,45,65,0,60,0,0,0,80,25,0,0,0 
0,50,35,20,0,75,30,35,65,50,0,0,0,0,0,0,0,80,75,0,0,0,70,0,0,0,80,0,0,85,0,0,20,15,60,20,0,55,45,55,0,55,25,45,0,0,0,40,55,0,60,0,75,0,0,0,45,65,70,0,85,0,0,20,0,80,0,85,55,0,0,0,0,0,0,75,0,20,20,0,0,0,0,65,15,0,0,0,0,0,0,0,0,0,50,0,80,45,60,0,0,0,25,75,0,50,70,50,85,40,0,0,0,0,0,0,0,65,25,0,0,0,30,0,0,0,0,20,75,0,65,40,0,65,0,0,0,0,0,35,0,75,0,60,0,70,0,0,75,50,80,0,20,30,0,0,0,45,15,0,0,0,0,0,0,0,0,0,30,70,85,0,0,65,70,0,0,40,0,75,35,0,0,0,55,0,0,0,45,25,0,30,0,0,0,0,0,0,0,0 
0,75,45,0,50,0,0,30,40,75,0,0,15,0,40,0,0,40,0,0,0,0,75,20,45,0,0,65,45,0,0,25,50,0,0,0,85,0,20,0,65,35,0,80,50,0,0,40,0,0,0,0,0,65,0,80,15,0,0,35,0,0,50,0,0,0,0,0,70,55,0,0,0,55,0,80,0,80,85,40,35,0,0,0,75,65,50,0,80,0,15,0,0,0,0,0,70,0,0,0,0,0,40,0,0,50,25,25,0,70,0,45,0,35,0,0,25,0,15,55,0,0,55,0,0,55,0,0,0,0,0,45,70,0,0,65,0,0,0,0,0,0,25,0,0,0,60,0,0,0,0,0,70,0,0,45,85,30,0,0,0,30,0,0,85,85,15,0,0,0,0,85,0,45,0,0,50,0,75,0,0,55,0,0,0,25,85,20,55,45,15,35,0,0,0,0,0,25,60,0 
0,0,0,0,0,0,0,0,45,0,0,0,70,0,0,70,0,0,30,65,0,0,15,60,0,35,0,0,0,0,0,0,70,0,0,50,0,60,55,35,30,0,35,70,0,70,0,30,80,50,0,0,75,50,35,0,65,55,0,0,35,0,0,20,0,0,75,0,0,20,35,20,0,0,0,25,0,25,0,45,0,0,0,45,0,0,0,0,0,0,30,65,0,0,85,0,0,0,40,85,75,15,0,0,0,0,0,0,0,55,0,0,0,0,60,35,0,50,0,0,0,0,0,0,0,0,45,0,0,15,15,0,0,0,0,20,0,45,35,0,70,0,85,15,60,65,0,0,0,80,0,0,0,20,0,0,0,45,70,15,65,60,0,0,0,0,0,0,45,35,50,40,0,15,55,0,0,0,35,0,0,0,0,0,0,0,0,70,75,40,15,0,0,15,0,0,35,0,55,0 
0,20,0,40,0,0,0,0,75,0,0,0,45,40,55,45,0,0,0,0,0,55,0,55,0,80,70,0,0,30,0,20,0,0,20,0,0,50,0,15,20,0,80,0,30,20,0,0,20,0,80,70,0,20,0,35,0,0,65,0,85,60,70,0,0,20,40,0,0,0,60,0,0,40,15,0,0,0,0,80,0,0,65,75,75,0,45,85,45,55,0,35,0,0,0,70,0,0,45,0,45,55,20,0,0,0,0,55,0,30,25,20,0,85,0,0,60,0,0,0,0,0,0,0,50,0,50,0,45,0,0,0,0,0,0,0,45,30,0,0,0,50,0,0,0,0,0,0,0,0,0,0,0,25,20,65,20,65,45,0,0,0,25,0,0,60,0,0,35,0,35,0,0,0,0,0,0,70,0,55,0,0,55,55,0,55,70,0,0,80,0,55,55,0,0,15,0,0,20,0 
0,0,0,55,20,75,0,45,0,0,0,0,80,55,0,0,0,0,60,0,50,0,0,45,0,45,15,30,0,0,0,0,75,0,50,0,0,0,0,0,0,0,0,0,15,80,0,0,25,0,0,0,0,0,35,0,55,0,0,20,0,80,60,0,0,60,45,0,0,20,55,85,80,60,80,30,0,45,20,25,0,80,0,0,0,70,85,0,0,0,0,0,0,0,30,0,0,0,75,0,0,0,0,0,0,0,35,30,85,0,0,0,0,0,0,0,50,15,0,0,0,0,0,0,0,0,0,0,0,85,0,0,0,0,0,0,0,0,70,0,35,15,30,80,0,0,45,25,55,0,75,0,60,15,70,30,0,50,75,45,0,65,50,15,0,15,0,0,0,55,0,0,45,70,0,20,0,0,0,0,0,55,0,70,0,40,0,0,0,0,0,0,0,0,85,35,75,0,65,0 
50,0,0,0,0,0,0,0,0,85,0,0,0,20,50,0,20,0,0,0,45,0,70,80,25,25,35,0,0,30,25,0,15,0,0,0,0,0,0,75,0,40,0,15,0,75,0,0,0,0,0,0,30,0,65,85,0,70,20,0,80,0,50,75,75,0,75,0,0,0,0,0,0,0,50,0,15,80,70,80,15,0,40,0,0,65,50,0,0,45,0,55,75,0,35,70,0,0,0,0,40,65,60,0,0,0,0,20,35,0,25,20,0,0,0,50,65,0,0,55,0,0,0,55,0,35,30,55,0,80,25,0,0,0,0,25,50,25,65,0,0,0,15,0,0,40,0,0,50,30,0,0,70,55,15,40,0,75,0,0,0,0,0,25,55,70,0,0,0,0,35,20,70,0,0,0,50,15,0,0,0,55,70,0,30,0,75,60,60,85,60,0,0,75,0,0,0,50,80,50 
40,0,0,80,0,15,0,0,0,0,0,0,0,70,0,0,60,0,0,0,0,25,50,35,40,40,75,85,30,0,0,0,55,0,0,0,0,0,0,0,40,25,45,0,45,0,0,0,0,45,0,0,35,0,0,0,40,0,0,0,0,0,0,0,0,0,0,50,0,0,0,0,60,0,35,65,0,65,0,0,0,0,60,0,80,80,0,0,0,30,0,85,0,75,20,0,0,0,30,0,75,15,0,0,0,0,0,70,0,85,0,0,0,40,0,55,0,0,0,0,0,0,0,50,45,0,35,20,0,0,45,0,35,30,45,0,20,0,0,0,0,0,0,70,0,25,0,0,35,0,0,15,80,0,0,15,45,25,0,0,35,0,25,0,0,40,0,0,85,0,0,25,0,40,0,35,0,0,55,0,0,0,0,30,0,65,60,0,0,0,70,15,0,0,0,20,0,0,25,85 
0,15,85,0,45,0,55,0,0,0,25,55,75,80,0,0,0,25,20,0,0,55,0,0,0,70,0,0,0,65,0,65,0,65,65,50,50,0,0,0,80,45,0,0,0,15,0,50,0,0,0,0,0,0,55,45,0,0,80,70,0,0,0,0,35,0,0,0,0,40,0,0,0,15,35,0,0,15,0,0,30,0,30,0,0,45,0,0,0,60,0,0,0,0,30,0,0,0,0,60,65,50,0,0,0,0,0,0,15,70,0,0,0,0,20,0,35,40,25,0,0,60,55,0,0,45,0,0,0,0,0,25,0,0,40,0,0,0,0,0,0,0,30,70,0,0,0,0,0,40,0,70,0,0,0,0,65,0,0,0,25,45,0,0,0,80,45,0,0,0,0,60,50,0,65,0,0,45,0,25,0,55,40,0,65,0,0,0,80,65,0,0,45,0,0,0,0,40,60,0 
80,0,0,35,0,20,0,0,0,0,0,0,45,20,0,20,0,0,0,0,30,0,65,20,35,0,0,20,0,0,0,0,70,0,0,80,65,0,0,0,50,50,65,60,0,0,0,0,0,0,30,0,40,70,0,65,35,0,0,0,0,60,30,0,0,0,0,0,35,0,30,85,20,0,0,0,25,0,0,0,60,0,0,0,55,0,45,0,25,75,65,0,35,0,30,0,80,0,0,0,70,0,25,0,25,0,0,0,0,0,85,65,0,65,60,0,80,0,0,0,0,0,0,0,0,0,0,40,85,0,75,0,15,60,0,0,70,0,45,0,0,0,0,0,0,25,65,15,40,0,0,0,0,0,0,0,0,0,0,75,80,40,0,70,40,85,0,0,0,0,20,0,0,65,85,50,0,30,0,85,0,70,0,75,60,0,0,55,20,0,60,0,0,0,0,85,30,35,45,0 
0,0,0,0,25,45,0,20,45,0,0,0,0,0,0,0,25,0,0,0,35,0,0,15,0,40,0,0,0,0,0,0,45,65,0,20,0,0,85,0,45,65,0,25,45,0,0,40,0,0,45,0,0,25,0,25,55,50,35,0,15,0,0,0,55,0,30,0,0,0,0,0,55,0,0,0,75,0,0,0,0,0,85,0,0,55,50,30,0,0,0,65,0,0,0,0,45,0,0,0,0,0,45,45,0,0,0,0,0,70,0,0,0,0,45,0,45,70,0,0,0,75,0,70,85,0,85,0,0,0,0,0,60,0,30,45,0,85,0,0,0,0,0,20,0,80,35,45,0,45,20,0,15,0,85,0,0,80,50,0,80,0,0,0,30,0,0,0,65,0,0,0,0,15,65,15,0,55,0,20,70,0,0,60,0,0,55,0,20,85,25,0,0,0,0,50,0,70,60,0 
0,70,15,0,0,0,40,0,0,0,0,0,0,0,0,0,0,0,0,0,40,0,0,0,65,0,0,0,0,55,15,75,0,25,0,70,0,0,45,0,0,0,45,0,0,0,55,0,75,75,0,0,0,0,55,0,0,0,0,0,0,0,0,65,0,0,25,0,0,50,65,0,0,0,0,0,15,20,0,15,0,0,0,65,0,0,60,0,70,0,85,20,85,0,25,85,40,0,65,15,65,0,30,0,0,35,40,35,0,30,0,0,50,75,0,50,30,40,85,40,0,0,0,20,0,85,0,0,0,0,70,0,0,0,0,0,85,0,0,0,35,0,0,80,30,0,60,0,0,80,0,60,0,0,0,85,0,60,0,25,0,30,0,0,0,0,0,60,45,0,0,40,0,0,0,0,0,45,45,55,75,0,0,60,0,80,20,20,0,30,60,50,0,80,0,0,60,85,70,0 
15,25,35,45,0,0,65,0,0,0,0,45,0,45,55,0,0,0,20,0,30,40,0,0,0,0,35,0,25,0,0,45,80,0,0,0,0,0,45,65,50,0,0,0,0,85,55,0,0,30,50,35,0,30,0,80,30,0,0,0,40,0,0,0,0,55,0,0,60,0,0,85,0,0,20,65,0,0,0,0,0,30,0,0,75,0,0,0,0,0,25,65,75,20,35,0,35,80,0,0,0,40,50,0,0,0,50,65,0,55,0,15,0,0,0,15,0,40,20,0,65,25,85,0,75,0,35,0,55,50,40,65,30,85,0,0,25,0,0,0,0,45,0,0,45,0,0,0,70,0,55,0,65,45,45,0,0,85,55,15,0,55,0,0,45,25,0,0,0,0,20,20,75,50,30,0,60,65,25,45,40,80,0,85,0,65,0,85,30,0,0,0,0,45,0,0,0,70,40,0 
0,0,0,0,0,0,35,50,0,0,0,0,0,20,0,20,0,0,0,30,0,0,25,70,0,20,20,0,85,45,0,0,0,25,40,60,0,25,0,0,0,80,50,0,0,75,0,80,45,0,0,0,55,0,45,35,50,0,0,0,65,25,70,0,0,0,25,35,0,20,0,0,0,65,55,0,0,60,50,0,0,45,0,0,55,55,0,30,0,0,0,0,0,20,15,0,25,0,50,15,0,0,75,0,55,0,0,0,0,25,40,0,0,0,0,0,0,0,0,75,0,0,0,80,0,15,65,40,0,0,60,60,0,0,0,0,0,0,0,0,0,25,0,15,0,0,0,0,0,0,0,0,0,0,0,0,0,0,0,0,0,0,0,0,0,0,55,80,0,0,85,0,0,30,80,75,80,0,0,15,15,0,0,60,70,0,60,25,60,0,0,0,20,40,30,0,50,0,75,0 
0,55,60,60,0,35,0,0,0,50,0,80,25,0,0,35,0,0,0,25,0,45,50,0,0,0,0,0,0,0,30,0,0,85,0,0,0,0,0,0,0,0,60,40,30,25,0,0,0,0,30,55,0,25,0,0,65,25,0,0,0,0,0,25,80,0,35,0,0,0,35,15,0,75,0,0,0,30,0,0,50,35,55,60,0,0,0,55,0,0,25,0,25,30,0,60,60,0,20,20,75,0,0,75,0,80,45,45,0,70,0,0,0,0,30,0,0,0,55,0,0,0,0,0,0,70,35,0,70,70,0,0,0,0,15,0,60,50,70,0,0,65,0,0,0,0,30,50,25,70,0,0,65,0,0,65,0,65,0,25,0,0,0,0,0,0,0,55,20,0,0,0,65,0,55,85,0,60,30,35,0,55,0,0,15,0,0,0,50,0,0,0,0,0,0,0,80,0,0,45 
35,0,0,25,0,20,0,30,30,75,0,60,0,85,0,85,0,30,0,80,0,0,0,75,0,20,0,0,50,0,0,0,60,0,0,65,55,65,0,0,0,70,0,0,0,0,55,20,60,50,0,0,50,0,0,0,0,0,85,50,0,0,0,60,0,15,30,0,65,0,25,65,75,0,0,0,0,30,0,0,0,0,0,0,65,0,35,0,0,0,45,0,0,0,0,70,70,30,0,0,65,80,0,0,0,0,0,45,0,85,0,60,0,0,65,0,0,0,0,65,35,0,15,30,0,80,85,0,0,80,85,20,0,0,40,0,30,0,0,0,50,40,0,35,0,0,0,40,0,0,15,0,60,0,0,0,0,0,0,0,0,0,50,0,40,0,20,0,0,0,0,0,0,35,55,60,50,0,0,0,0,55,0,0,0,45,0,0,0,0,20,0,0,0,0,0,0,35,15,0 
0,65,20,20,0,85,0,0,30,0,45,0,0,0,0,0,0,0,0,0,0,85,85,0,0,50,0,0,0,40,0,0,0,0,0,65,0,0,0,30,0,60,0,85,0,0,0,60,35,0,0,35,0,0,0,0,40,0,15,0,40,0,0,0,0,55,60,0,55,75,0,0,0,55,0,0,30,0,0,75,0,0,80,20,0,75,0,15,0,0,0,0,0,0,55,0,0,45,55,0,0,0,65,35,0,30,0,0,0,0,0,0,35,0,0,50,0,15,0,0,0,0,55,0,40,55,0,0,0,45,80,25,0,55,0,75,35,0,0,0,80,0,50,0,60,0,30,55,60,0,0,0,35,0,20,0,60,0,0,0,60,0,0,65,80,0,0,25,0,15,55,0,0,0,35,65,50,0,0,0,15,0,0,75,0,0,0,0,80,45,40,0,0,0,30,0,0,0,0,0 
0,0,85,0,0,0,0,0,0,0,40,0,0,0,0,0,20,0,0,15,0,0,0,0,0,65,0,0,0,0,15,0,15,0,0,0,0,35,80,0,55,0,0,35,0,0,0,0,0,0,0,0,30,0,0,0,0,0,0,0,80,0,0,0,0,55,0,0,50,0,0,35,20,0,0,60,0,0,40,0,0,0,0,55,70,0,0,0,0,0,15,65,45,0,75,0,0,30,0,80,0,0,0,20,0,40,0,70,0,60,0,75,45,0,0,0,0,0,0,15,70,0,0,40,0,0,0,55,0,75,0,0,85,0,45,20,0,30,0,0,50,50,0,0,15,0,0,0,50,75,0,60,0,0,0,0,55,60,0,60,85,0,0,0,0,55,0,0,30,0,70,85,20,65,0,50,0,0,0,0,0,0,85,0,0,0,0,0,0,0,30,0,0,30,0,20,0,0,0,0 
0,45,40,0,0,85,40,0,80,0,0,0,25,0,0,55,0,0,60,0,80,0,0,0,55,0,30,30,0,0,55,75,0,0,25,70,0,25,40,30,0,85,0,0,0,65,0,0,0,0,25,0,0,0,0,35,65,0,0,45,0,25,0,85,0,0,25,0,0,0,0,80,0,0,0,0,65,0,0,0,0,0,0,65,0,0,0,0,0,0,85,0,0,70,20,0,0,0,15,0,70,55,0,25,85,85,0,0,0,20,0,0,80,0,0,55,0,0,0,45,0,0,0,35,0,0,85,0,30,80,0,0,0,0,0,0,75,0,0,0,0,0,45,80,0,0,25,0,40,40,0,30,0,0,0,35,85,0,75,45,0,0,0,85,35,0,0,0,0,0,35,0,70,0,0,30,75,80,0,0,0,15,35,0,20,0,85,50,0,0,0,0,0,0,20,0,0,60,0,0 
0,45,55,70,75,80,35,0,0,0,0,80,0,0,0,85,0,0,0,85,0,0,0,65,0,0,0,0,0,0,30,65,0,0,0,0,0,85,55,0,0,55,75,35,0,0,0,75,0,35,35,15,15,0,0,20,0,0,65,0,65,0,0,0,0,75,20,0,0,0,60,55,45,0,0,85,0,0,0,0,30,0,70,0,65,85,0,0,0,0,0,0,15,55,0,0,0,0,55,70,45,0,80,0,0,45,0,50,50,0,0,0,0,0,65,0,50,35,0,25,0,15,0,40,0,0,0,50,55,0,50,0,0,0,40,60,0,0,0,0,0,25,60,0,85,0,85,80,0,0,0,15,0,0,0,60,0,25,15,0,30,35,0,85,35,0,0,55,0,0,0,0,75,25,15,0,65,25,0,0,35,0,75,0,0,0,30,0,60,0,50,80,0,0,0,0,0,0,0,0 
0,0,0,0,0,0,0,0,0,0,0,0,0,75,0,0,0,70,0,85,0,45,45,0,0,65,0,0,0,0,0,0,0,75,0,30,0,65,0,0,0,75,85,0,0,0,0,0,0,0,15,50,0,0,80,0,0,0,0,15,50,0,0,65,0,0,40,35,0,0,60,40,0,0,50,0,0,30,50,0,0,30,65,70,0,0,0,0,25,0,0,0,0,0,65,0,65,0,0,0,0,0,0,20,0,55,0,0,15,25,40,0,0,0,15,0,0,0,0,80,0,35,0,0,55,70,0,0,0,20,0,0,30,25,0,0,0,0,85,0,40,0,0,25,0,0,0,0,0,40,0,0,35,0,45,15,40,0,65,70,0,0,0,30,20,0,0,0,0,0,0,0,0,0,0,0,85,0,0,25,0,0,0,50,0,40,35,70,85,70,0,0,35,0,0,60,0,0,35,85 
0,0,40,0,0,0,0,15,0,0,15,60,0,0,0,80,50,55,0,0,70,0,65,0,25,55,55,55,45,85,0,0,0,0,0,0,0,50,0,0,0,0,40,0,80,0,20,0,0,0,15,0,0,20,15,25,40,0,0,0,55,0,35,0,0,0,40,0,0,0,80,0,0,0,0,0,0,0,0,0,50,55,0,0,0,0,0,0,0,0,0,0,20,20,0,80,0,20,85,0,70,0,0,55,0,15,0,0,0,35,0,55,35,60,0,0,40,0,0,25,0,0,0,0,0,0,0,20,0,45,85,20,0,20,0,0,0,60,60,0,80,35,0,0,15,40,0,0,55,0,50,0,0,35,80,0,0,65,0,0,0,0,25,45,0,0,0,0,0,0,0,35,50,25,0,0,0,0,0,60,55,20,65,80,25,60,45,60,70,40,75,0,15,0,0,0,0,35,0,0 
0,30,0,0,0,0,65,20,0,0,15,60,0,70,0,50,0,0,65,55,35,15,0,0,80,0,65,0,30,0,0,35,0,70,0,50,20,0,0,0,35,0,0,0,20,0,0,75,80,35,0,0,0,0,35,30,0,60,50,60,40,0,0,0,0,35,80,40,80,0,55,0,55,0,55,70,35,0,0,0,40,0,55,65,0,0,0,0,0,0,45,15,35,80,0,0,0,0,0,65,0,0,15,0,55,0,0,0,0,0,0,80,15,55,0,55,0,0,0,45,40,0,60,0,0,0,40,30,0,0,0,0,0,70,0,0,0,55,15,65,0,20,25,0,70,80,0,0,0,0,0,0,0,0,80,0,75,0,0,55,0,0,70,65,0,85,0,0,30,0,30,0,55,30,0,85,0,0,0,0,0,0,0,50,85,0,0,0,0,0,0,45,0,0,0,0,0,85,0,0

